Pedestrian -1 -1 3.1961 49.6310 171.8188 79.9175 238.2819 1.7419 0.7180 0.6079 -14.6185 1.3919 19.3034 2.5545 0.2196
Cyclist -1 -1 -1.5971 523.9206 161.6316 563.3420 199.5411 1.8124 1.8836 0.6434 -3.1424 0.6860 34.7927 -1.6868 0.3226
Cyclist -1 -1 0.3526 362.4476 173.1964 395.1158 221.5961 1.6521 1.7072 0.5422 -8.1122 1.2429 25.3985 0.0462 0.2589
Cyclist -1 -1 0.4114 334.5280 166.6238 381.2041 228.0305 1.7478 1.8966 0.6031 -7.4629 1.2198 21.4267 0.0799 0.2415
Cyclist -1 -1 -0.1479 394.0154 169.8537 434.7028 226.8233 1.6547 1.8546 0.9341 -5.9577 1.2096 21.9122 -0.4105 0.2279
Car -1 -1 3.0778 443.1425 168.9809 479.0443 198.9495 1.5173 3.4635 1.6518 -7.8769 0.6965 38.2797 2.8760 0.5054
Car -1 -1 -0.2594 512.8204 168.6418 564.5153 202.5986 1.6256 3.7435 1.6987 -3.5883 0.8333 36.4608 -0.3571 0.4042
Car -1 -1 1.5643 275.7517 178.6991 347.9676 204.8263 1.5204 3.9580 1.8734 -17.8814 1.1423 43.4548 1.1758 0.3674
Car -1 -1 1.8493 374.2039 175.0387 443.2937 201.6423 1.5007 3.5079 1.6845 -11.4517 0.9277 41.4058 1.5809 0.3544
Car -1 -1 -1.4104 242.3375 180.2462 323.9843 210.0462 1.4878 3.5963 1.9176 -16.7852 1.2408 37.2758 -1.8311 0.3333
Car -1 -1 1.5050 466.8130 180.0667 515.6960 202.1320 1.4837 3.2143 1.8202 -8.0748 1.1386 49.5800 1.3440 0.2652
Car -1 -1 -0.2558 415.3619 174.0502 451.6776 196.2089 1.5433 3.4972 1.7232 -12.6550 0.7668 52.0104 -0.4936 0.2392
Car -1 -1 1.4892 316.8488 175.6205 375.8357 198.1474 1.5487 3.7949 1.9608 -18.6075 0.8902 51.0983 1.1413 0.2262
Car -1 -1 1.4024 469.4437 179.7801 530.0898 204.9716 1.4626 3.3441 1.7801 -6.5151 1.1481 43.1004 1.2529 0.2262
Car -1 -1 1.6204 474.3532 176.7708 518.9429 195.5735 1.4755 3.4416 1.6791 -8.8587 0.8139 57.4176 1.4677 0.2262
Car -1 -1 3.6239 0.0000 192.9660 310.5472 376.0000 1.4986 3.8286 1.6821 -3.6063 1.5761 5.0807 3.0311 0.2199
