Pedestrian -1 -1 -0.4843 798.6953 151.3343 832.7464 212.9053 1.8557 0.8445 0.6925 6.2847 1.2075 22.2302 -0.2127 0.4144
Pedestrian -1 -1 2.4282 789.4813 164.3261 808.4548 200.3123 1.7717 0.6916 0.6107 9.3801 1.3522 35.9666 2.6810 0.3920
Pedestrian -1 -1 -1.8546 609.9897 169.5934 623.5953 193.1455 1.8626 0.9576 0.5855 0.5149 1.6051 57.4719 -1.8461 0.2757
Cyclist -1 -1 3.3030 20.4848 186.3328 39.0219 213.8404 1.7533 1.8601 0.6661 -38.5522 2.6669 47.9145 2.6280 0.2945
Cyclist -1 -1 2.7168 786.0200 165.0214 810.5723 201.6767 1.7925 1.7288 0.5188 9.3903 1.4098 36.1773 2.9683 0.2750
Car -1 -1 -0.8010 0.0000 188.6255 310.6389 338.6309 1.5555 2.1281 3.5657 -6.2009 1.8147 9.8665 -1.3504 0.6535
Car -1 -1 -1.1782 352.4862 184.5145 561.2181 314.1116 1.5156 1.6927 3.7734 -2.1074 1.7235 10.8176 -1.3673 0.6288
Car -1 -1 0.0699 484.3976 181.7756 515.0607 208.0045 1.5035 3.3964 1.6289 -6.7682 2.0736 44.3135 -0.0812 0.4604
Car -1 -1 -1.4203 669.4081 173.9635 703.8835 198.6371 1.5172 1.7177 3.4096 4.9317 1.5917 46.3983 -1.3155 0.4387
Car -1 -1 1.5997 703.2721 172.0571 740.2369 203.3121 1.5078 1.7646 3.4536 5.6810 1.4697 36.6638 1.7517 0.4321
Car -1 -1 -2.9634 540.4557 178.9577 566.5513 197.0898 1.5234 3.6451 1.6825 -4.9848 2.0795 63.7929 -3.0414 0.3396
Car -1 -1 0.4553 315.9145 189.2420 401.1756 232.7120 1.4454 3.5856 1.6248 -9.4540 2.1082 27.2855 0.1243 0.3036
