Pedestrian -1 -1 -2.6133 784.6237 170.1621 799.0070 194.3983 1.8273 1.1298 0.5736 13.8363 1.6247 55.0031 -2.3685 0.3672
Pedestrian -1 -1 3.3739 162.6769 161.2937 183.2250 205.8206 1.8818 0.6242 0.6245 -18.7433 1.3936 30.8827 2.8321 0.2807
Pedestrian -1 -1 2.5008 971.7789 148.1548 1000.0805 201.8442 1.8697 0.6453 0.6236 13.2346 1.0099 25.4940 2.9747 0.2719
Pedestrian -1 -1 -3.2821 772.3360 160.7878 791.5938 205.4278 1.8675 0.8111 0.6847 7.2507 1.3631 30.6172 -3.0522 0.2563
Pedestrian -1 -1 -0.2922 762.0267 156.5681 784.3065 205.4677 1.8319 0.8067 0.6176 6.1598 1.2221 27.4526 -0.0742 0.2417
Pedestrian -1 -1 3.3579 293.2380 147.3365 319.3579 215.4517 1.8634 0.7766 0.5170 -8.5284 1.1657 20.1647 2.9622 0.2060
Pedestrian -1 -1 -0.1951 843.5810 158.4683 871.5631 216.7638 1.8138 0.8335 0.6867 7.8051 1.3665 22.9043 0.1289 0.1989
Pedestrian -1 -1 2.6936 884.6683 171.8981 930.2178 247.9966 1.7224 0.8073 0.6919 6.8464 1.7011 16.7546 3.0746 0.1948
Pedestrian -1 -1 0.1823 280.7536 175.8088 304.2672 225.0905 1.7648 0.7533 0.6590 -11.6240 1.8748 26.3312 -0.2300 0.1939
Cyclist -1 -1 0.3607 0.0000 170.0349 68.7139 280.6845 1.7980 1.9758 0.6320 -10.3993 1.7525 12.7588 -0.3131 0.4200
Cyclist -1 -1 0.3533 36.6458 185.8736 97.7172 260.3713 1.6926 1.8252 0.5923 -13.3149 2.0294 17.6847 -0.2850 0.3109
Cyclist -1 -1 -0.4735 659.2770 182.3976 675.9149 203.4058 1.7483 1.7961 0.6748 4.9089 2.5797 61.8718 -0.3953 0.2659
Cyclist -1 -1 -0.6371 816.6309 191.1602 890.1970 273.7813 1.6753 1.7340 0.6191 5.2967 2.1039 15.9558 -0.3233 0.2487
Cyclist -1 -1 -3.3795 938.8380 158.8308 999.3560 238.2789 1.7297 1.8086 0.8302 8.2112 1.4248 16.6777 -2.9295 0.2459
Cyclist -1 -1 2.0282 15.2058 181.7139 138.6266 264.4146 1.7519 2.0389 0.8469 -11.8225 1.9560 15.9999 1.3995 0.2457
Cyclist -1 -1 2.5731 1057.7996 173.0231 1089.0776 202.7645 1.7192 1.8582 0.6513 27.3390 1.7298 42.6458 3.1396 0.2400
Cyclist -1 -1 -0.4773 858.7623 186.3136 894.1738 234.0214 1.7298 1.5521 0.6102 10.0677 2.2568 27.4237 -0.1298 0.2365
Cyclist -1 -1 2.4933 779.6824 173.4099 798.9775 195.6957 1.6743 1.6523 0.5391 13.6641 1.7178 55.1153 2.7346 0.2358
Cyclist -1 -1 -0.3093 679.5991 186.3260 698.7881 218.7772 1.7321 1.4747 0.6334 4.3406 2.4930 39.9476 -0.2026 0.2285
Cyclist -1 -1 1.2366 902.3448 207.2310 1064.9330 349.3571 1.7322 1.7701 0.6552 4.7831 2.2027 9.4323 1.6917 0.2180
Cyclist -1 -1 -0.7171 993.5754 184.5201 1092.1807 279.2310 1.6636 1.7303 0.6181 8.1771 1.9018 13.8029 -0.1925 0.2141
Cyclist -1 -1 -0.6174 1029.2607 170.1323 1099.3293 243.1557 1.7361 1.7879 0.5341 11.2825 1.6718 18.0617 -0.0670 0.2117
Cyclist -1 -1 0.2694 344.3344 188.4793 370.7561 232.1057 1.7151 1.5387 0.6398 -10.4258 2.3762 29.7173 -0.0657 0.2099
Cyclist -1 -1 -0.0611 423.0102 186.7941 439.3026 224.7973 1.7708 1.7371 0.6664 -8.7788 2.4697 35.2270 -0.3041 0.2098
Cyclist -1 -1 1.9738 157.6803 178.1055 243.2506 239.5109 1.7342 1.9981 0.8355 -11.9303 1.8912 20.9885 1.4620 0.2021
Cyclist -1 -1 2.7305 836.1163 156.3069 877.0652 213.8606 1.7654 1.7805 0.5621 7.8054 1.2582 23.0416 3.0529 0.1999
Cyclist -1 -1 3.0662 498.4254 180.4986 508.1304 202.6767 1.7680 1.9167 0.6439 -8.7883 2.4064 59.2150 2.9191 0.1967
Car -1 -1 -0.2318 534.2094 181.4678 570.9371 205.7671 1.5352 3.6486 1.6867 -3.9670 2.1443 48.9921 -0.3126 0.4584
Car -1 -1 -1.7802 661.5287 178.3509 708.6849 197.2756 1.5956 3.7901 1.6958 6.4620 2.0800 62.4855 -1.6780 0.3200
Car -1 -1 -2.5143 43.0794 177.9313 214.1839 243.6720 1.5600 4.3327 1.6125 -12.9173 1.7142 19.6647 -3.0895 0.2750
Car -1 -1 -0.5401 1048.6232 173.4436 1145.3708 212.0195 1.5669 3.9481 1.6717 21.0038 1.5946 31.3765 0.0451 0.2485
Car -1 -1 0.0234 308.9072 180.6728 341.5442 208.7988 1.4725 3.7599 1.6304 -16.1537 1.9389 40.9552 -0.3504 0.2014
