Pedestrian -1 -1 3.1813 353.7531 159.5813 387.0423 238.5780 1.8651 0.8556 0.7338 -5.8643 1.5521 17.5445 2.8628 0.5258
Pedestrian -1 -1 -2.0410 500.1739 177.3779 511.2020 196.5588 1.7561 0.8190 0.6180 -9.6731 2.1781 66.7742 -2.1847 0.2629
Pedestrian -1 -1 -0.7066 1133.1438 100.4386 1242.0000 345.3237 1.8107 0.7789 0.5979 4.6928 1.2756 5.7352 -0.0460 0.1912
Pedestrian -1 -1 1.3835 822.6766 139.2731 889.2664 260.0083 1.8159 0.8722 0.6242 3.7540 1.3112 11.2143 1.6980 0.1569
Cyclist -1 -1 -0.2331 498.8595 178.5558 509.8996 197.5990 1.7231 1.7274 0.6275 -9.7964 2.2583 66.7547 -0.3786 0.2993
Cyclist -1 -1 0.3996 85.6396 177.1618 107.3457 200.8695 1.7202 1.9162 0.6178 -38.2439 2.0473 53.7175 -0.2169 0.2828
Cyclist -1 -1 -0.5876 615.3484 172.2607 636.7705 197.0701 1.8367 1.9689 0.6263 1.1747 1.7931 54.4119 -0.5666 0.2632
Cyclist -1 -1 0.1801 325.7623 175.3298 336.9566 195.8241 1.7935 1.8984 0.6007 -24.8708 2.0181 64.3667 -0.1874 0.1877
Cyclist -1 -1 -0.2740 644.2252 174.6958 661.8416 203.0995 1.7238 1.8306 0.6174 2.6338 1.8411 44.8710 -0.2163 0.1861
Cyclist -1 -1 3.1388 429.0446 173.4501 435.9523 192.6072 1.7835 1.8164 0.6258 -16.7954 1.8409 68.1860 2.8979 0.1768
Cyclist -1 -1 -0.8284 140.3368 198.9273 190.5460 246.7381 1.9162 1.7377 0.7402 -18.5345 3.0207 30.0233 -1.3778 0.1564
Car -1 -1 3.5002 133.8255 192.1332 213.3308 231.8584 1.5355 3.5830 1.8356 -19.1009 2.4341 31.6854 2.9612 0.4980
Car -1 -1 3.5549 68.7510 188.9321 148.2833 227.0452 1.4807 3.2310 1.6606 -21.6602 2.2161 31.2416 2.9524 0.3200
Car -1 -1 -1.0268 216.1367 194.5898 279.7812 217.2784 1.5444 3.7636 1.7082 -26.1093 3.1427 52.0379 -1.4901 0.2471
Car -1 -1 3.1371 83.9167 176.5767 112.2917 198.1302 1.5684 3.5683 1.7222 -39.1355 1.8632 55.1278 2.5219 0.2143
Car -1 -1 1.6009 314.7741 175.2101 360.3982 194.2743 1.6390 3.7233 1.7381 -24.0666 1.8524 63.8060 1.2414 0.1869
Car -1 -1 2.5294 192.5026 177.5640 239.0616 196.9253 1.6260 3.7528 1.7260 -34.4359 2.0480 62.9827 2.0306 0.1696
Car -1 -1 0.0554 501.1726 189.2338 524.9697 208.4173 1.4805 3.3567 1.7928 -8.1087 2.8916 60.4013 -0.0779 0.1616
Car -1 -1 0.1530 204.0712 199.8079 259.3288 235.5842 1.4605 3.6316 1.7967 -18.0442 2.8242 34.4858 -0.3262 0.1576
