Pedestrian -1 -1 1.0586 557.8970 193.1642 573.0405 220.1105 1.7419 0.7440 0.7238 -2.9886 3.1052 47.9090 0.9959 0.3822
Pedestrian -1 -1 -2.3381 699.6860 176.2450 723.3497 215.7241 1.6990 0.8010 0.6498 4.4101 1.8504 31.6331 -2.2015 0.3387
Pedestrian -1 -1 1.1704 667.7365 180.9337 679.2740 201.7318 1.7068 0.7455 0.6889 5.2559 2.3840 59.9972 1.2568 0.3148
Pedestrian -1 -1 -0.3831 827.6633 168.3236 926.0115 338.3542 1.6983 0.7732 0.7264 2.7347 1.6534 7.6090 -0.0517 0.3050
Pedestrian -1 -1 1.0588 568.7593 190.0015 582.4248 212.4747 1.7093 0.8030 0.7409 -2.7070 3.0581 56.2085 1.0103 0.2167
Pedestrian -1 -1 -0.6355 709.2299 163.4904 732.4460 211.7913 1.8896 0.6568 0.6477 4.3595 1.5237 28.6668 -0.4866 0.2114
Pedestrian -1 -1 2.4772 55.7827 168.4622 211.3985 375.0000 1.7177 0.8810 0.6804 -3.9790 1.6846 5.9671 1.9089 0.1962
Pedestrian -1 -1 1.5772 687.1653 176.5341 701.8443 208.1887 1.6486 0.7618 0.6086 4.4152 1.8446 38.0044 1.6914 0.1872
Cyclist -1 -1 -0.1039 554.8838 186.7288 566.1642 220.2943 1.7073 1.7639 0.4142 -2.6729 2.4626 38.3512 -0.1737 0.2928
Cyclist -1 -1 0.2508 417.7245 168.6036 464.6481 257.1459 1.8040 1.8683 0.5419 -3.6795 1.7178 15.6382 0.0227 0.2830
Cyclist -1 -1 -0.1393 569.7048 188.9121 581.4794 212.1331 1.7477 1.5216 0.7103 -2.7131 3.0178 56.2408 -0.1879 0.2807
Cyclist -1 -1 3.6585 0.0000 166.1214 206.3990 375.0000 1.6949 1.8503 0.6011 -4.0565 1.6500 5.7903 3.0683 0.2268
Cyclist -1 -1 -0.5763 664.0092 181.7078 681.7842 202.9666 1.7225 1.6897 0.6587 5.2097 2.4716 60.1110 -0.4908 0.2033
Cyclist -1 -1 -0.1163 559.8685 189.9165 571.9003 216.8720 1.7276 1.5046 0.6269 -2.9740 2.8830 48.0458 -0.1785 0.1950
Cyclist -1 -1 3.2764 362.6577 167.1251 408.8263 278.2416 1.7907 1.8021 0.5250 -3.9261 1.6988 12.5573 2.9786 0.1740
Cyclist -1 -1 -0.4134 683.2314 175.6979 704.9597 206.7286 1.5915 1.6909 0.4961 4.3869 1.7453 38.0455 -0.3000 0.1656
Car -1 -1 -0.2134 654.4537 191.8800 707.6823 227.5823 1.5081 3.7752 1.7610 3.3008 2.4722 34.5651 -0.1198 0.4718
Car -1 -1 -0.3909 542.7095 179.5729 581.1376 200.8628 1.5923 3.8919 1.6910 -3.8873 2.1471 57.4192 -0.4586 0.2794
Car -1 -1 3.5015 0.0000 180.5358 277.0535 375.0000 1.5417 3.8615 1.6356 -4.8112 1.6423 7.3590 2.9384 0.2213
Car -1 -1 -0.0694 821.8206 174.8628 991.4823 333.8392 1.5562 3.4422 1.5909 3.4192 1.5867 8.9821 0.2823 0.2211
Car -1 -1 2.7697 649.5278 177.5639 681.1591 194.7161 1.5238 3.1836 1.8915 5.0842 1.9725 66.8852 2.8449 0.1905
