Pedestrian -1 -1 2.7885 690.3765 168.8921 712.8447 210.6513 1.8401 0.9261 0.7205 4.0586 1.6659 32.3242 2.9117 0.4469
Car -1 -1 -1.7992 755.8924 179.7587 882.7471 265.7422 1.4954 1.6172 3.7559 4.0635 1.6552 14.7567 -1.5365 0.7731
Car -1 -1 -1.9639 823.1550 186.3425 1096.6671 338.8250 1.5139 1.6915 4.0153 4.1881 1.7302 9.5321 -1.5624 0.7626
Car -1 -1 -1.6102 596.7248 175.7133 656.9040 231.7199 1.5227 1.6360 3.7660 0.3817 1.6166 21.7092 -1.5937 0.7176
Car -1 -1 -1.7992 720.6199 168.4049 817.0210 235.0226 1.6657 1.7186 3.9612 4.2331 1.5549 20.0395 -1.5947 0.6774
Car -1 -1 1.2198 782.9522 172.5661 877.6910 210.5693 1.6247 3.6306 1.6913 9.6216 1.6128 31.7977 1.5106 0.5804
Car -1 -1 0.5925 198.8684 175.3773 344.6235 247.1624 1.5495 2.9563 1.8084 -8.0236 1.6159 17.2900 0.1635 0.5179
Car -1 -1 3.3595 14.3580 179.3873 193.7285 293.7271 1.5549 3.4998 1.6572 -8.2020 1.6810 11.9614 2.7686 0.5141
Car -1 -1 -1.6734 343.1597 175.4059 457.5071 270.2016 1.5394 1.7231 3.5614 -4.1654 1.5956 13.7956 -1.9620 0.4849
Car -1 -1 -1.9476 412.0369 177.1159 510.6102 234.0355 1.5560 1.7636 3.5057 -4.6393 1.6976 21.9628 -2.1539 0.4764
Car -1 -1 1.1675 447.4410 178.1019 532.1224 227.0311 1.5362 1.6824 3.3931 -4.2569 1.7316 24.9365 0.9996 0.4649
Car -1 -1 0.6924 0.0000 176.4444 122.6504 248.1426 1.5867 3.0109 1.9522 -13.9896 1.6825 17.6518 0.0295 0.4210
