Pedestrian -1 -1 2.6935 878.9550 167.6876 920.8109 238.3379 1.7132 0.7951 0.6817 7.1981 1.2893 17.8487 3.0710 0.3456
Pedestrian -1 -1 -0.7605 935.8201 151.7695 1002.4349 251.9564 1.7751 0.9022 0.6535 6.6036 1.1836 13.2615 -0.3073 0.2608
Cyclist -1 -1 -0.4199 872.4023 166.2041 927.7443 239.6579 1.7360 1.8430 0.5602 7.2070 1.2878 17.9183 -0.0433 0.3161
Car -1 -1 1.7568 343.3505 186.5550 421.5746 239.1280 1.4999 1.6591 3.7754 -7.0111 1.5468 22.5740 1.4586 0.7802
Car -1 -1 -1.3030 214.9593 189.9250 357.1746 277.2005 1.5259 1.6644 3.8766 -6.4800 1.6374 14.8183 -1.7089 0.7557
Car -1 -1 -1.6217 664.7416 182.0321 726.5989 237.6778 1.5522 1.6553 3.8687 2.5669 1.4646 22.0315 -1.5077 0.6426
Car -1 -1 -1.0369 0.0000 162.8870 208.3224 376.0000 1.5899 1.6891 3.9142 -4.8973 1.4784 5.6870 -1.7246 0.3883
Car -1 -1 -0.1143 588.7921 179.2796 614.7240 198.6901 1.5091 3.7981 1.6584 -0.5296 1.0487 57.8726 -0.1238 0.3803
Car -1 -1 3.2194 446.6491 185.1366 485.9722 216.1731 1.4854 3.7541 1.6625 -7.1329 1.4827 36.3596 3.0266 0.3326
Car -1 -1 0.0203 213.9893 177.8895 260.5660 216.0007 1.5344 3.5867 1.6891 -15.9138 1.2406 30.9204 -0.4517 0.3322
Car -1 -1 2.8181 551.5221 179.4866 587.9729 200.1693 1.5814 3.9137 1.7311 -3.0724 1.1445 57.0987 2.7641 0.2645
Car -1 -1 3.1909 217.3917 177.6710 255.7072 207.4804 1.5980 3.8855 1.7281 -20.9687 1.1947 40.6583 2.7172 0.2494
Car -1 -1 -1.7931 606.1429 176.6494 659.4577 198.1029 1.5845 3.7458 1.6628 1.8558 0.9530 54.2580 -1.7595 0.2338
Car -1 -1 0.3502 810.4891 177.5583 870.0797 204.5974 1.5063 2.4697 2.6143 13.5086 1.0808 41.8194 0.6603 0.2262
