Pedestrian -1 -1 2.6200 862.3278 165.0640 895.8739 229.4738 1.7289 0.6106 0.6379 7.3025 1.5202 19.7208 2.9691 0.3635
Car -1 -1 -1.7704 712.0416 177.6846 858.5253 282.7669 1.6123 1.7477 4.1891 2.9827 1.7163 13.3682 -1.5567 0.7981
Car -1 -1 -1.8979 772.7463 177.3368 1019.5417 343.5460 1.5712 1.5630 3.5848 3.0936 1.6369 8.7092 -1.5685 0.7767
Car -1 -1 3.4594 180.0710 189.6041 424.9966 351.3207 1.5202 3.7857 1.6432 -3.6105 1.7770 9.1122 3.0911 0.7313
Car -1 -1 3.3582 354.6682 167.5376 493.2855 268.4426 1.7293 4.2781 1.7754 -3.5881 1.6385 14.5210 3.1194 0.5751
Car -1 -1 -1.6209 718.3902 179.0587 787.8235 243.6585 1.5497 1.6275 3.8715 3.7670 1.7371 19.7233 -1.4358 0.5588
Car -1 -1 2.5537 763.3787 171.3539 850.0598 212.0362 1.5392 3.6224 1.6439 7.8533 1.4828 29.2751 2.8128 0.4682
Car -1 -1 -1.4979 496.4950 174.1651 531.6319 200.6086 1.5584 1.8981 3.5077 -5.9065 1.6429 44.5049 -1.6294 0.3982
Car -1 -1 -2.8521 730.5169 169.8270 812.7996 221.7530 1.6452 3.6109 1.8220 5.5948 1.5497 24.8791 -2.6340 0.3855
Car -1 -1 -0.4130 628.9465 172.4744 663.2433 191.4769 1.5831 3.5425 1.6584 3.0504 1.5518 62.0588 -0.3645 0.3394
Car -1 -1 -1.4471 535.3447 172.8300 594.8990 196.4044 1.6084 3.9449 1.8424 -3.1229 1.6071 50.2672 -1.5092 0.2971
