Pedestrian -1 -1 2.4181 1042.2371 136.6182 1131.5815 266.3947 1.8133 0.8519 0.6981 6.9018 1.3074 10.5543 2.9841 0.3650
Pedestrian -1 -1 1.9326 1098.7313 133.8100 1223.2914 319.9939 1.7471 0.8285 0.6643 5.5049 1.3811 7.2968 2.5592 0.3647
Pedestrian -1 -1 1.5963 364.5846 172.6176 398.8403 246.7283 1.7756 0.7843 0.7105 -5.6500 1.7703 17.7338 1.2916 0.2820
Pedestrian -1 -1 2.1841 1084.5494 142.3927 1147.7819 239.3584 1.8167 0.7549 0.6737 9.7526 1.2464 13.9874 2.7828 0.2720
Pedestrian -1 -1 -0.5104 908.3104 122.7175 1021.1249 318.9057 1.8361 0.8536 0.6680 3.4554 1.3673 7.2022 -0.0797 0.2147
Cyclist -1 -1 -0.2558 561.7526 181.9402 576.0471 206.3292 1.7224 1.7255 0.6208 -3.0286 2.3961 52.5525 -0.3136 0.2929
Cyclist -1 -1 -0.2732 703.2629 174.9726 717.5932 197.1463 1.7531 1.8443 0.6680 8.0660 1.9271 58.1850 -0.1366 0.2683
Cyclist -1 -1 -0.6131 707.4216 164.5685 739.2955 203.3512 1.7971 1.8241 0.5449 5.3460 1.4135 34.3701 -0.4606 0.2648
Cyclist -1 -1 -1.9267 0.0000 116.9811 115.6170 345.3825 1.7198 1.7981 0.8531 -5.6645 1.2994 6.4229 -2.6290 0.1950
Car -1 -1 -1.5092 577.5189 180.4935 614.1902 210.3549 1.5293 1.8018 3.6649 -0.7698 1.9706 39.7739 -1.5290 0.5992
Car -1 -1 1.1794 858.2277 163.8400 1094.6343 256.6086 1.7507 3.9013 1.7091 7.1968 1.5809 14.5806 1.6292 0.4069
Car -1 -1 2.6503 684.4806 181.2476 745.0699 210.5851 1.5381 3.8657 1.7983 5.8800 2.0420 41.1647 2.7906 0.2902
Car -1 -1 2.9587 557.8667 175.8175 582.4540 193.3594 1.5247 3.5268 1.6012 -3.6493 1.8009 65.2574 2.9027 0.2642
Car -1 -1 -0.2476 678.0407 176.8114 709.0688 195.7542 1.5581 3.5584 1.8254 7.1250 1.9090 62.0195 -0.1342 0.2343
Car -1 -1 3.1136 538.1315 177.2929 566.4705 204.0155 1.5664 3.9136 1.6451 -3.6677 1.8561 45.0025 3.0323 0.1950
