Pedestrian -1 -1 -0.9793 1149.7068 111.8927 1242.0000 329.3112 1.7859 0.7976 0.5419 5.3250 1.2855 6.3862 -0.3070 0.4362
Pedestrian -1 -1 -1.7742 796.9542 175.9738 808.0657 197.3790 1.7420 0.7627 0.6535 15.7605 1.9997 59.1675 -1.5155 0.3723
Cyclist -1 -1 2.6150 791.1100 177.1045 809.4462 198.2847 1.6990 1.8172 0.6225 15.5838 2.0539 59.2194 2.8706 0.3371
Car -1 -1 1.9608 157.8656 196.3307 334.3519 291.6972 1.4860 1.7120 3.8613 -6.9681 2.0125 14.1920 1.5112 0.7071
Car -1 -1 3.3633 331.9933 180.9640 396.4113 224.3160 1.6501 4.0383 1.7072 -10.2849 2.0151 30.3418 3.0387 0.6985
Car -1 -1 -1.6087 596.6705 181.1048 663.9742 243.9613 1.4824 1.6356 3.7458 0.4118 1.7262 19.3971 -1.5888 0.6270
Car -1 -1 -0.9592 74.3505 186.6845 205.7762 241.0095 1.5111 1.6940 3.6365 -14.7770 1.9853 22.8642 -1.5279 0.5669
Car -1 -1 -1.5634 527.0363 181.8182 555.1425 206.4951 1.5402 1.8015 3.5417 -4.6225 2.1626 48.2156 -1.6590 0.5133
Car -1 -1 3.2189 453.9315 185.8023 501.6906 225.7851 1.5909 4.1885 1.7795 -5.8840 2.2097 32.2882 3.0395 0.4613
Car -1 -1 -1.3168 789.7663 176.8617 938.3822 277.1745 1.5365 1.6717 3.8942 4.7509 1.6223 13.2985 -0.9816 0.4459
Car -1 -1 -2.1394 697.2280 180.6339 809.4831 226.6143 1.4204 3.3206 1.6463 4.7378 1.6958 24.1305 -1.9486 0.4422
Car -1 -1 -0.2135 408.1189 186.7287 453.0310 216.7649 1.5157 3.3477 1.7462 -10.0275 2.3224 40.0396 -0.4578 0.4346
Car -1 -1 -0.6469 669.9807 180.9293 768.0655 219.8925 1.5250 1.5685 3.9671 4.5939 1.8857 30.5555 -0.4997 0.3855
