Cyclist -1 -1 -0.8755 83.2200 174.6256 138.6407 221.8097 1.7847 1.7647 0.6214 -19.2028 1.8541 27.7105 -1.4772 0.2070
Car -1 -1 1.8350 292.4889 185.0585 464.9659 293.6964 1.5315 1.8412 3.9859 -3.8633 1.7799 12.6399 1.5434 0.6751
Car -1 -1 -1.5437 588.6239 176.5242 627.1389 213.4113 1.5295 1.6189 3.8008 -0.0856 1.7035 32.2158 -1.5470 0.6401
Car -1 -1 3.6417 0.0000 186.7195 83.5054 234.0634 1.4357 3.1679 1.5986 -19.7292 1.9409 24.5689 2.9703 0.4678
Car -1 -1 -2.2365 1047.8566 187.0399 1104.9056 207.7499 1.5847 3.2623 2.0867 37.4567 2.7497 58.0383 -1.6662 0.2850
Car -1 -1 -0.3698 446.0719 181.6302 482.8015 201.5811 1.5185 3.7527 1.6866 -11.9032 2.2581 58.7388 -0.5692 0.2817
Car -1 -1 0.8822 1164.7657 194.3226 1242.0000 224.8943 1.5667 2.9218 1.9035 32.3563 2.7642 39.2755 1.5670 0.2472
Car -1 -1 2.7560 619.1776 178.9627 657.9457 200.0351 1.5137 3.7648 1.6550 2.1138 1.9977 55.0687 2.7937 0.2223
Car -1 -1 2.8520 681.2190 173.7410 715.5475 194.0408 1.5372 3.7206 1.6807 6.8905 1.6098 56.7837 2.9718 0.2059
Car -1 -1 1.0711 993.3851 186.3376 1041.1267 204.4864 1.6140 3.2937 1.9813 37.5804 2.8791 66.6717 1.5820 0.1969
Car -1 -1 -2.2021 1132.0979 189.7822 1212.5369 217.6201 1.6025 3.4300 1.8141 33.9260 2.6491 43.6400 -1.5451 0.1947
Car -1 -1 -2.9546 784.2344 176.4654 829.1681 205.8493 1.5397 4.0823 1.7177 11.0688 1.7542 40.5614 -2.6906 0.1858
