Pedestrian -1 -1 2.8437 782.6100 179.1082 872.3299 314.7017 1.6207 0.8841 0.8524 2.6670 1.7040 9.1151 3.1182 0.3516
Pedestrian -1 -1 0.8711 275.8644 192.4042 293.2465 219.6283 1.7805 0.7527 0.7572 -21.8656 3.1063 48.4127 0.4486 0.2401
Pedestrian -1 -1 2.0014 193.5849 189.0714 208.5859 212.1227 1.7289 0.7956 0.6502 -31.1790 2.9729 54.9733 1.4872 0.2298
Pedestrian -1 -1 -1.4928 640.1082 176.6949 648.2313 195.1743 1.6816 0.6994 0.6091 3.1146 2.0359 66.1462 -1.4464 0.2286
Pedestrian -1 -1 1.6033 246.8197 193.6136 259.0986 215.9723 1.6792 0.8256 0.6719 -27.5098 3.2915 55.5472 1.1450 0.2244
Cyclist -1 -1 0.4861 72.9490 186.9192 96.5024 212.5187 1.7936 1.8068 0.6111 -38.2483 2.8361 52.5195 -0.1412 0.2939
Cyclist -1 -1 -0.1510 541.2481 178.6335 551.2073 197.7252 1.7437 1.8443 0.6559 -5.9869 2.2922 67.4604 -0.2396 0.2793
Cyclist -1 -1 2.8289 778.7809 179.5818 878.1583 325.4917 1.6519 1.7087 0.6780 2.6480 1.7453 9.1131 3.1016 0.2293
Cyclist -1 -1 0.3550 191.8994 187.5073 209.2962 211.2784 1.7477 1.7320 0.5880 -31.2570 2.8845 55.0581 -0.1595 0.2233
Car -1 -1 -1.6681 555.6276 179.0391 703.4968 314.7142 1.5355 1.6648 3.6054 0.0473 1.6394 10.2071 -1.6652 0.6537
Car -1 -1 -2.1923 1109.3289 192.7492 1242.0000 375.0000 1.5208 1.6057 3.8835 4.6490 1.6916 4.1231 -1.3829 0.5927
Car -1 -1 -3.5973 957.4865 185.0046 1097.8459 228.9768 1.5334 1.8076 4.1312 15.3434 2.0016 26.7512 -3.0820 0.5725
Car -1 -1 -3.7918 1141.0336 182.2266 1242.0000 224.7924 1.5011 1.5523 3.9356 22.1450 1.8588 26.6638 -3.1046 0.5246
Car -1 -1 3.4098 339.8723 190.9303 388.3340 217.7687 1.5260 3.8878 1.9413 -15.5441 2.7217 45.7117 3.0833 0.5241
Car -1 -1 0.5869 250.1208 192.2710 297.4155 212.3721 1.4310 3.5777 1.6798 -26.4974 3.0142 56.9210 0.1527 0.3989
Car -1 -1 1.8227 286.8842 191.5818 334.2740 218.4182 1.5046 1.8943 3.5759 -18.6480 2.7226 45.0074 1.4316 0.2913
Car -1 -1 -0.1939 405.6228 189.1557 442.5370 213.0666 1.4995 3.3875 1.8471 -12.8911 2.6686 49.8001 -0.4464 0.2586
Car -1 -1 0.2412 95.4395 199.3308 135.9709 220.5989 1.4447 3.8236 1.7417 -38.5536 3.5889 56.3240 -0.3571 0.2305
