Pedestrian -1 -1 3.1058 141.9813 181.9329 167.8160 231.9297 1.7144 0.8678 0.7447 -16.1408 2.0430 25.5132 2.5462 0.3977
Pedestrian -1 -1 2.4825 966.9786 147.1529 1010.3666 221.6544 1.8301 0.7475 0.6407 9.4679 1.1991 18.1483 2.9564 0.3731
Pedestrian -1 -1 -0.4108 807.5473 147.1470 867.3279 258.6357 1.7917 0.7802 0.6900 3.7232 1.3789 12.0210 -0.1181 0.2983
Pedestrian -1 -1 -1.4970 307.3059 174.2179 328.0348 207.6884 1.7861 0.9960 0.6015 -15.8214 1.8610 38.9748 -1.8806 0.2710
Pedestrian -1 -1 1.7629 1023.1433 151.0869 1040.8406 194.3974 1.8933 0.5784 0.5816 18.6463 0.9421 31.9477 2.2870 0.2451
Pedestrian -1 -1 -1.2825 347.2245 178.5183 357.6978 201.7459 1.6077 0.5349 0.6208 -18.0243 2.0064 50.4205 -1.6244 0.2450
Pedestrian -1 -1 1.2348 858.7719 175.0401 890.2041 229.3464 1.6758 0.7507 0.6477 8.2379 1.7456 22.6156 1.5793 0.2419
Pedestrian -1 -1 1.7804 0.0000 183.8939 38.8935 253.1422 1.6847 0.8758 0.6695 -15.0925 1.9713 18.2076 1.0954 0.2373
Pedestrian -1 -1 2.8752 670.4816 162.3882 696.2504 216.4867 1.8210 0.8668 0.6727 2.4674 1.4690 24.7680 2.9727 0.2286
Pedestrian -1 -1 -1.7109 0.0000 218.2029 39.6594 344.5653 1.7185 0.7610 0.7136 -9.0700 2.4247 10.7059 -2.4017 0.2273
Cyclist -1 -1 -0.0714 650.4908 170.8935 670.3701 220.1349 1.6804 1.8705 0.5626 1.7293 1.6138 25.5565 -0.0053 0.5068
Cyclist -1 -1 0.1677 345.4622 179.5783 358.3071 204.0209 1.6578 1.7718 0.5557 -18.0379 2.1361 50.3621 -0.1748 0.4153
Cyclist -1 -1 -0.4650 669.7813 166.1306 712.4608 227.1375 1.7924 1.7888 0.5492 2.4201 1.5952 22.1301 -0.3583 0.3556
Cyclist -1 -1 3.1635 411.1255 176.3038 419.0859 197.2101 1.7263 1.8081 0.6088 -16.4518 2.0221 60.8405 2.9002 0.3260
Cyclist -1 -1 -2.9250 659.3925 165.1026 685.4611 220.3396 1.7528 1.6997 0.5083 2.0257 1.5072 23.7808 -2.8417 0.3160
Cyclist -1 -1 0.1362 309.9899 176.7890 325.9308 208.9821 1.6946 1.6963 0.5742 -15.8480 1.9130 39.0881 -0.2469 0.2816
Cyclist -1 -1 3.5141 134.3135 179.8860 176.2186 231.2174 1.7381 1.7673 0.6558 -16.1608 1.9972 25.6126 2.9556 0.2308
Car -1 -1 0.2881 409.8178 178.0096 538.9290 258.6560 1.5464 3.6650 1.8256 -2.9043 1.6749 16.0010 0.1106 0.6672
Car -1 -1 1.8620 241.4207 185.2460 319.4200 230.6476 1.5553 1.7025 3.7911 -12.6315 2.0672 27.7928 1.4386 0.6626
Car -1 -1 0.3362 327.7895 179.8400 422.7419 234.4389 1.5154 3.7612 1.6405 -7.2164 1.7512 22.4133 0.0276 0.2964
Car -1 -1 3.3686 48.9416 185.2307 98.9014 212.6248 1.5885 4.0429 1.6812 -34.1365 2.4155 46.0027 2.7328 0.2799
Car -1 -1 -0.1930 576.2839 176.0275 612.6937 201.0736 1.5334 3.6495 1.6759 -1.0743 1.7475 46.6325 -0.2163 0.2735
Car -1 -1 0.0181 482.3536 176.0242 503.0997 193.3608 1.5359 3.2543 1.8238 -10.7703 1.8352 66.2974 -0.1426 0.2667
Car -1 -1 2.8742 591.7562 183.0748 638.9283 212.3268 1.4841 3.7396 1.6786 0.2092 2.0804 40.0425 2.8787 0.2510
Car -1 -1 3.2861 35.9600 178.2820 74.8899 202.5763 1.6236 3.9309 1.6370 -39.3865 2.0257 51.2788 2.6335 0.2281
Car -1 -1 -0.4714 706.9286 176.5700 756.6495 200.8744 1.5641 4.0431 1.6856 8.2313 1.8295 49.2810 -0.3073 0.2253
