Pedestrian -1 -1 1.3387 708.7447 148.0018 811.7314 307.1297 1.8176 1.0519 0.7539 1.7836 1.4481 8.4638 1.5408 0.7504
Pedestrian -1 -1 1.3669 54.4981 188.8068 98.4257 249.6572 1.6916 0.8927 0.7126 -15.2669 1.9394 20.3767 0.7329 0.4505
Pedestrian -1 -1 -1.6315 1125.1237 190.4462 1224.0000 370.0000 1.6782 0.7012 0.7245 4.3480 1.7624 5.3616 -0.9771 0.3684
Pedestrian -1 -1 2.3526 832.2428 174.0259 876.7378 242.3633 1.6776 0.7372 0.7611 6.2581 1.5203 17.8506 2.6858 0.3662
Pedestrian -1 -1 3.0949 16.2661 173.4950 67.8866 262.1578 1.7265 0.8456 0.7891 -11.4657 1.5917 14.3408 2.4329 0.2901
Pedestrian -1 -1 2.6794 641.5522 161.2186 696.8935 260.4666 1.7553 0.8444 0.7111 1.1296 1.4159 13.0232 2.7656 0.2832
Pedestrian -1 -1 2.8367 515.9073 164.4539 566.7128 263.0110 1.7363 0.8832 0.6964 -1.2242 1.4553 12.9929 2.7468 0.2760
Pedestrian -1 -1 0.9867 969.9464 191.5405 1133.1056 370.0000 1.6507 0.7699 0.7120 3.2781 1.7416 5.3313 1.5135 0.2151
Pedestrian -1 -1 1.2926 557.3462 159.3916 612.9815 250.1798 1.8347 1.0379 0.5807 -0.4591 1.4097 14.7167 1.2638 0.2023
Pedestrian -1 -1 2.9537 253.9613 165.9803 305.9532 259.7429 1.7379 0.8772 0.7692 -6.3392 1.4705 13.6805 2.5304 0.1998
Pedestrian -1 -1 0.9710 811.1495 167.9213 870.7176 257.9968 1.7281 0.9437 0.5999 4.6179 1.4884 13.9802 1.2849 0.1846
Pedestrian -1 -1 2.7571 607.0218 163.2690 655.7649 251.5609 1.7610 0.8796 0.7299 0.4951 1.4190 14.6356 2.7920 0.1726
Pedestrian -1 -1 -0.9538 1157.1455 145.1883 1224.0000 252.2295 1.7641 0.8326 0.6489 10.1061 1.1838 12.1357 -0.2706 0.1714
Pedestrian -1 -1 -0.8169 994.9688 168.7643 1069.9280 276.4401 1.7569 0.8679 0.6695 7.2217 1.5671 12.0428 -0.2868 0.1692
Cyclist -1 -1 -1.0156 1120.8763 143.7043 1224.0000 254.8381 1.7738 1.9123 0.5728 10.0942 1.1882 12.2773 -0.3384 0.3040
Cyclist -1 -1 1.7872 630.1773 160.7109 737.7322 258.0504 1.7121 1.8674 0.7156 1.4195 1.3656 13.0672 1.8946 0.2199
Cyclist -1 -1 0.0620 257.3056 163.2580 300.3495 260.7353 1.7703 1.8303 0.6363 -6.3835 1.4588 13.8043 -0.3606 0.2071
Cyclist -1 -1 -1.0991 278.7563 199.7464 356.6523 270.8205 1.8126 1.7801 0.7160 -7.6221 2.3353 18.7016 -1.4790 0.2065
Cyclist -1 -1 -0.8311 0.0000 170.8076 97.3504 260.7740 1.7781 1.8088 0.6015 -11.4303 1.5881 14.3402 -1.4916 0.1964
Cyclist -1 -1 1.4716 680.0612 161.7715 754.9465 231.8134 1.7495 1.8288 0.6382 2.8121 1.2833 18.0238 1.6254 0.1829
Cyclist -1 -1 -1.6350 555.8075 149.1192 631.8672 222.7295 1.8108 1.8751 0.6392 -0.3312 1.0404 17.7820 -1.6513 0.1802
Cyclist -1 -1 0.0488 507.3006 162.2898 548.5478 267.0621 1.7932 1.7921 0.6651 -1.4356 1.4831 13.0095 -0.0567 0.1706
Cyclist -1 -1 1.9006 306.9493 176.3978 446.3550 286.3620 1.6660 1.9493 0.7418 -3.5995 1.6055 11.1034 1.5970 0.1668
Cyclist -1 -1 0.7196 1090.4589 189.2255 1224.0000 370.0000 1.6253 1.7634 0.6115 5.4409 1.7130 6.5067 1.3938 0.1627
Cyclist -1 -1 0.3017 90.9649 170.0180 164.0307 270.6396 1.7862 1.8732 0.6119 -9.1337 1.6018 13.5313 -0.2795 0.1581
Car -1 -1 -2.2402 1154.2266 183.7178 1224.0000 370.0000 1.5475 1.6718 3.8928 6.5192 1.5846 5.7240 -1.4157 0.2606
Car -1 -1 0.0867 45.0661 186.8410 114.7086 233.0075 1.5266 4.0743 1.6902 -19.3475 1.7823 26.1548 -0.5427 0.1910
Car -1 -1 -0.6058 559.8964 172.9368 607.3252 194.9263 1.5476 3.6790 1.6719 -1.5914 1.0166 51.7328 -0.6347 0.1745
