Pedestrian -1 -1 -0.1638 386.2428 164.2388 411.0434 221.3499 1.8084 0.8622 0.6391 -6.8968 1.5360 23.3715 -0.4481 0.4358
Pedestrian -1 -1 -1.0595 885.3577 143.9180 951.8721 244.7258 1.8348 0.9449 0.6955 5.8092 1.3085 13.7163 -0.6671 0.3225
Pedestrian -1 -1 0.5224 1214.0226 209.6114 1242.0000 264.4757 1.6493 0.8061 0.7939 19.8223 2.8413 22.8793 1.2290 0.3016
Pedestrian -1 -1 0.6656 799.5194 172.8477 825.7849 213.0206 1.8535 1.0632 0.6769 9.4768 1.8536 33.8758 0.9355 0.2533
Cyclist -1 -1 -0.7900 714.3586 170.0356 797.6288 258.1935 1.5911 1.5976 0.6027 2.7232 1.5406 13.8491 -0.6008 0.3376
Cyclist -1 -1 2.5096 806.8320 178.0653 826.3384 199.1139 1.7296 1.7859 0.6439 17.3489 2.1752 60.7053 2.7862 0.2967
Cyclist -1 -1 2.6230 980.5626 169.8914 1006.5482 198.0209 1.7677 1.8039 0.6578 24.5413 1.5819 46.2534 3.1079 0.2844
Cyclist -1 -1 2.5510 710.9412 149.8250 753.5687 200.5250 1.8624 1.9725 0.6000 4.5982 1.0168 27.5241 2.7145 0.2629
Cyclist -1 -1 -0.7202 786.2487 180.0387 808.1465 201.9494 1.7781 1.8998 0.6824 15.5884 2.3880 60.2110 -0.4685 0.2340
Car -1 -1 1.4913 551.9837 178.3490 601.5882 216.5660 1.4710 1.7894 3.3975 -1.4805 1.7142 30.0865 1.4419 0.6316
Car -1 -1 1.6309 509.8693 179.0674 543.0403 206.6535 1.5034 1.7138 3.3023 -4.8331 1.8781 41.7787 1.5160 0.5848
Car -1 -1 -0.8300 970.8502 193.7408 1116.8765 250.0974 1.5255 1.5822 3.9082 13.0709 2.1967 21.8431 -0.2975 0.5075
Car -1 -1 -0.8844 1131.5334 205.9160 1242.0000 260.2295 1.5704 1.6010 3.6295 19.1243 2.6971 23.4227 -0.2068 0.4336
Car -1 -1 -0.1111 913.6247 175.2212 947.1498 199.6709 1.5661 3.8002 1.6392 21.5354 1.7329 48.6722 0.3028 0.3596
