Pedestrian -1 -1 -1.0668 822.9229 168.8756 850.1181 208.2946 1.7992 0.9883 0.7060 10.4865 1.6180 33.5320 -0.7667 0.3363
Pedestrian -1 -1 -0.1283 69.9691 142.0955 106.0321 222.1357 1.9181 0.7226 0.6356 -12.9073 1.1813 17.7690 -0.7495 0.3317
Car -1 -1 2.0076 0.0000 187.3365 328.0795 375.0000 1.5663 1.9601 3.7453 -4.5545 1.7567 7.5094 1.4774 0.7750
Car -1 -1 -1.3355 360.2613 188.0720 474.5645 264.3569 1.4846 1.6869 3.8445 -4.3672 1.8791 16.7480 -1.5875 0.7185
Car -1 -1 1.8674 250.6938 195.4835 418.7903 301.6239 1.4390 1.7128 3.3650 -4.5216 1.8774 12.2389 1.5197 0.7102
Car -1 -1 -1.7033 704.0264 177.1483 751.2038 212.9380 1.5220 1.6386 3.6743 5.2767 1.7298 32.9841 -1.5466 0.6602
Car -1 -1 -1.7095 721.4920 168.2556 810.6193 234.0092 1.7264 1.9337 4.2424 4.3869 1.6060 21.1194 -1.5082 0.6332
Car -1 -1 2.7738 536.6257 179.0809 585.5777 206.3422 1.5251 3.7941 1.6778 -3.0200 1.9178 43.3850 2.7043 0.5285
Car -1 -1 1.8172 491.8676 175.3894 546.1279 198.6371 1.6948 3.7253 1.6743 -6.8004 1.8882 53.8836 1.6918 0.4621
Car -1 -1 -1.0172 281.0989 177.7376 366.0507 211.0358 1.6949 3.8744 1.6958 -15.1910 1.9621 38.2463 -1.3932 0.4501
Car -1 -1 2.4044 0.0000 177.6335 96.4547 233.8179 1.5364 3.5246 1.6762 -17.2707 1.6832 21.0095 1.7224 0.3295
