Pedestrian -1 -1 -0.7810 1055.8994 123.7210 1170.7886 294.5239 1.8125 0.8223 0.6753 5.5867 1.2915 8.1230 -0.1957 0.3604
Pedestrian -1 -1 2.2815 472.4731 166.2921 490.9572 196.3397 1.8773 0.9449 0.6655 -8.1399 1.4677 45.6032 2.1055 0.3314
Pedestrian -1 -1 -1.0288 176.3974 191.3791 223.0013 259.1711 1.6943 0.7588 0.7677 -10.6381 2.1835 18.6409 -1.5417 0.2676
Pedestrian -1 -1 1.3936 308.7847 181.1401 328.4789 212.0718 1.7678 0.9523 0.7303 -17.0355 2.2581 42.0972 1.0109 0.2521
Pedestrian -1 -1 3.3189 45.3402 141.0572 104.9839 259.1898 1.7975 0.8027 0.6247 -8.5390 1.3140 11.4735 2.6901 0.2515
Pedestrian -1 -1 -0.6246 727.3176 159.7853 746.5243 196.2553 1.8917 0.7862 0.6577 6.6313 1.2142 37.9202 -0.4532 0.2222
Cyclist -1 -1 -1.3142 299.8626 180.9821 335.2421 212.4118 1.8050 1.8053 0.6600 -17.0899 2.2846 42.1045 -1.6979 0.2448
Cyclist -1 -1 -1.0438 108.2837 191.6053 148.0539 222.7554 1.7663 1.8124 0.6972 -27.9362 2.8634 41.7966 -1.6303 0.2111
Car -1 -1 3.4911 143.4062 185.4794 219.4454 223.3163 1.4705 3.6841 1.6643 -18.5372 2.0532 31.3115 2.9600 0.6587
Car -1 -1 -2.6619 178.3396 190.5141 360.8547 251.3041 1.4900 1.6219 4.0895 -8.9747 1.9803 19.1106 -3.0960 0.5972
Car -1 -1 -1.0719 0.0000 191.9003 71.7204 219.3011 1.4916 3.3795 1.7767 -33.8014 2.6334 42.0695 -1.7458 0.4308
Car -1 -1 3.1279 528.2125 177.8183 548.0389 195.8789 1.5403 3.7673 1.7098 -6.4783 1.9985 64.5822 3.0279 0.3225
Car -1 -1 -3.0855 823.1901 175.1664 854.3588 200.2485 1.5383 3.6809 1.7271 14.7915 1.6947 46.6509 -2.7807 0.2419
Car -1 -1 -0.3322 647.0341 179.5760 678.9168 197.4554 1.5055 3.6612 1.7250 4.6621 2.1230 64.2421 -0.2605 0.2387
Car -1 -1 0.4068 0.0000 184.7247 113.9637 236.2374 1.5324 3.8006 1.6884 -18.6314 1.9687 24.4509 -0.2393 0.2259
