Pedestrian -1 -1 1.1866 718.0827 178.7909 778.4150 277.2263 1.6428 0.8726 0.5638 2.3256 1.7486 12.4481 1.3658 0.6513
Pedestrian -1 -1 1.2911 682.9146 179.3716 711.6856 228.3538 1.6374 0.8366 0.6062 2.9252 1.8632 24.5824 1.4073 0.5646
Cyclist -1 -1 -0.3621 897.0429 160.6473 947.9659 236.6496 1.8225 1.9036 0.5251 7.8272 1.5301 18.2600 0.0364 0.7275
Car -1 -1 -3.2361 704.7510 175.1734 741.7370 203.4465 1.5252 3.6991 1.7268 6.3719 1.6638 41.1271 -3.0839 0.4471
Car -1 -1 -1.4448 308.3668 184.3951 366.9274 206.9112 1.4938 3.6402 1.7191 -19.0080 2.3207 50.4128 -1.8039 0.4322
Car -1 -1 -0.9363 251.9593 185.3276 334.9982 215.5262 1.5776 3.9710 1.7259 -17.5732 2.2921 40.0289 -1.3479 0.3891
Car -1 -1 -1.1860 314.8265 172.6140 373.7643 194.4232 1.6867 3.9405 1.8712 -20.9078 1.6685 56.8018 -1.5374 0.3514
Car -1 -1 0.2817 366.0494 183.3155 400.7907 203.7582 1.5305 3.6053 1.7145 -18.1014 2.3939 57.7018 -0.0213 0.3179
Car -1 -1 -3.5399 988.6641 167.5925 1028.3298 186.5746 1.5815 3.2805 1.8386 34.0850 1.1435 61.8392 -3.0384 0.2773
Car -1 -1 -0.0839 218.2693 182.2643 243.4171 199.1022 1.5034 3.3420 1.8405 -36.0059 2.4214 68.4520 -0.5668 0.2723
Car -1 -1 0.4181 47.0787 186.4620 146.7197 233.4659 1.6066 3.8963 1.6909 -19.7670 2.1730 27.9354 -0.1934 0.2584
Car -1 -1 -0.6133 746.1148 176.6099 827.6796 214.2147 1.5089 3.6437 1.6259 7.5651 1.6828 31.3410 -0.3792 0.2424
