Pedestrian -1 -1 3.2415 299.0916 174.1097 362.4828 312.5478 1.6910 0.8977 0.6753 -3.6472 1.7085 9.3415 2.8780 0.7888
Pedestrian -1 -1 3.3269 415.6012 162.9184 435.2996 213.1404 1.8204 0.6281 0.5951 -6.8135 1.4606 26.4831 3.0771 0.5760
Pedestrian -1 -1 -0.0151 356.3566 168.9729 383.1534 235.9495 1.7754 0.7936 0.6781 -6.5820 1.6728 19.6095 -0.3353 0.3780
Pedestrian -1 -1 2.3014 782.8893 174.5551 801.1819 206.7249 1.6994 0.6709 0.6744 9.7088 1.7919 38.6284 2.5453 0.3597
Pedestrian -1 -1 2.5574 840.8424 171.9369 875.9756 229.1189 1.7187 0.8033 0.6894 7.5768 1.6915 22.1609 2.8821 0.2786
Pedestrian -1 -1 -1.6774 660.4222 172.1191 672.0410 194.2526 1.8011 0.8837 0.6413 4.5755 1.7416 59.0453 -1.6008 0.2577
Pedestrian -1 -1 2.5784 546.2834 178.3196 560.9988 205.5946 1.7094 0.7205 0.6484 -3.6178 2.0611 45.8940 2.4997 0.2573
Pedestrian -1 -1 2.1488 371.5844 164.2547 412.0589 228.7019 1.8076 0.8993 0.6539 -6.2946 1.5668 20.6754 1.8563 0.2425
Pedestrian -1 -1 -0.5979 703.1537 173.7710 718.8140 200.6469 1.7554 0.7562 0.7237 6.6378 1.8170 47.6585 -0.4608 0.2360
Pedestrian -1 -1 -0.3678 534.6291 177.5572 550.3909 206.8522 1.7090 0.7586 0.7035 -4.0342 1.9912 42.7445 -0.4618 0.2315
Pedestrian -1 -1 3.5187 0.0000 134.6048 97.7879 363.6764 1.8102 0.8231 0.6778 -5.0094 1.5083 6.1887 2.8589 0.2225
Pedestrian -1 -1 0.4071 747.7096 180.3225 767.4669 213.5050 1.7958 0.8450 0.8025 8.1243 2.2150 39.8812 0.6059 0.2119
Pedestrian -1 -1 0.5982 1183.9855 152.8717 1242.0000 259.1696 1.7706 0.8416 0.6269 10.4794 1.4381 12.4351 1.2865 0.2024
Pedestrian -1 -1 2.9395 460.2647 169.6898 487.7897 229.0668 1.7735 0.8391 0.6717 -4.2098 1.6793 22.0641 2.7525 0.1961
Cyclist -1 -1 -0.2136 667.8195 169.8358 714.5997 247.3004 1.7656 1.8521 0.7326 1.8813 1.6972 17.4030 -0.1086 0.6100
Cyclist -1 -1 3.1828 403.0212 176.5605 430.5891 232.8957 1.7267 1.9373 0.7791 -6.2597 1.8520 23.2789 2.9224 0.3858
Cyclist -1 -1 -0.3874 701.1728 175.0487 719.2002 200.8993 1.6727 1.6997 0.5783 6.5880 1.8210 47.7324 -0.2515 0.3818
Cyclist -1 -1 -1.7551 719.0624 148.5166 779.7219 206.9447 1.7806 1.7573 0.6036 4.2474 1.0393 22.2885 -1.5696 0.2800
Cyclist -1 -1 -0.4318 520.4752 169.5241 550.1002 206.2805 1.7573 1.6905 0.8122 -3.7176 1.5985 35.4285 -0.5360 0.2774
Cyclist -1 -1 -1.7301 785.3449 147.9537 957.4526 306.5330 1.7600 1.8137 0.6389 2.9593 1.4840 8.4695 -1.4058 0.2735
Cyclist -1 -1 -0.2570 705.9246 171.9184 727.3584 205.4502 1.7426 1.8879 0.6668 5.6365 1.6944 38.4706 -0.1131 0.2673
Cyclist -1 -1 -0.1731 547.3981 179.2569 559.2100 204.5126 1.5651 1.5216 0.4926 -3.6454 1.9801 45.9154 -0.2524 0.2554
Cyclist -1 -1 -0.3682 962.1653 170.6304 1009.3887 228.2590 1.7265 1.9413 0.6426 11.6990 1.6602 22.6119 0.1034 0.2494
Cyclist -1 -1 -0.2243 534.2581 177.2904 551.4886 207.0665 1.7131 1.8877 0.6106 -4.0251 1.9827 42.7975 -0.3180 0.2352
Cyclist -1 -1 2.9400 659.7697 173.1885 671.6801 194.9126 1.7486 1.7713 0.6263 4.5278 1.7768 59.0217 3.0158 0.2311
Cyclist -1 -1 -2.5482 1162.1683 141.3702 1242.0000 248.0805 1.7776 1.7301 0.8477 10.7181 1.2535 12.6683 -1.8577 0.2233
Cyclist -1 -1 -0.3883 775.9133 155.0460 857.8283 273.0732 1.7975 1.8491 0.6268 3.3223 1.5267 11.9424 -0.1243 0.2154
Cyclist -1 -1 0.3283 309.5471 155.6670 346.3121 210.3137 1.7534 1.8533 0.5731 -9.4385 1.2023 24.0866 -0.0417 0.2043
Cyclist -1 -1 -0.6748 908.5085 109.5807 1186.3779 375.0000 1.8051 1.8059 0.7223 2.9935 1.4251 5.2891 -0.1841 0.2029
Car -1 -1 -3.4643 1046.4926 174.4816 1193.3811 248.9934 1.5158 3.7486 1.6278 11.6113 1.5586 16.7885 -2.8680 0.3491
Car -1 -1 2.3228 0.0000 171.9468 244.6128 353.7273 1.5766 3.3529 1.6970 -5.8277 1.5691 7.2558 1.6637 0.2628
Car -1 -1 -0.9856 967.2140 168.2502 1140.7689 227.2483 1.5696 4.0855 1.7555 12.9566 1.4475 21.4149 -0.4480 0.2148
Car -1 -1 0.3192 278.4684 180.4625 387.6216 245.5571 1.5560 3.7846 1.6431 -7.4334 1.7836 19.6175 -0.0390 0.2091
Car -1 -1 -3.3482 906.7109 174.1334 1242.0000 375.0000 1.5082 4.0150 1.6478 3.7110 1.5239 6.4852 -2.8488 0.1998
