Cyclist -1 -1 2.4161 1139.2427 188.8691 1204.4471 255.4251 1.6936 1.6640 0.3780 15.1851 2.1479 19.6072 3.0670 0.3105
Cyclist -1 -1 2.3607 1187.6451 183.0935 1242.0000 257.5497 1.7189 1.7628 0.4961 15.2114 1.9847 17.8007 3.0589 0.2966
Cyclist -1 -1 2.7464 851.2972 175.1406 874.5754 204.7729 1.7501 1.8768 0.6524 15.2779 1.8920 43.7163 3.0800 0.2526
Cyclist -1 -1 2.1023 1143.1990 165.9568 1197.1200 206.4353 1.6235 1.7263 0.5324 23.0971 1.3472 29.8357 2.7560 0.2483
Cyclist -1 -1 1.8030 414.9910 168.0268 465.0489 211.9858 1.7057 1.8156 0.6319 -6.7020 1.5188 28.3118 1.5722 0.2293
Cyclist -1 -1 0.3457 505.0080 179.0513 538.2579 230.8175 1.7303 1.8491 0.5664 -3.1251 1.9563 25.3094 0.2234 0.2244
Car -1 -1 -1.6423 586.7873 175.9083 633.4023 216.7912 1.5220 1.5959 3.7953 -0.0974 1.6539 29.1035 -1.6463 0.6486
Car -1 -1 1.6735 462.9629 178.6700 527.2294 229.6996 1.5532 1.7714 3.4760 -3.8116 1.7626 24.1475 1.5180 0.6027
Car -1 -1 3.1780 536.4116 177.9531 564.7422 203.8557 1.5275 3.7508 1.6357 -3.7183 1.8609 45.2105 3.0960 0.4998
Car -1 -1 0.3967 336.3953 180.7280 370.4566 197.8324 1.4961 3.7988 1.6301 -23.7434 2.2470 66.8377 0.0564 0.3618
Car -1 -1 -0.7652 676.0458 182.1878 730.3930 205.9591 1.5096 3.3760 1.8507 6.2998 2.1714 49.2233 -0.6392 0.3409
Car -1 -1 2.5124 627.1411 182.3616 679.5184 207.2902 1.4971 3.4732 1.6500 2.7360 2.1379 46.6920 2.5700 0.3311
Car -1 -1 0.5765 557.0677 178.3791 591.8591 194.7175 1.4813 3.0005 1.9814 -3.3689 2.0194 68.4247 0.5271 0.2149
Car -1 -1 3.6304 123.4286 184.8073 199.2632 217.2572 1.4958 3.8576 1.6474 -22.7501 2.1368 36.6914 3.0784 0.2136
