Pedestrian -1 -1 1.8415 118.9304 160.8464 227.2329 316.0963 1.7819 0.9920 0.5771 -5.2241 1.5580 8.5170 1.3095 0.7497
Pedestrian -1 -1 1.0875 51.7300 192.9178 103.6740 256.3091 1.7530 0.9511 0.7764 -15.2265 2.1231 20.3792 0.4547 0.4049
Pedestrian -1 -1 2.4271 832.2199 173.9874 877.4586 243.2220 1.6994 0.7465 0.7766 6.2621 1.5411 17.8406 2.7607 0.4006
Pedestrian -1 -1 -1.6500 1126.2992 188.7162 1224.0000 370.0000 1.6725 0.6910 0.7055 4.3505 1.7420 5.3512 -0.9945 0.3105
Pedestrian -1 -1 2.8691 516.6279 164.0654 567.0571 262.8169 1.7375 0.8870 0.7087 -1.2134 1.4500 12.9755 2.7799 0.3042
Pedestrian -1 -1 2.6791 641.5371 162.1584 697.9514 261.6017 1.7551 0.8721 0.7177 1.1374 1.4330 13.0109 2.7660 0.2932
Pedestrian -1 -1 3.0509 13.3252 175.4441 68.9188 263.4799 1.7110 0.8430 0.8158 -11.4700 1.6144 14.3234 2.3882 0.2878
Pedestrian -1 -1 2.9847 253.2323 166.8289 306.0172 260.9078 1.7403 0.8886 0.8035 -6.3397 1.4891 13.6664 2.5609 0.2771
Pedestrian -1 -1 1.0469 970.7031 187.0142 1132.1500 370.0000 1.6465 0.7784 0.6973 3.2774 1.7006 5.3338 1.5735 0.2311
Pedestrian -1 -1 -0.8437 735.8571 144.1198 798.2723 250.6681 1.7881 0.8354 0.6649 2.7913 1.1792 12.3938 -0.6257 0.1810
Pedestrian -1 -1 2.3207 994.2046 169.7053 1069.9436 277.0742 1.7512 0.8749 0.6787 7.2156 1.5768 12.0436 2.8504 0.1782
Pedestrian -1 -1 2.7451 819.0254 168.6016 867.2374 259.0020 1.7267 0.8696 0.6077 4.6463 1.5011 13.9578 3.0612 0.1655
Cyclist -1 -1 0.0189 254.0934 168.3981 299.8764 264.8174 1.7405 1.7541 0.7581 -6.3759 1.5236 13.7133 -0.4057 0.2550
Cyclist -1 -1 -0.8231 0.0000 172.4437 98.4146 262.2849 1.7709 1.8515 0.6232 -11.4212 1.6137 14.3229 -1.4838 0.2342
Cyclist -1 -1 1.6950 626.5125 162.5740 734.5471 258.8518 1.6991 1.9081 0.7434 1.3624 1.3844 13.0504 1.7983 0.2334
Cyclist -1 -1 -0.9903 1122.4888 143.1706 1224.0000 254.3080 1.7729 1.8979 0.5829 10.1022 1.1790 12.2664 -0.3124 0.2111
Cyclist -1 -1 -0.0811 519.6772 162.0889 561.3749 266.4010 1.7768 1.8054 0.6141 -1.2524 1.4649 12.9810 -0.1732 0.2000
Cyclist -1 -1 -1.5254 557.0079 145.7301 633.2095 219.0643 1.8104 1.8863 0.6375 -0.2737 0.9537 17.7995 -1.5384 0.1935
Cyclist -1 -1 0.7606 1085.2080 187.4048 1224.0000 370.0000 1.6435 1.7765 0.6344 5.4316 1.7132 6.5167 1.4333 0.1822
Cyclist -1 -1 1.4369 681.6028 163.5700 758.2596 233.1261 1.7405 1.8589 0.6376 2.8757 1.3184 18.0274 1.5941 0.1747
Cyclist -1 -1 0.1881 355.5027 186.6470 414.6401 305.0028 1.7023 1.8420 0.5481 -3.4938 1.8096 11.2068 -0.1047 0.1490
Car -1 -1 -2.2683 1151.1113 183.6740 1224.0000 370.0000 1.5475 1.6751 3.9019 6.5199 1.5840 5.7074 -1.4423 0.2508
Car -1 -1 0.1509 38.4597 187.9690 114.5186 233.9003 1.5172 3.6734 1.6823 -19.3738 1.8150 26.0231 -0.4817 0.2306
Car -1 -1 2.4997 555.6784 172.8774 605.2421 195.0341 1.5562 3.7930 1.6843 -1.8200 1.0221 51.6609 2.4664 0.1557
Car -1 -1 0.3686 341.5888 170.6238 468.7203 244.4924 1.5491 3.7877 1.6153 -4.6246 1.3436 16.7917 0.1065 0.1525
