Pedestrian -1 -1 3.3226 180.6541 172.8858 227.0829 264.5762 1.7107 0.8040 0.6445 -7.8858 1.7117 13.9437 2.8157 0.2686
Cyclist -1 -1 -0.4069 854.7043 151.1319 934.0796 264.7592 1.8721 1.9509 0.5668 4.9700 1.5146 12.8728 -0.0469 0.6739
Cyclist -1 -1 0.5114 0.0000 163.4899 79.6117 303.8972 1.7227 1.8866 0.6093 -8.1458 1.6081 9.8307 -0.1674 0.2632
Cyclist -1 -1 3.4849 206.7814 169.6373 267.6721 255.4322 1.7514 1.8784 0.5695 -8.1191 1.6861 15.6944 3.0140 0.2589
Cyclist -1 -1 0.6843 1124.0131 132.0948 1242.0000 250.4670 1.7026 1.8939 0.9902 9.0602 1.1167 11.0599 1.3576 0.2259
Cyclist -1 -1 -0.2498 761.9214 165.5846 784.3781 206.3512 1.7337 1.7760 0.5285 7.0865 1.4249 31.5775 -0.0315 0.2229
Car -1 -1 1.6066 499.9964 184.0963 585.0969 260.8361 1.5374 1.7738 3.9303 -1.5677 1.8349 17.0535 1.5154 0.7080
Car -1 -1 1.7115 375.2976 188.7987 475.3851 263.9890 1.4582 1.7417 3.3937 -4.1555 1.8630 16.5217 1.4681 0.6673
Car -1 -1 3.1466 461.4484 171.9791 519.0635 225.8137 1.6224 3.9167 1.7239 -3.9836 1.5964 23.8126 2.9820 0.4727
Car -1 -1 2.9899 519.3041 180.5752 559.7723 210.7520 1.5228 3.6664 1.6564 -3.9281 1.9661 39.4041 2.8907 0.4724
Car -1 -1 2.9341 625.8881 178.9142 675.1343 211.3797 1.4767 3.9008 1.6451 1.9015 1.7936 35.6370 2.9864 0.3491
Car -1 -1 -0.9233 0.0000 199.6496 208.6384 375.0000 1.5620 1.6608 4.0285 -3.1053 1.7363 2.5461 -1.7566 0.3478
Car -1 -1 2.9816 621.1436 179.2314 654.0108 202.9453 1.4709 3.6201 1.6042 1.7526 1.9093 47.6669 3.0176 0.2561
