Pedestrian -1 -1 1.3826 485.1945 174.4328 507.3493 219.2586 1.7527 0.7514 0.7042 -4.5696 1.8169 28.7005 1.2255 0.4303
Pedestrian -1 -1 3.0152 499.8817 174.3618 518.0244 214.8391 1.7194 0.7442 0.6861 -4.4042 1.7858 31.1302 2.8753 0.4264
Pedestrian -1 -1 1.6777 865.1985 169.6271 899.5289 226.3933 1.7386 0.9352 0.7798 8.5096 1.6401 22.6536 2.0322 0.3835
Cyclist -1 -1 1.0431 854.7953 171.3633 922.2593 227.5742 1.7267 1.8594 0.7429 8.7008 1.6813 22.6820 1.4044 0.3116
Car -1 -1 -1.7944 752.3076 178.8115 905.8578 280.8421 1.5440 1.7380 4.0939 3.7485 1.6709 13.2435 -1.5255 0.8036
Car -1 -1 1.2433 972.2834 170.3247 1044.6930 197.7360 1.6181 3.4455 1.8003 24.0834 1.4692 43.7721 1.7431 0.5246
Car -1 -1 1.3487 797.1707 167.8974 864.2836 193.5242 1.5925 3.7830 1.7384 13.9446 1.2849 45.8374 1.6420 0.4953
Car -1 -1 1.2089 609.5661 177.2242 677.6217 204.0580 1.5202 3.6413 1.7503 1.9434 1.7878 42.7292 1.2535 0.4876
Car -1 -1 0.1108 30.5245 189.4182 73.6856 216.6294 1.5362 3.8150 1.7253 -35.0288 2.6252 45.3395 -0.5443 0.3254
Car -1 -1 -0.2117 310.2428 182.7655 348.9267 206.9871 1.5145 3.9560 1.6515 -19.0838 2.2161 48.9422 -0.5820 0.3211
Car -1 -1 0.9966 1160.4883 163.1567 1242.0000 194.0732 1.7297 3.2087 1.8846 33.9521 1.1875 41.4761 1.6789 0.3081
Car -1 -1 3.1458 275.1087 181.0016 304.7111 206.2491 1.5291 3.8499 1.7030 -20.9354 2.0858 47.1599 2.7298 0.2813
Car -1 -1 3.0473 409.1333 181.2200 442.2589 207.5081 1.4863 3.6508 1.6200 -11.3193 2.0206 44.0529 2.7968 0.2750
