Pedestrian -1 -1 2.5165 514.3101 166.4931 528.5822 193.5370 1.8696 0.8102 0.6352 -6.2147 1.4302 50.3912 2.3941 0.3114
Pedestrian -1 -1 2.2688 979.4836 139.9830 1034.9563 231.7202 1.7724 0.7548 0.6091 7.8697 1.1377 14.4016 2.7600 0.2903
Pedestrian -1 -1 0.4377 1184.9554 150.4102 1242.0000 269.3192 1.8026 0.7400 0.7431 9.6918 1.4627 11.4296 1.1279 0.2552
Car -1 -1 -2.0808 893.2216 193.0327 1242.0000 375.0000 1.4900 1.6535 4.1326 2.8312 1.6532 3.6783 -1.4638 0.6709
Car -1 -1 -1.6763 692.0194 167.2212 783.4023 242.8521 1.6944 1.8063 4.0427 3.0476 1.5685 18.2313 -1.5141 0.6612
Car -1 -1 1.4427 680.9000 173.8869 740.4512 221.4774 1.5900 1.6254 3.8966 3.5233 1.6306 26.1405 1.5746 0.5781
Car -1 -1 -2.5871 41.7608 178.7105 368.8785 294.7419 1.5424 1.5948 3.9585 -5.8449 1.6362 10.5967 -3.0810 0.5562
Car -1 -1 3.1954 551.5300 179.1040 579.4710 203.1470 1.4967 3.5768 1.6538 -2.9343 1.9253 47.6408 3.1338 0.5527
Car -1 -1 -1.7804 655.9335 175.3737 699.3627 203.9070 1.5645 1.7802 3.6110 3.8335 1.7174 41.7929 -1.6901 0.3764
Car -1 -1 2.5852 575.6218 177.2798 617.4854 197.3653 1.5385 3.6967 1.6685 -1.1398 1.9078 58.1517 2.5652 0.3217
