Pedestrian -1 -1 0.7929 1083.0190 159.3355 1242.0000 375.0000 1.7063 0.9627 0.6772 3.9268 1.6203 5.0066 1.4289 0.5074
Pedestrian -1 -1 1.6155 192.2304 187.4702 224.0047 240.1479 1.7547 0.9232 0.7296 -13.8803 2.2695 24.8588 1.1105 0.3330
Car -1 -1 1.7987 348.9945 189.9368 479.2576 281.4439 1.4967 1.6779 3.6957 -3.7828 1.8814 14.3653 1.5448 0.8119
Car -1 -1 1.9137 93.0680 195.5403 390.3076 375.0000 1.5213 1.8835 3.4303 -3.9035 1.8377 8.2595 1.4837 0.7751
Car -1 -1 1.7151 452.8959 189.4942 531.1008 248.8220 1.4685 1.7095 3.5089 -3.3233 1.9851 20.6147 1.5565 0.7628
Car -1 -1 -2.2560 645.8083 180.1350 746.6370 228.0515 1.5061 2.3684 2.5612 2.9026 1.7752 24.9156 -2.1421 0.5775
Car -1 -1 -1.4624 483.2643 184.8661 547.1827 233.5052 1.5319 1.8492 3.6518 -3.3096 1.9872 25.4780 -1.5910 0.5206
Car -1 -1 1.2048 810.2986 166.7271 1001.9244 271.1653 1.6162 1.7259 4.3733 5.1408 1.5217 13.3555 1.5641 0.5045
Car -1 -1 -0.5501 785.6466 176.6358 957.0430 244.0834 1.5496 1.5969 3.7128 6.3821 1.6499 17.8796 -0.2132 0.4362
Car -1 -1 0.8884 698.0043 179.9120 784.2386 214.5413 1.4671 3.5927 1.7079 5.9362 1.8045 32.8416 1.0650 0.3807
Car -1 -1 -0.9299 0.0000 199.6044 213.1066 375.0000 1.5589 1.6769 3.9808 -3.0599 1.7313 2.5256 -1.7595 0.3561
Car -1 -1 0.7525 1091.1510 141.3110 1242.0000 222.4301 1.8017 3.4192 1.7040 13.5813 1.1015 17.1307 1.4144 0.3137
