Pedestrian -1 -1 -1.4377 0.0000 171.7812 48.2005 271.3513 1.8520 0.9151 0.7097 -11.5490 1.8324 13.9595 -2.1196 0.4393
Pedestrian -1 -1 -0.7685 789.4221 164.8578 808.6981 200.5434 1.7568 0.6947 0.6211 9.3869 1.3635 35.9739 -0.5156 0.3781
Pedestrian -1 -1 -0.6590 798.2821 150.9226 833.4636 212.1180 1.8426 0.8279 0.6753 6.2919 1.1826 22.2330 -0.3871 0.3321
Pedestrian -1 -1 0.0767 563.0084 164.0876 576.6110 199.5962 1.8463 0.8374 0.6531 -2.1462 1.3908 37.9389 0.0202 0.2619
Pedestrian -1 -1 -1.3962 451.2823 181.8375 465.9435 211.1001 1.7087 0.7389 0.7038 -8.9930 2.2455 42.7161 -1.6029 0.2450
Pedestrian -1 -1 -1.3204 280.2375 178.7501 297.0658 201.6230 1.8497 1.1168 0.7079 -26.3035 2.3359 59.0158 -1.7382 0.2374
Cyclist -1 -1 0.3288 111.9569 167.4513 141.6268 206.6113 1.9010 2.0423 0.6019 -24.1854 1.6391 36.0877 -0.2584 0.4622
Cyclist -1 -1 2.6780 785.5421 165.7197 811.0938 202.0593 1.7771 1.7276 0.5160 9.3921 1.4286 36.1812 2.9296 0.3382
Cyclist -1 -1 0.5117 277.8115 176.7246 297.0570 198.9606 1.7785 1.8926 0.5846 -26.3951 2.1006 59.0138 0.0925 0.2824
Car -1 -1 -1.3944 638.6000 173.1009 681.8353 204.3776 1.5791 1.6503 3.8994 2.6976 1.5934 38.5507 -1.3256 0.6057
Car -1 -1 0.2410 341.9750 186.8788 408.1008 229.3386 1.4827 3.6341 1.6371 -9.1728 2.0695 28.2981 -0.0702 0.5789
Car -1 -1 3.1829 488.9211 180.3913 518.3503 206.3746 1.4966 3.8555 1.6470 -6.5845 1.9850 44.7206 3.0371 0.5255
Car -1 -1 -3.3102 719.0020 171.2965 758.1033 198.8536 1.5736 3.6119 1.6994 7.5803 1.4850 43.0077 -3.1373 0.3868
Car -1 -1 -0.0846 539.7267 180.8686 561.9072 198.9859 1.5015 3.5575 1.6417 -5.2431 2.2266 63.3586 -0.1673 0.2646
