Pedestrian -1 -1 2.3905 919.4213 171.6911 990.2686 273.4508 1.6419 0.8236 0.7001 5.7373 1.6235 12.1403 2.8218 0.6692
Pedestrian -1 -1 -0.8260 843.8495 169.0458 874.8000 221.1718 1.7600 0.7614 0.6602 8.5401 1.6318 24.8521 -0.4992 0.4594
Pedestrian -1 -1 3.0972 315.5374 173.3827 324.3927 196.3588 1.8235 0.6825 0.6281 -23.2296 1.8665 57.7231 2.7159 0.3093
Pedestrian -1 -1 -0.5797 739.2516 161.2732 766.2880 212.6781 1.7990 0.7781 0.6190 5.0423 1.3941 25.7265 -0.3889 0.2307
Pedestrian -1 -1 -1.4378 675.6138 177.9656 683.7288 199.0793 1.6801 0.5645 0.6863 5.5783 2.0943 58.0051 -1.3429 0.2105
Pedestrian -1 -1 2.1577 732.3239 172.2261 753.0044 210.6308 1.6913 0.6784 0.6216 5.8864 1.6640 32.2315 2.3362 0.2094
Pedestrian -1 -1 -0.9843 990.3153 141.6860 1057.2638 243.0955 1.7961 0.8638 0.6367 7.5700 1.2444 13.3066 -0.4769 0.1882
Pedestrian -1 -1 0.4843 1092.4434 189.9736 1115.7679 226.3196 1.8041 0.7561 0.7122 25.1407 2.6886 36.7678 1.0796 0.1758
Pedestrian -1 -1 -2.0704 725.1241 175.7833 738.0087 197.2012 1.7732 0.8424 0.6726 10.1380 2.0203 60.3157 -1.9051 0.1736
Cyclist -1 -1 -0.5623 674.3980 175.1951 701.2869 205.5184 1.7570 1.9579 0.6439 4.5900 1.9001 42.9816 -0.4572 0.5366
Cyclist -1 -1 2.3328 720.7801 176.5608 742.0681 197.7734 1.7325 1.8013 0.6450 10.0940 2.0467 60.1624 2.4978 0.4854
Cyclist -1 -1 2.8685 672.5672 178.8173 685.8127 199.9423 1.6558 1.6915 0.6225 5.5247 2.1424 57.9405 2.9626 0.4046
Cyclist -1 -1 -0.3567 729.2406 173.4241 754.5255 211.2379 1.6480 1.7369 0.5370 5.8634 1.6746 32.3725 -0.1797 0.2181
Cyclist -1 -1 -0.7252 830.4905 168.5152 880.3242 219.8494 1.7084 1.8095 0.5671 8.4186 1.5644 24.9536 -0.4040 0.1923
Cyclist -1 -1 0.1061 81.5438 168.4737 99.6073 203.0197 1.8343 1.9779 0.5886 -28.3266 1.6020 39.3137 -0.5152 0.1919
Car -1 -1 3.3866 232.6259 179.6117 274.1176 203.8163 1.5980 4.0962 1.6814 -25.1897 2.0968 51.0302 2.9299 0.4561
Car -1 -1 2.5494 635.7374 184.9903 680.5114 205.9519 1.5268 3.6936 1.7588 3.7379 2.5195 56.9531 2.6140 0.3257
Car -1 -1 -2.6153 172.1096 180.7357 236.5662 207.5769 1.5634 4.0789 1.7015 -25.4036 2.0809 45.2854 -3.1243 0.2838
Car -1 -1 -2.2305 1127.7289 189.0544 1236.4244 224.7585 1.5469 3.6389 1.6433 25.9369 2.3033 32.8393 -1.5670 0.2287
Car -1 -1 0.4211 279.0188 180.8764 322.1679 202.0873 1.5758 3.9297 1.6739 -24.4439 2.2328 57.0782 0.0179 0.1845
Car -1 -1 2.6146 692.8228 175.2889 734.6075 195.1988 1.6175 4.0163 1.7223 8.7497 1.8322 61.3336 2.7553 0.1787
Car -1 -1 3.3471 288.8976 181.6643 318.7220 200.6432 1.5168 3.6531 1.6230 -26.0480 2.2910 61.4217 2.9473 0.1714
