Pedestrian -1 -1 2.7425 743.8704 163.6129 784.6328 238.5547 1.7951 0.8602 0.6983 3.7405 1.5741 17.7702 2.9458 0.3402
Pedestrian -1 -1 2.2922 771.6732 161.2341 788.9295 193.3113 1.8791 0.7496 0.6547 10.0583 1.1988 42.7612 2.5213 0.3235
Pedestrian -1 -1 -1.8574 791.5081 171.8447 803.4631 195.0113 1.7918 0.7343 0.6896 14.5656 1.7141 56.1617 -1.6053 0.2970
Pedestrian -1 -1 1.9547 1187.2012 140.3185 1238.2825 212.7075 1.8861 0.8571 0.6914 16.1019 1.0388 19.3391 2.6414 0.2908
Pedestrian -1 -1 -1.6051 643.2130 171.9708 653.8177 194.1104 1.8133 0.8508 0.5986 3.1450 1.7413 59.3994 -1.5529 0.2760
Pedestrian -1 -1 2.4749 965.0334 155.1352 994.4885 203.0708 1.9106 0.8727 0.6631 14.9414 1.2047 29.2498 2.9428 0.2619
Pedestrian -1 -1 3.1051 78.5747 183.0591 92.8330 212.3887 1.7087 0.6555 0.6624 -31.1490 2.3213 42.8175 2.4790 0.2549
Cyclist -1 -1 -0.6720 786.9653 173.6586 806.6779 195.4935 1.6702 1.6418 0.5873 14.4982 1.7342 56.1239 -0.4208 0.3708
Cyclist -1 -1 0.5084 43.7873 183.8938 70.7028 210.9063 1.6530 1.7902 0.5536 -35.1279 2.3688 45.8323 -0.1429 0.3120
Cyclist -1 -1 -0.5326 521.1669 179.8222 539.7787 202.4456 1.6326 1.7184 0.5767 -5.9263 2.1576 53.4583 -0.6429 0.3037
Cyclist -1 -1 -0.6382 954.0485 156.9072 997.7119 201.9913 1.7752 1.7099 0.6932 14.7982 1.1476 29.3096 -0.1750 0.2864
Cyclist -1 -1 3.2067 89.9139 188.5106 109.7247 228.3581 1.6557 1.7459 0.5914 -22.3616 2.3609 31.5829 2.5943 0.2732
Car -1 -1 -2.5446 573.7733 177.5532 631.8193 205.4537 1.4747 2.9886 1.9109 -0.4107 1.7505 40.5061 -2.5552 0.5967
Car -1 -1 -0.9955 442.5726 178.3315 526.6100 219.4962 1.5315 1.6913 3.5763 -5.0664 1.7696 29.3442 -1.1655 0.5382
Car -1 -1 3.1315 78.5832 180.8532 107.3468 203.6694 1.5785 3.7267 1.6796 -38.2458 2.1921 53.3180 2.5114 0.4551
Car -1 -1 -2.4513 211.0114 183.8767 336.5615 242.3021 1.4628 2.9880 1.6865 -9.4249 1.7995 20.3507 -2.8804 0.4404
Car -1 -1 3.1671 3.8391 185.2671 45.8766 216.3973 1.5276 4.0808 1.6592 -31.7846 2.2393 39.2229 2.4893 0.3158
Car -1 -1 -0.9103 219.2849 179.6266 322.3572 224.5030 1.5747 1.7732 3.5729 -13.0215 1.8546 27.8411 -1.3445 0.3090
Car -1 -1 -2.8336 709.5769 174.7796 741.1224 192.6445 1.5523 3.2314 1.9196 10.3889 1.7310 64.9694 -2.6761 0.2850
Car -1 -1 3.2611 35.5421 183.1202 75.5045 208.7677 1.5481 3.6968 1.6342 -36.2216 2.2481 47.1642 2.6088 0.2791
Car -1 -1 1.7859 777.8152 175.0907 844.0919 200.0279 1.4574 3.6336 1.6252 12.2190 1.5990 44.0097 2.0546 0.2454
