Pedestrian -1 -1 3.3236 380.4933 177.7163 418.2820 248.6719 1.6784 0.7855 0.7524 -5.1620 1.8000 17.5521 3.0410 0.5555
Pedestrian -1 -1 1.3425 1161.6886 158.8894 1242.0000 294.5534 1.6804 0.8725 0.8406 7.8593 1.5078 9.5020 2.0179 0.4261
Pedestrian -1 -1 -0.9359 388.1535 180.0754 400.2827 202.4797 1.7100 0.6011 0.6990 -16.7055 2.2730 55.7778 -1.2259 0.2898
Pedestrian -1 -1 -1.7374 748.5089 173.4349 758.7983 193.5193 1.7662 0.7911 0.6703 12.6824 1.8182 63.8151 -1.5425 0.2700
Pedestrian -1 -1 -1.6431 477.8573 176.8741 488.6264 199.4427 1.8097 0.8111 0.6908 -10.2937 2.1381 58.4437 -1.8170 0.2696
Pedestrian -1 -1 3.3884 343.0339 168.4296 385.2751 254.3581 1.7468 0.8051 0.6587 -5.1813 1.6572 15.0922 3.0625 0.2395
Cyclist -1 -1 0.7323 1096.5679 168.4736 1242.0000 303.0974 1.6759 1.9928 0.8735 7.6416 1.6217 9.5887 1.3896 0.4383
Cyclist -1 -1 2.9154 387.8956 181.3042 400.0937 202.6936 1.6090 1.6141 0.5555 -16.7285 2.2724 55.7744 2.6250 0.3640
Cyclist -1 -1 -0.4832 744.5203 174.6587 760.3138 194.5993 1.7360 1.7837 0.6110 12.5893 1.8987 63.9270 -0.2900 0.2590
Cyclist -1 -1 -0.3583 474.9717 178.3619 489.8851 200.3006 1.7383 1.7271 0.6243 -10.3779 2.1923 58.5238 -0.5335 0.2492
Car -1 -1 -0.9012 93.2625 180.7241 313.1237 274.3993 1.5309 1.6693 3.9096 -7.7921 1.7089 14.2079 -1.3953 0.5864
Car -1 -1 -0.5567 544.0658 175.5415 665.2751 220.3457 1.6043 1.8338 4.4050 -0.2157 1.7163 28.0215 -0.5650 0.5624
Car -1 -1 -2.8041 397.9852 178.1494 458.0343 212.0336 1.5148 3.6966 1.6718 -8.7359 1.7844 34.7702 -3.0489 0.4877
Car -1 -1 2.6988 833.9575 167.4819 929.7578 204.8903 1.6538 1.5975 3.7611 12.2989 1.4166 32.8565 3.0536 0.4410
Car -1 -1 -3.1432 702.5912 175.5551 727.0776 198.4598 1.5072 3.4937 1.6128 7.1907 1.7008 49.7549 -3.0009 0.3093
Car -1 -1 -2.1322 1047.0974 159.6924 1122.8430 184.2733 1.6225 3.8548 1.8764 31.9083 0.7541 48.5931 -1.5541 0.3061
Car -1 -1 1.6043 1036.1461 169.5332 1105.5160 194.2452 1.5357 3.7184 1.7202 29.7079 1.3297 46.5930 2.1688 0.2542
Car -1 -1 -0.4904 166.2524 183.0000 216.3739 204.2417 1.4647 3.6508 1.6655 -30.8017 2.2341 53.0162 -1.0148 0.2452
