Pedestrian -1 -1 3.1468 354.3988 173.4122 410.1353 305.2769 1.6623 0.8440 0.6778 -3.0780 1.6705 9.6005 2.8435 0.3487
Car -1 -1 -1.5385 578.9698 175.0941 630.7763 224.4847 1.5179 1.6069 3.7969 -0.1582 1.5996 24.2639 -1.5457 0.6667
Car -1 -1 -2.1059 0.0000 133.3773 369.2005 330.5676 1.6744 1.7939 3.8517 -4.7426 1.3395 7.8423 -2.6353 0.5638
Car -1 -1 -0.7638 281.3406 166.9320 464.2452 252.8843 1.6172 3.4096 1.7958 -5.0396 1.5061 15.1685 -1.0800 0.4370
Car -1 -1 2.8667 371.9604 173.4495 477.1212 241.3391 1.5749 3.7981 1.6768 -4.9785 1.5925 18.8340 2.6111 0.4167
Car -1 -1 3.0013 632.4010 176.2551 659.4609 196.1876 1.4894 3.4803 1.6323 2.7491 1.7639 56.3372 3.0494 0.3749
Car -1 -1 -0.4191 424.1848 177.8717 510.3196 225.0131 1.5492 3.7129 1.6886 -5.2767 1.7452 26.1376 -0.6169 0.3496
Car -1 -1 0.9619 0.0000 177.8526 211.8991 375.0000 1.5395 2.7037 2.3391 -4.9176 1.5864 5.1391 0.2242 0.3473
Car -1 -1 -3.0254 580.1360 176.9580 621.7632 209.0687 1.5484 3.6908 1.7329 -0.4535 1.7713 37.2068 -3.0381 0.3188
Car -1 -1 -0.5367 513.1839 174.5242 558.3358 196.6397 1.5705 3.6730 1.6871 -5.5635 1.6993 53.5105 -0.6401 0.3054
