Pedestrian -1 -1 -2.4055 713.2358 170.9536 725.1808 192.0358 1.7700 0.8746 0.5571 9.2212 1.6108 61.0670 -2.2567 0.2089
Cyclist -1 -1 -0.3188 703.6689 176.0363 717.2651 196.8301 1.7856 1.7270 0.6678 8.7642 2.0685 63.1465 -0.1820 0.1735
Car -1 -1 -1.6243 569.8629 172.7501 619.1122 217.8525 1.6065 1.6691 3.7900 -0.6997 1.6032 27.6530 -1.6500 0.5947
Car -1 -1 3.6117 0.0000 181.3596 57.1185 231.1113 1.5398 3.5156 1.6957 -21.0033 1.8560 24.8830 2.9158 0.3827
Car -1 -1 -0.1445 284.3842 180.3604 321.3665 206.0745 1.5269 3.7911 1.6456 -19.6798 2.0281 46.0854 -0.5463 0.2673
Car -1 -1 3.4813 294.1488 176.1290 333.8820 197.2053 1.5589 3.8903 1.6455 -22.9291 1.8223 55.9633 3.0939 0.2459
Car -1 -1 3.2944 160.5776 180.5626 193.3783 201.6053 1.5245 3.6772 1.6273 -33.4404 2.1419 55.7516 2.7560 0.2432
Car -1 -1 2.4440 649.6138 178.4071 700.9580 199.8080 1.4722 3.8274 1.6622 4.7057 1.8942 52.7399 2.5321 0.2281
Car -1 -1 -0.0677 723.0167 179.5746 762.4622 212.4184 1.4369 3.5604 1.5826 6.1987 1.7729 34.1795 0.1096 0.2057
Car -1 -1 -0.3970 682.5519 174.3973 729.4121 199.5697 1.5140 3.7072 1.6209 5.9889 1.6163 45.6428 -0.2678 0.1821
Car -1 -1 0.0808 5.3075 172.1362 44.8936 197.8220 1.5502 3.7668 1.6341 -36.9120 1.5072 45.5610 -0.5973 0.1754
