Pedestrian -1 -1 -0.1945 306.1945 165.8594 334.8476 226.7569 1.8384 0.8120 0.6790 -8.9991 1.6276 22.3049 -0.5743 0.3848
Cyclist -1 -1 -2.8454 451.8150 172.4061 474.3913 210.2122 1.7853 1.8776 0.5505 -7.1566 1.7645 35.0304 -3.0459 0.3357
Car -1 -1 -1.8546 733.4611 181.5084 950.0199 324.6981 1.5026 1.6162 3.9706 2.8009 1.6446 9.8075 -1.5855 0.7670
Car -1 -1 -1.7747 683.4959 175.1414 802.5447 261.4430 1.5967 1.6467 4.1849 2.6531 1.6532 15.5826 -1.6101 0.7394
Car -1 -1 -1.4509 473.9043 180.8994 542.5514 235.4426 1.5460 1.7036 3.9087 -3.1965 1.8248 22.9990 -1.5882 0.6776
Car -1 -1 -2.1305 806.1340 182.6137 1242.0000 375.0000 1.5521 1.6670 4.4941 2.6695 1.6427 4.3887 -1.6147 0.6613
Car -1 -1 -1.5386 506.7919 183.6955 548.1885 219.4089 1.4839 1.7657 3.6867 -3.7641 2.0096 33.0459 -1.6517 0.4778
Car -1 -1 -1.4932 652.1964 177.8788 694.2371 215.4306 1.5315 1.5791 3.6202 2.7987 1.7670 31.8503 -1.4070 0.4778
Car -1 -1 -0.0002 677.5160 177.2575 738.8350 228.8495 1.5200 3.4487 1.8262 3.1231 1.6743 23.3948 0.1301 0.3917
Car -1 -1 -1.7996 627.3893 178.4647 669.4446 206.3250 1.5329 1.6465 3.7912 2.1800 1.8796 42.5197 -1.7492 0.3892
Car -1 -1 2.8019 788.9599 170.3955 862.6441 211.8608 1.5510 3.7320 1.6542 8.5081 1.4594 28.8953 3.0851 0.3087
