Pedestrian -1 -1 0.1340 224.2638 176.8895 267.2239 255.0441 1.7355 0.9350 0.7638 -8.4368 1.8322 16.6443 -0.3292 0.7887
Pedestrian -1 -1 3.2583 69.0219 176.9494 118.9363 269.6642 1.7307 0.7934 0.6973 -10.0669 1.8136 14.0268 2.6445 0.3478
Pedestrian -1 -1 2.8269 375.2008 181.8057 394.1927 216.1643 1.7252 0.7479 0.7348 -11.5968 2.1912 37.0130 2.5249 0.2203
Pedestrian -1 -1 1.5745 956.9142 168.5204 968.3398 194.6167 1.7501 0.6904 0.6590 23.8353 1.4598 48.8324 2.0259 0.1798
Pedestrian -1 -1 3.1639 251.6611 170.5525 280.8111 235.7287 1.7815 0.8665 0.7178 -9.6909 1.7189 20.2612 2.7225 0.1415
Pedestrian -1 -1 2.8839 658.5952 178.2357 675.1335 213.3808 1.6809 0.7195 0.6368 2.7202 1.9457 35.0437 2.9601 0.1326
Cyclist -1 -1 3.5256 238.6054 168.9681 287.1414 236.4935 1.8083 1.7726 0.6009 -9.7473 1.7046 20.2224 3.0812 0.1878
Cyclist -1 -1 -0.4450 652.3017 177.4853 677.6528 210.9624 1.5875 1.6995 0.5570 2.6435 1.8205 35.3521 -0.3716 0.1814
Cyclist -1 -1 -0.6439 948.3962 170.3511 974.2912 195.6457 1.6810 1.8098 0.6085 23.7647 1.5150 48.8938 -0.1942 0.1805
Cyclist -1 -1 -2.8404 388.9187 176.4058 410.1092 209.5865 1.7833 1.7807 0.6235 -11.6521 1.9843 39.8631 -3.1234 0.1735
Cyclist -1 -1 0.2252 57.0972 178.0228 122.4245 273.5521 1.7195 1.9131 0.6099 -10.1694 1.8280 14.0933 -0.3911 0.1542
Cyclist -1 -1 3.0401 480.3587 182.0168 494.6742 215.9909 1.6418 1.7354 0.5344 -6.2015 2.1142 36.2628 2.8714 0.1406
Cyclist -1 -1 -0.1108 434.6816 184.1450 446.2556 215.2187 1.5946 1.6177 0.4236 -9.0796 2.2099 38.4625 -0.3416 0.1378
Cyclist -1 -1 0.4302 76.8041 181.5375 132.8628 246.7761 1.7566 1.8959 0.5697 -14.4822 2.0175 20.6695 -0.1751 0.1365
Cyclist -1 -1 0.4313 119.0468 176.5787 187.6419 257.3200 1.7681 1.9600 0.5826 -10.6989 1.8609 16.8995 -0.1263 0.1321
Car -1 -1 2.5819 1020.0859 171.8966 1102.5344 204.1738 1.5352 3.9048 1.6789 22.5423 1.4900 36.2750 3.1339 0.2250
Car -1 -1 -3.4387 1181.4921 175.1928 1242.0000 218.3492 1.4640 3.6658 1.7032 22.7822 1.5575 26.7132 -2.7384 0.2102
Car -1 -1 2.8755 630.7689 179.5332 664.5084 199.4703 1.5328 3.8244 1.8010 3.0102 2.0976 58.9121 2.9258 0.1855
Car -1 -1 2.5405 624.3191 179.3147 671.3680 200.6193 1.4993 3.8389 1.6311 2.7708 2.0025 54.0884 2.5909 0.1783
Car -1 -1 -0.6641 641.4850 179.8410 702.3843 205.4704 1.4833 4.0247 1.6517 3.7836 1.9407 45.0565 -0.5814 0.1408
Car -1 -1 1.1555 711.1102 177.1628 777.8082 202.1411 1.5023 3.7429 1.6609 8.3485 1.7792 45.0634 1.3371 0.1381
