Pedestrian -1 -1 3.2677 266.8885 173.4973 288.3053 221.5065 1.7292 0.7449 0.6233 -12.2215 1.7535 26.4458 2.8383 0.4167
Pedestrian -1 -1 -0.8670 610.9390 172.7380 628.3809 204.9492 1.8442 0.7187 0.7154 0.5259 1.8379 41.8125 -0.8551 0.3822
Pedestrian -1 -1 2.4484 847.2206 139.3649 899.6667 236.1799 1.8112 0.7741 0.5931 5.0379 1.1851 13.9618 2.7875 0.3527
Car -1 -1 -1.8439 724.4487 169.5200 920.3218 308.7974 1.5937 1.5988 3.6244 2.6717 1.5559 10.0833 -1.5933 0.7579
Car -1 -1 3.5496 2.7716 187.7460 242.2297 307.3237 1.5661 4.1773 1.7596 -7.9297 1.8637 12.1969 2.9827 0.7542
Car -1 -1 1.6510 269.0840 182.8706 364.1655 247.6726 1.5655 2.1543 3.1516 -7.9855 1.8663 19.8150 1.2720 0.7484
Car -1 -1 -2.1181 813.7584 183.6303 1242.0000 375.0000 1.5712 1.7467 4.2996 2.8611 1.6762 4.8213 -1.6103 0.7229
Car -1 -1 -1.7703 651.4622 164.3639 713.4379 209.7809 1.6546 1.6651 3.8535 2.7196 1.3457 28.2879 -1.6760 0.6473
Car -1 -1 -1.7558 711.2860 175.3046 827.5833 263.7412 1.5698 1.6068 3.7258 3.0653 1.6268 14.7833 -1.5563 0.5535
Car -1 -1 -1.5817 584.2237 171.2071 619.9497 205.9893 1.5863 1.6304 3.8464 -0.4467 1.5115 34.8461 -1.5949 0.4703
Car -1 -1 -0.5308 569.9111 175.4655 627.8096 203.2905 1.5703 3.6691 1.8539 -0.7431 1.7342 43.1502 -0.5484 0.3356
