Pedestrian -1 -1 3.2695 353.6243 177.4852 408.1851 289.5939 1.6781 0.9135 0.7056 -3.6386 1.7546 11.3514 2.9651 0.8352
Pedestrian -1 -1 3.1629 441.4601 168.6467 458.4168 214.2877 1.7705 0.6754 0.6373 -6.3341 1.6076 28.3797 2.9448 0.4916
Pedestrian -1 -1 2.9130 485.8598 172.1644 512.6260 227.1770 1.7783 0.8518 0.6986 -3.7111 1.7564 23.8464 2.7596 0.3906
Pedestrian -1 -1 3.2135 385.4894 172.2007 410.3398 232.1742 1.7390 0.8146 0.6495 -6.3256 1.7204 21.3858 2.9288 0.3178
Pedestrian -1 -1 1.3590 1149.0848 156.8439 1233.8250 276.2854 1.7620 0.8907 0.6611 8.8915 1.5262 11.1325 2.0195 0.2899
Pedestrian -1 -1 0.5572 1063.7903 208.6187 1242.0000 375.0000 1.6976 0.7767 0.8236 2.6959 1.8887 3.3203 1.1948 0.2658
Pedestrian -1 -1 -0.2495 343.4128 175.5316 373.7314 233.0779 1.7302 0.8036 0.7079 -7.8106 1.8152 22.2708 -0.5835 0.2597
Pedestrian -1 -1 2.2561 542.4804 166.6449 559.6566 196.4590 1.8547 0.8765 0.6294 -3.7396 1.4688 45.3916 2.1740 0.2592
Pedestrian -1 -1 2.8846 732.7824 162.0013 762.8519 226.3029 1.8248 0.7890 0.6730 3.9362 1.5172 20.8919 3.0676 0.2457
Pedestrian -1 -1 3.1375 132.7644 148.7047 206.1405 322.9972 1.7897 0.8732 0.6580 -4.8992 1.5421 7.9501 2.5996 0.2195
Pedestrian -1 -1 0.3959 754.3351 181.9995 772.4776 212.8036 1.7304 0.8603 0.7466 8.7764 2.2631 41.4303 0.6025 0.2123
Pedestrian -1 -1 -1.4795 670.5205 172.6764 681.3055 194.0561 1.8073 0.8586 0.6572 5.5881 1.7927 61.3935 -1.3896 0.2083
Cyclist -1 -1 -0.1264 679.7319 169.5667 714.3702 244.8364 1.7763 1.8706 0.6124 2.0965 1.6991 17.9645 -0.0130 0.6424
Cyclist -1 -1 -1.5140 716.6017 156.6828 772.1192 211.1252 1.7657 1.7787 0.6216 4.4110 1.2416 23.9089 -1.3343 0.4756
Cyclist -1 -1 -0.4559 706.6764 175.1607 725.7283 200.0535 1.6664 1.7026 0.5977 7.2277 1.8275 49.3687 -0.3118 0.4344
Cyclist -1 -1 2.9026 668.9053 172.6734 681.1352 193.5609 1.7539 1.8031 0.6265 5.5149 1.7391 61.5228 2.9912 0.4002
Cyclist -1 -1 -0.2984 870.6503 137.4886 1011.0800 353.3169 1.8021 1.8092 0.6767 3.0441 1.5071 6.9550 0.0977 0.3082
Cyclist -1 -1 3.0230 400.4365 167.2339 426.4796 227.5141 1.8018 1.8148 0.5726 -6.1924 1.6342 22.5128 2.7571 0.2348
Cyclist -1 -1 1.4153 797.8853 170.3842 836.0458 204.4760 1.7916 1.8717 0.6373 10.9520 1.6622 38.3453 1.6911 0.2308
Cyclist -1 -1 -0.3622 528.5234 170.0940 555.2462 207.3709 1.7717 1.7230 0.7338 -3.3754 1.6409 35.2265 -0.4575 0.2283
Cyclist -1 -1 0.0856 442.8782 167.1650 461.1709 213.1971 1.7651 1.7552 0.5599 -6.2868 1.5473 28.5706 -0.1295 0.2255
Cyclist -1 -1 2.5710 940.2231 171.4434 987.5466 224.0916 1.7001 1.7704 0.5459 11.8022 1.6549 24.2092 3.0193 0.2236
Cyclist -1 -1 -0.1683 549.4772 178.9571 563.5651 207.0290 1.6850 1.7887 0.5755 -3.3501 2.0710 44.6522 -0.2432 0.2202
Cyclist -1 -1 3.6419 0.0000 86.8886 170.2076 346.2950 1.8087 1.7529 0.4133 -4.3215 1.2097 5.9219 3.0324 0.2148
Cyclist -1 -1 -1.6170 749.2499 159.0544 851.3931 255.9652 1.7628 1.8242 0.6392 3.5086 1.5122 13.6164 -1.3709 0.2143
Cyclist -1 -1 3.1360 439.4231 178.4214 459.7211 232.8335 1.8006 1.8365 0.6633 -5.6181 2.0017 25.0421 2.9170 0.2138
Cyclist -1 -1 -0.4884 778.1668 144.3372 887.1096 284.0639 1.8019 1.7987 0.6921 3.0500 1.4345 10.2533 -0.2080 0.2105
Cyclist -1 -1 -0.3422 740.8163 154.6402 796.5480 234.4635 1.7789 1.7640 0.7190 3.6579 1.3734 16.9997 -0.1345 0.2094
Cyclist -1 -1 -0.3999 771.3284 173.8948 792.4444 202.3433 1.6412 1.7893 0.5553 10.1075 1.7044 42.6194 -0.1691 0.2072
Car -1 -1 3.1898 107.7014 173.5912 280.3801 321.4806 1.5968 3.9358 1.7014 -5.5890 1.6095 9.9509 2.6889 0.2811
Car -1 -1 3.4184 332.8620 183.2634 422.6785 239.9081 1.4911 3.6641 1.5946 -6.8607 1.8288 21.5269 3.1129 0.2636
Car -1 -1 2.1732 938.6337 170.2948 1087.1335 223.8060 1.5818 3.9195 1.7237 12.9178 1.5065 23.4636 2.6707 0.2175
Car -1 -1 -2.6666 0.0000 0.0000 1234.2031 375.0000 1.5362 1.6463 3.9221 2.7335 1.6425 1.7253 -1.7340 0.2162
