Pedestrian -1 -1 1.1358 580.8498 191.8876 594.2814 214.5838 1.6736 0.7760 0.7375 -1.7242 3.1264 54.5531 1.1037 0.4388
Pedestrian -1 -1 -1.5107 576.6214 185.0101 586.8742 209.6287 1.7176 0.6841 0.7218 -2.0258 2.5845 51.0677 -1.5507 0.4296
Pedestrian -1 -1 0.2020 890.5571 182.6415 926.5079 247.1974 1.7116 0.9248 0.7523 8.1918 1.9900 19.9010 0.5864 0.4009
Pedestrian -1 -1 -2.6017 713.7488 195.8692 742.6245 241.5856 1.7444 0.8357 0.8223 4.6605 2.6790 28.7013 -2.4434 0.3939
Pedestrian -1 -1 1.5188 670.6602 193.3666 683.9620 218.2505 1.7446 0.9067 0.7956 4.7896 3.2261 51.6834 1.6099 0.3639
Pedestrian -1 -1 2.8617 511.1163 173.9910 530.7900 215.8384 1.8000 0.8814 0.6353 -3.9436 1.8510 31.5924 2.7380 0.2923
Pedestrian -1 -1 0.5045 365.1219 162.0694 436.2902 287.0569 1.7639 0.7863 0.7174 -3.1264 1.6121 10.6433 0.2246 0.2381
Pedestrian -1 -1 -0.1353 1079.6477 192.4591 1125.8239 270.2142 1.7632 0.9105 0.7856 11.7025 2.2477 17.2333 0.4524 0.2155
Pedestrian -1 -1 -3.0205 1218.1173 185.2583 1242.0000 247.1932 1.7401 0.7306 0.6981 18.1470 2.1098 20.9759 -2.3149 0.2094
Pedestrian -1 -1 0.7453 850.7950 184.8779 875.7729 224.9329 1.8077 0.8319 0.7166 11.6769 2.3728 33.3798 1.0783 0.2049
Cyclist -1 -1 -0.6009 710.8384 195.5891 744.3143 242.0668 1.7575 1.3936 0.6387 4.6395 2.6895 28.7982 -0.4438 0.3954
Cyclist -1 -1 -0.7020 1124.7400 180.9035 1202.2847 251.1552 1.7592 1.8382 0.5754 14.6456 1.9844 19.2145 -0.0588 0.3549
Cyclist -1 -1 3.2078 452.8925 179.5453 472.1571 232.3959 1.8041 1.8582 0.5549 -5.3109 2.0529 25.8285 3.0063 0.3116
Cyclist -1 -1 -0.6812 871.5943 170.4644 912.9388 213.0831 1.8087 1.8564 0.6581 12.3015 1.7077 31.6035 -0.3137 0.2724
Cyclist -1 -1 -1.7691 572.3221 183.4360 598.2712 210.6257 1.8904 1.7419 0.6495 -1.7797 2.6475 51.0822 -1.8044 0.2647
Cyclist -1 -1 -0.3413 703.0748 176.7693 729.2248 215.7895 1.7424 1.9335 0.5779 4.8618 1.9296 33.4225 -0.1987 0.2616
Cyclist -1 -1 0.3008 417.2644 197.5997 456.8842 276.4106 1.6989 1.6329 0.4380 -4.0789 2.3075 16.9015 0.0666 0.2602
Cyclist -1 -1 -1.7964 667.7463 189.2512 693.9490 215.4393 1.8391 1.7551 0.7040 5.0451 3.0251 51.7094 -1.7004 0.2476
Cyclist -1 -1 -2.0035 896.9310 183.0821 941.9391 223.6170 1.8643 1.7988 0.7235 14.4346 2.3490 33.7713 -1.6035 0.2392
Cyclist -1 -1 -0.5601 918.5961 153.0130 1014.3795 263.3140 1.8213 1.8322 0.6332 6.2445 1.4941 12.8586 -0.1177 0.2369
Cyclist -1 -1 -1.5464 490.9370 196.9073 537.0549 245.7677 1.8645 1.7791 0.7068 -3.8129 2.8273 28.4196 -1.6794 0.2362
Car -1 -1 3.0860 573.6910 182.7372 599.4783 204.6166 1.4891 3.9086 1.6692 -1.7795 2.2425 52.9524 3.0521 0.4633
Car -1 -1 -1.3604 541.3160 203.7447 590.0518 239.2214 1.4334 1.5941 3.6634 -2.0971 2.9910 34.4411 -1.4217 0.3549
Car -1 -1 1.4320 695.3952 181.9781 734.3388 209.8055 1.5031 1.7408 3.6500 6.0204 2.0576 41.9952 1.5728 0.3115
Car -1 -1 0.1092 688.1672 176.9730 715.1452 197.7704 1.5405 3.7127 1.6972 7.1489 1.8734 56.2393 0.2345 0.2828
Car -1 -1 -0.0862 478.3942 191.0336 526.3263 233.1834 1.5426 3.6249 1.6581 -4.5766 2.3494 30.0485 -0.2368 0.2295
