Pedestrian -1 -1 1.2448 655.9890 182.1280 688.2947 231.3074 1.6660 0.9312 0.7074 2.1760 1.5625 24.8019 1.3308 0.3859
Cyclist -1 -1 -0.1935 639.0390 182.6090 660.3149 222.8662 1.7109 1.6320 0.6207 1.7846 1.6013 31.3987 -0.1377 0.3542
Cyclist -1 -1 -0.2613 228.8965 185.3954 253.0321 220.3985 1.7466 1.7776 0.6648 -18.7960 1.7571 36.7580 -0.7314 0.2727
Car -1 -1 1.7011 450.0334 185.0577 513.3556 228.6921 1.4708 1.8161 3.4524 -4.5201 1.4666 25.9887 1.5302 0.6923
Car -1 -1 -1.0253 0.0000 192.4712 167.5800 334.6896 1.5500 1.7685 3.7003 -8.0070 1.6714 9.9706 -1.6890 0.6328
Car -1 -1 0.0247 489.2000 182.2375 522.4612 212.6811 1.4946 3.6779 1.6141 -5.2625 1.3495 37.2073 -0.1152 0.6262
Car -1 -1 3.3357 157.2499 189.2178 281.0753 267.6901 1.4701 3.4477 1.6881 -8.2923 1.5684 15.5493 2.8526 0.5552
Car -1 -1 -2.4617 559.5663 179.5508 619.7816 207.1821 1.5130 2.5497 2.3646 -1.0491 1.2039 41.0887 -2.4875 0.5233
Car -1 -1 -0.1888 199.3104 178.6419 258.0471 213.0330 1.5787 4.0569 1.8141 -18.6105 1.2781 35.1473 -0.6729 0.3209
Car -1 -1 2.8943 597.5530 183.4754 635.3132 205.9994 1.5256 4.1368 1.7031 0.5468 1.4088 50.8956 2.9045 0.3143
Car -1 -1 2.7851 654.1516 175.7620 696.3866 199.2010 1.6160 4.0996 1.6934 4.7903 0.9654 51.7579 2.8764 0.2908
Car -1 -1 3.0579 186.1082 178.0617 253.9593 227.8442 1.5571 3.6375 1.7394 -13.2956 1.3345 24.4795 2.5647 0.2884
