Pedestrian -1 -1 -0.6253 701.6376 167.8371 726.0255 212.1863 1.8074 0.8008 0.6548 4.2595 1.6033 29.9097 -0.4858 0.6031
Pedestrian -1 -1 0.0305 796.2007 126.7012 841.5274 276.9996 1.8501 0.8902 0.5407 2.6681 1.2823 9.3839 0.2985 0.4555
Cyclist -1 -1 3.2318 442.9583 176.4877 476.8560 253.6560 1.7348 1.9609 0.6225 -3.6295 1.8275 17.3226 3.0275 0.5692
Cyclist -1 -1 3.2006 520.8082 174.5298 535.4964 215.4225 1.7401 1.7242 0.5415 -3.6218 1.8160 31.6474 3.0870 0.5522
Cyclist -1 -1 3.1608 484.2381 171.9630 510.2122 247.8419 1.7852 1.7962 0.6042 -2.8309 1.7646 17.9035 3.0054 0.4577
Cyclist -1 -1 -0.1797 631.2983 173.3682 643.1443 196.9737 1.7322 1.8035 0.5682 2.0003 1.7716 53.9176 -0.1433 0.3866
Cyclist -1 -1 2.4950 662.8040 180.0274 684.5404 204.0102 1.7107 1.7882 0.6379 4.6361 2.2467 52.9460 2.5813 0.3024
Car -1 -1 2.0272 0.0000 190.4028 299.7700 375.0000 1.5129 1.6787 3.7058 -5.0561 1.7579 8.1372 1.4853 0.7619
Car -1 -1 -2.0355 824.3726 193.2491 1242.0000 375.0000 1.4759 1.6326 3.8865 2.5348 1.6527 4.2629 -1.5302 0.7534
Car -1 -1 3.3651 400.6139 183.0150 482.7626 236.1633 1.5452 4.1576 1.7518 -5.4908 1.9107 23.8491 3.1406 0.5983
Car -1 -1 -0.0649 641.6210 175.7753 672.4889 201.7689 1.5279 3.7027 1.6597 2.8418 1.7167 44.6797 -0.0023 0.4398
Car -1 -1 -1.6851 765.4785 177.3338 881.8688 221.8000 1.5239 3.8588 1.7026 7.5970 1.6936 26.1144 -1.4056 0.3514
Car -1 -1 -2.9241 500.1554 183.7070 541.9538 211.4083 1.5034 3.7491 1.6818 -5.2372 2.1742 42.6275 -3.0462 0.2939
