Pedestrian -1 -1 2.9598 126.7230 171.6970 175.4981 261.5513 1.7570 0.8533 0.6970 -9.3761 1.7347 14.6557 2.3986 0.2511
Pedestrian -1 -1 3.0354 124.5218 165.2135 145.1622 210.2072 1.8032 0.6598 0.6371 -19.3862 1.4973 29.3708 2.4560 0.2022
Cyclist -1 -1 0.0746 62.6878 203.7798 86.9006 260.7796 1.7182 1.6521 0.5054 -17.4554 2.7612 23.4873 -0.5594 0.2770
Cyclist -1 -1 0.1428 306.9284 172.8683 338.8560 233.4989 1.7674 1.9326 0.6341 -8.7968 1.7682 22.0445 -0.2332 0.2343
Car -1 -1 1.6161 948.0438 182.8117 1000.3053 225.4281 1.4792 1.6639 3.8499 14.1895 1.8963 28.1037 2.0788 0.6629
Car -1 -1 -1.2880 787.6253 178.4582 906.9995 251.7418 1.5621 1.7973 3.8976 5.9037 1.7173 17.8179 -0.9738 0.5632
Car -1 -1 1.4350 1079.4723 175.4924 1130.5432 205.0586 1.4682 1.7532 3.4502 26.0409 1.6150 38.1083 2.0305 0.5320
Car -1 -1 -1.3978 875.2115 180.7068 962.5965 236.5465 1.5179 1.9099 3.5020 9.4994 1.7811 22.1592 -0.9983 0.5141
Car -1 -1 1.5721 1021.3354 176.1720 1064.1643 206.9800 1.5729 1.9220 3.6041 23.5217 1.7634 39.3136 2.1075 0.4718
Car -1 -1 -0.0801 1046.7952 171.0751 1084.0569 198.3352 1.6068 3.6734 1.6377 28.0265 1.5023 44.5338 0.4783 0.3886
Car -1 -1 3.3414 17.2886 188.9257 111.9517 248.4484 1.5848 3.6182 1.6208 -16.7444 2.1252 22.2610 2.7021 0.2110
