Pedestrian -1 -1 2.9303 624.9802 168.3557 643.7968 209.4194 1.8026 0.7930 0.6844 1.0413 1.6055 32.1227 2.9619 0.5264
Pedestrian -1 -1 2.1614 1078.0024 160.2627 1160.8652 268.9326 1.7369 0.8733 0.7349 8.4573 1.5360 12.0719 2.7604 0.4695
Pedestrian -1 -1 -0.1811 1.6727 124.2683 98.0449 316.2376 1.8549 0.8519 0.6574 -5.8821 1.3858 7.4992 -0.8293 0.4580
Pedestrian -1 -1 -1.0131 1059.7317 43.9063 1242.0000 375.0000 1.8409 0.8710 0.7239 2.7085 1.3353 3.3664 -0.3774 0.4197
Pedestrian -1 -1 -1.8142 678.8509 171.7182 690.8381 194.6463 1.7431 0.7908 0.5969 5.6982 1.6571 55.2015 -1.7123 0.3332
Pedestrian -1 -1 2.3252 994.6494 148.6586 1047.9213 230.9423 1.8484 0.8575 0.6511 9.4670 1.3052 16.7128 2.8326 0.3225
Pedestrian -1 -1 2.5242 775.7336 173.0208 792.7095 203.7951 1.7200 0.7318 0.6233 9.8114 1.7299 40.7865 2.7582 0.3168
Pedestrian -1 -1 1.5402 275.8152 147.0384 399.3630 375.0000 1.7578 0.8461 0.7031 -2.1682 1.5750 5.6019 1.1852 0.3131
Pedestrian -1 -1 1.2568 410.6045 166.0243 506.4105 331.9624 1.7879 0.9186 0.6560 -1.7985 1.7147 8.2849 1.0482 0.2978
Pedestrian -1 -1 2.8991 612.8876 166.2705 632.0923 207.2609 1.8546 0.8633 0.6933 0.5296 1.5571 33.1413 2.9144 0.2880
Pedestrian -1 -1 0.9233 895.3714 176.2438 933.2079 233.1169 1.6901 0.7977 0.7008 9.1977 1.7956 21.9319 1.3149 0.2787
Pedestrian -1 -1 2.5339 906.7567 165.9948 955.7877 253.9251 1.6949 0.6216 0.6449 6.2977 1.5631 14.2744 2.9411 0.2713
Pedestrian -1 -1 -1.0027 628.3884 170.2154 647.9438 203.1475 1.8236 0.8828 0.6545 1.5451 1.6778 40.4720 -0.9653 0.2513
Pedestrian -1 -1 -0.8311 618.9312 164.9165 636.6614 201.4417 1.8124 0.5881 0.6769 0.8569 1.4189 36.2474 -0.8081 0.2251
Pedestrian -1 -1 1.5621 547.6954 159.1766 593.4208 253.0914 1.8906 0.9212 0.6929 -0.8689 1.6157 14.8993 1.5039 0.2216
Cyclist -1 -1 -3.3325 731.0084 170.4910 784.1453 261.9098 1.7777 1.8637 0.7206 2.9753 1.7321 14.9598 -3.1410 0.5746
Cyclist -1 -1 2.3016 761.5748 164.1691 790.6123 192.5556 1.8496 2.0545 0.5236 11.0055 1.2840 47.9995 2.5254 0.5306
Cyclist -1 -1 1.1027 979.8678 156.2177 1088.6948 230.2386 1.6656 1.9352 1.0087 9.7811 1.2916 16.7865 1.6223 0.3750
Cyclist -1 -1 -0.3135 607.5977 166.4451 632.6702 206.9622 1.8148 1.8252 0.6192 0.4144 1.5281 33.2782 -0.3017 0.3251
Cyclist -1 -1 3.0153 633.0871 173.7627 648.4792 205.6290 1.7389 1.8661 0.6262 1.6781 1.7913 40.3806 3.0560 0.3185
Cyclist -1 -1 -0.4618 782.2648 156.7563 861.0496 263.7742 1.7585 1.8115 0.5743 3.6571 1.4943 12.7971 -0.1904 0.3035
Cyclist -1 -1 -0.8995 1008.1643 18.1051 1242.0000 375.0000 1.8063 1.6052 0.5704 2.6837 1.2632 3.3810 -0.2700 0.2906
Cyclist -1 -1 -3.1175 902.5017 167.0706 926.3584 222.3974 1.5978 1.6084 0.6338 9.1194 1.4311 21.6981 -2.7249 0.2773
Cyclist -1 -1 -0.1505 657.4506 179.1460 666.9257 197.3680 1.6743 1.7585 0.6289 4.8813 2.2739 67.8167 -0.0794 0.2552
Cyclist -1 -1 0.8378 1029.0897 167.0338 1145.3477 257.7548 1.6565 1.8338 0.7252 8.9802 1.5506 13.6783 1.4083 0.2540
Cyclist -1 -1 -0.1722 269.7024 99.5685 403.4211 375.0000 1.7537 1.6553 0.6598 -2.1562 1.2941 5.4049 -0.5363 0.2537
Cyclist -1 -1 -0.3842 772.8989 173.9082 793.2756 203.9603 1.6636 1.7270 0.5073 9.7640 1.7250 40.8930 -0.1519 0.2495
Cyclist -1 -1 -0.5332 904.5599 142.7131 1101.1499 374.8091 1.7788 1.8091 0.6694 3.3403 1.5482 6.4543 -0.0752 0.2254
Cyclist -1 -1 -1.9162 906.2399 165.7221 1048.4662 282.1961 1.7308 1.8547 0.6226 5.5738 1.6252 11.1285 -1.4633 0.2226
Cyclist -1 -1 -3.4547 836.3337 149.1905 927.2996 290.8217 1.8051 1.8013 0.6373 3.6957 1.5038 10.1021 -3.1144 0.2167
Cyclist -1 -1 0.1589 0.0000 181.6666 73.7949 316.0305 1.7061 1.7949 0.5989 -8.1651 1.8426 10.2118 -0.5031 0.2162
Car -1 -1 3.1338 0.0000 175.3822 115.1777 278.6421 1.5491 3.9912 1.6419 -10.1052 1.6023 13.0040 2.4830 0.4494
Car -1 -1 -0.3383 691.8337 169.9020 721.0239 186.8897 1.5707 3.4721 1.6876 9.1173 1.2981 68.5835 -0.2070 0.2234
Car -1 -1 1.2254 906.5170 167.0555 1051.1632 231.2090 1.8528 3.5386 1.6852 11.0337 1.6857 21.8768 1.6865 0.2181
