Pedestrian -1 -1 2.4227 886.1171 165.5862 993.1573 312.4385 1.7107 0.9124 0.7941 4.1299 1.5266 8.9188 2.8396 0.8403
Pedestrian -1 -1 1.7954 269.8374 188.4317 399.6641 374.0000 1.6440 0.9909 0.7043 -2.4750 1.7133 6.6294 1.4442 0.6987
Pedestrian -1 -1 2.0974 1094.7493 133.1637 1183.0319 270.8370 1.7984 0.7489 0.6494 7.3177 1.1683 9.8556 2.7181 0.2510
Pedestrian -1 -1 1.1291 853.6112 173.9473 889.1949 238.6715 1.7036 0.7031 0.5916 7.1905 1.5060 19.2318 1.4771 0.2462
Pedestrian -1 -1 -2.5246 1190.9167 169.4468 1238.0000 242.6054 1.6728 0.6891 0.6115 14.3402 1.3984 16.8064 -1.8311 0.1968
Pedestrian -1 -1 -0.5677 1004.3510 91.7089 1238.0000 374.0000 1.7685 0.8056 0.6972 2.4292 1.3948 3.4047 0.0108 0.1940
Cyclist -1 -1 -0.4265 1111.1613 119.5471 1238.0000 359.6975 1.8373 1.8162 0.5429 5.2488 1.3647 6.4394 0.2322 0.4064
Cyclist -1 -1 2.4104 1168.1071 170.5700 1238.0000 247.6910 1.7044 1.9234 0.5909 14.3385 1.4641 16.8453 3.1028 0.2969
Cyclist -1 -1 -2.7093 1053.0770 151.9637 1102.5559 209.5440 1.8298 1.8994 0.6334 15.6355 0.8923 23.6000 -2.1343 0.1985
Cyclist -1 -1 -0.5890 934.6984 163.7505 990.5758 224.1108 1.5916 1.5922 0.5708 9.8803 1.1248 19.7662 -0.1359 0.1925
Cyclist -1 -1 -1.1098 1064.6285 127.9638 1230.4752 266.9326 1.7554 1.7101 0.6728 7.4784 1.0805 9.9846 -0.4847 0.1802
Car -1 -1 -2.0016 959.3710 176.4830 1238.0000 374.0000 1.5411 1.6434 3.7824 3.0853 1.5318 3.5651 -1.3297 0.3269
Car -1 -1 1.8108 88.0225 167.6903 217.6778 210.2090 1.5597 3.9448 1.8066 -17.2604 1.0541 27.8190 1.2548 0.3092
Car -1 -1 -1.3773 0.0000 164.8748 161.1251 235.2597 2.0299 4.0610 1.7936 -16.2324 1.5515 22.3809 -2.0045 0.2537
Car -1 -1 0.7653 1019.0056 153.6380 1130.6823 198.6180 1.6952 3.5057 1.7495 18.6166 0.6462 28.3264 1.3376 0.2494
Car -1 -1 -0.1858 227.9788 181.3061 282.7172 215.0671 1.5262 3.7183 1.6953 -16.6556 1.5184 34.4695 -0.6380 0.2062
Car -1 -1 2.0271 966.3121 163.8361 1098.8899 212.1618 1.5620 3.6285 1.6436 14.9960 0.9922 25.1820 2.5547 0.2023
Car -1 -1 0.3508 154.8630 170.6388 272.0539 237.2229 1.6096 3.5690 1.6249 -10.2725 1.3482 19.2419 -0.1391 0.1867
