Pedestrian -1 -1 -2.1855 336.1425 180.1514 351.7290 207.2624 1.6893 0.7056 0.6060 -16.8720 2.1563 45.6692 -2.5378 0.2949
Pedestrian -1 -1 -0.2606 575.8754 134.4935 605.4058 212.7154 1.8461 0.6482 0.5629 -0.5213 0.9411 17.4176 -0.2906 0.2391
Pedestrian -1 -1 -0.0476 429.5269 189.4031 439.0494 209.8815 1.7293 0.6156 0.7663 -15.1182 3.1606 61.9827 -0.2863 0.2383
Pedestrian -1 -1 -0.7041 339.8758 171.3457 355.8382 199.1761 1.8630 0.8080 0.6449 -17.7521 1.7624 48.7790 -1.0516 0.1844
Pedestrian -1 -1 2.1769 191.7878 182.5412 238.7003 251.5605 1.7177 0.8110 0.6767 -10.1301 1.9708 18.4416 1.6803 0.1810
Pedestrian -1 -1 0.3014 353.7305 177.2926 363.1505 195.2283 1.6197 0.4704 0.6998 -22.8638 2.0247 65.5244 -0.0334 0.1768
Pedestrian -1 -1 -2.4656 915.3362 143.1770 1074.2400 375.0000 1.7158 0.7573 0.7203 2.7532 1.5181 5.3002 -2.0100 0.1700
Cyclist -1 -1 -0.4226 426.6118 187.2077 441.7666 208.9990 1.8136 1.6245 0.6563 -15.1341 3.0641 61.9994 -0.6615 0.4655
Cyclist -1 -1 -0.5037 918.3246 192.8589 1020.7396 338.2421 1.6136 1.5858 0.4035 4.3919 1.8867 9.0312 -0.0652 0.2602
Cyclist -1 -1 2.5683 806.2443 168.3698 858.1475 227.7765 1.6857 1.7816 0.5902 6.5193 1.5589 21.4096 2.8594 0.2221
Cyclist -1 -1 2.5934 737.9736 159.5331 774.8737 205.3008 1.7678 1.8537 0.5536 5.7895 1.2536 28.8323 2.7892 0.2033
Cyclist -1 -1 2.8413 431.6573 178.5860 446.5276 201.3654 1.7699 1.8910 0.6216 -13.6570 2.2350 57.5214 2.6089 0.1764
Cyclist -1 -1 0.0228 338.6590 180.4425 349.4084 208.5698 1.7227 1.8959 0.5952 -16.8777 2.2144 45.7182 -0.3293 0.1585
Cyclist -1 -1 -0.1559 354.1013 179.3801 364.8001 199.1007 1.8039 2.0036 0.6456 -23.5402 2.4262 67.7199 -0.4895 0.1536
Cyclist -1 -1 -0.1365 642.4572 173.1724 672.4827 239.8830 1.5940 1.7296 0.5122 1.1265 1.6027 18.1277 -0.0763 0.1516
Cyclist -1 -1 0.0418 350.7629 178.4915 359.1905 198.9768 1.7223 1.7818 0.6099 -21.9736 2.2154 62.1207 -0.2971 0.1401
Cyclist -1 -1 -0.1725 352.6254 178.7641 363.6043 198.7514 1.7733 1.8557 0.6328 -22.9081 2.3185 65.5475 -0.5078 0.1382
Cyclist -1 -1 -1.5813 368.7263 190.7782 394.2430 218.2003 1.9529 1.7683 0.6738 -16.7355 3.2787 52.7561 -1.8875 0.1363
Car -1 -1 0.0857 228.9329 187.1163 571.1682 314.8040 1.5020 1.7191 4.1828 -2.7773 1.7238 9.9776 -0.1800 0.6390
Car -1 -1 -0.2143 352.0340 187.2710 386.5961 209.4451 1.5154 3.7168 1.7007 -18.0623 2.6350 53.9811 -0.5361 0.2076
Car -1 -1 -3.4926 939.7679 187.1209 1242.0000 345.3277 1.5368 1.5850 3.7567 6.0011 1.7288 8.4588 -2.8928 0.2006
Car -1 -1 -2.4374 959.5968 128.9815 1242.0000 375.0000 1.5666 1.6884 3.9875 3.6715 1.4735 3.6099 -1.6840 0.1799
Car -1 -1 2.9304 439.4303 187.8100 482.0161 215.4648 1.5538 3.9722 1.8079 -9.4018 2.5338 45.0781 2.7254 0.1460
