Pedestrian -1 -1 3.2797 144.3836 151.3302 172.9022 216.1367 1.8631 0.7481 0.6113 -13.3048 1.2447 21.2060 2.7248 0.1860
Pedestrian -1 -1 -0.7523 376.4956 177.2161 389.4969 199.7686 1.8243 0.7191 0.7172 -18.5981 2.1845 59.0402 -1.0565 0.1838
Cyclist -1 -1 -0.4049 779.1262 165.7386 801.4664 197.3972 1.7977 1.8876 0.5557 10.4337 1.3940 41.9445 -0.1631 0.5668
Cyclist -1 -1 2.4661 931.5068 155.9439 983.2130 214.6978 1.7511 1.7891 0.4086 10.7190 1.2475 22.4199 2.9066 0.5143
Cyclist -1 -1 2.6465 769.5098 168.5004 788.2074 191.6997 1.8315 1.9491 0.6058 13.5341 1.4882 57.9808 2.8743 0.2122
Cyclist -1 -1 0.0825 2.3412 186.3096 30.7259 247.4064 1.6213 1.7405 0.4688 -16.7868 2.0174 20.3693 -0.6004 0.1854
Cyclist -1 -1 -1.2023 109.8075 169.3470 185.8994 229.4309 1.7355 1.7945 0.6099 -13.6741 1.6345 21.3122 -1.7673 0.1722
Cyclist -1 -1 -0.1264 377.1567 177.9009 387.5381 199.5705 1.7342 1.7228 0.5982 -18.6672 2.1541 59.0721 -0.4315 0.1682
Car -1 -1 1.9563 216.2302 189.4936 341.6588 251.3968 1.5312 1.9159 4.0327 -9.5031 2.0630 20.9949 1.5355 0.7083
Car -1 -1 -0.6775 654.8961 170.3232 695.8067 189.8971 1.6396 3.3903 1.7865 5.5991 1.4280 62.3428 -0.5887 0.2547
Car -1 -1 -0.2943 358.3649 178.4601 390.8610 197.7676 1.5306 3.5003 1.6326 -19.6861 2.0135 60.2040 -0.6093 0.2035
Car -1 -1 2.9458 732.3073 174.3122 769.6054 198.2065 1.5476 3.9703 1.7313 9.4847 1.6509 48.9635 3.1356 0.2016
Car -1 -1 -0.8061 0.5029 165.0354 122.5942 210.0947 1.8062 3.9225 1.7656 -22.8158 1.4932 30.0306 -1.4516 0.1779
Car -1 -1 -2.6197 285.1817 179.1536 346.0686 207.4435 1.5900 3.9384 1.6533 -17.7173 1.9884 43.5325 -3.0044 0.1584
