Pedestrian -1 -1 2.6678 732.0498 170.2990 756.1611 215.7651 1.7536 0.7546 0.6554 5.2103 1.6555 28.2834 2.8475 0.4275
Car -1 -1 -2.0651 810.6348 181.8993 1242.0000 375.0000 1.4966 1.5859 3.7380 2.8227 1.5886 5.4122 -1.6076 0.7659
Car -1 -1 -1.6118 658.9324 180.0240 714.1917 230.9893 1.4987 1.6227 3.7121 2.3916 1.7530 23.6497 -1.5131 0.7506
Car -1 -1 -1.5847 569.6417 180.2518 624.4788 231.4405 1.4793 1.6287 3.7452 -0.4969 1.7380 23.2982 -1.6066 0.7434
Car -1 -1 -1.1744 0.0000 191.7439 403.1747 375.0000 1.5352 1.6619 3.7111 -2.6095 1.7085 4.6777 -1.6607 0.7315
Car -1 -1 -1.3188 264.6553 187.5705 469.2649 340.9965 1.5056 1.5532 3.6581 -2.9228 1.7337 9.2977 -1.6164 0.7176
Car -1 -1 3.0919 524.8428 180.4553 566.4840 216.6413 1.4925 3.4338 1.6806 -2.9696 1.8527 32.3395 3.0005 0.6505
Car -1 -1 3.5695 82.4357 183.6011 199.1456 236.5520 1.5238 3.9793 1.6926 -15.2888 1.9083 23.6979 3.0014 0.6479
Car -1 -1 2.8036 430.8007 180.3620 493.1733 217.1425 1.5403 3.5613 1.7033 -6.8528 1.9043 32.9811 2.5999 0.5503
Car -1 -1 3.3956 292.5273 181.9093 343.6552 211.5560 1.4651 3.5763 1.6909 -15.6218 1.9747 38.6863 3.0139 0.5341
Car -1 -1 -0.0884 477.9899 178.4756 511.4322 206.3953 1.5514 3.7630 1.6333 -6.9311 1.9020 42.9297 -0.2479 0.4434
Car -1 -1 2.8289 386.4438 180.5926 471.6915 231.4672 1.5972 4.0462 1.7523 -6.5109 1.8943 25.4917 2.5808 0.4169
Car -1 -1 -1.4799 138.8655 190.0172 282.0079 303.9807 1.4379 1.6490 3.3545 -6.2533 1.7569 11.5283 -1.9678 0.4160
