Pedestrian -1 -1 2.0930 1177.5531 155.4375 1242.0000 278.7121 1.7553 0.8654 0.6794 9.1358 1.5077 10.7960 2.7814 0.2131
Cyclist -1 -1 -0.5878 698.6707 165.4865 751.9647 228.2947 1.8138 1.9452 0.6082 3.4173 1.6014 21.8445 -0.4354 0.4223
Cyclist -1 -1 -0.3781 676.9246 162.1455 710.9766 207.3158 1.7783 1.7660 0.7732 3.3563 1.3570 29.3563 -0.2659 0.2768
Cyclist -1 -1 -3.7292 1155.1565 151.5218 1242.0000 279.0432 1.7712 1.8473 0.5680 9.1452 1.4752 10.9650 -3.0477 0.2160
Cyclist -1 -1 -0.1701 579.5765 178.6382 588.6422 196.7018 1.6212 1.7602 0.5398 -2.4021 2.1601 66.2588 -0.2066 0.2135
Car -1 -1 0.4333 332.9539 184.3518 416.4844 227.1358 1.5122 3.4124 1.8430 -9.1723 1.9920 28.2762 0.1219 0.7154
Car -1 -1 -1.5419 588.4480 172.1514 616.3732 197.4367 1.5905 1.7276 3.5104 -0.4934 1.5467 47.1552 -1.5527 0.4725
Car -1 -1 2.9963 637.4142 175.0804 668.3353 197.4280 1.5348 4.0805 1.6442 3.0246 1.7024 52.0769 3.0536 0.4367
Car -1 -1 3.1615 553.0026 176.4563 573.1789 193.6507 1.5393 3.2516 1.8063 -4.3487 1.8822 66.9533 3.0965 0.4217
Car -1 -1 -0.2156 443.7010 179.4327 478.1651 202.2291 1.5218 3.6491 1.6552 -10.6640 2.0084 51.3233 -0.4199 0.3536
Car -1 -1 2.9758 593.2073 180.7235 633.4623 209.7130 1.5005 3.6914 1.6543 0.1043 1.9624 40.3615 2.9777 0.2403
