Pedestrian -1 -1 2.4539 757.8604 170.2782 812.2181 255.2906 1.6985 0.8340 0.7291 3.5683 1.6474 14.9484 2.6829 0.3840
Pedestrian -1 -1 -2.3020 879.4158 158.9540 955.8926 273.0172 1.7853 0.9684 0.6407 4.9533 1.5681 11.7550 -1.9130 0.3133
Pedestrian -1 -1 2.0435 1153.0712 169.9362 1242.0000 307.0727 1.6454 0.7997 0.7977 7.5385 1.6108 9.1838 2.7145 0.3018
Cyclist -1 -1 3.1531 576.4708 174.6446 590.1130 217.5257 1.7389 1.9202 0.5544 -1.1540 1.8168 30.3041 3.1147 0.3591
Car -1 -1 -1.7456 698.7024 173.3738 801.2281 249.1654 1.5568 1.6618 3.6903 3.0573 1.5705 16.6904 -1.5685 0.7487
Car -1 -1 1.5705 532.3887 181.1472 583.1874 227.1971 1.4756 1.6729 3.4330 -1.8944 1.7899 25.5312 1.4964 0.6778
Car -1 -1 1.6842 452.3368 171.7941 550.0342 251.3656 1.6861 1.8590 3.9540 -2.5216 1.6640 17.2905 1.5408 0.5947
Car -1 -1 -1.1357 139.6852 175.7900 406.2472 269.7451 1.5539 3.9334 1.7960 -5.9221 1.6105 12.9099 -1.5585 0.5192
Car -1 -1 1.2760 598.5641 172.6647 655.9598 197.0560 1.5739 3.4613 1.6897 1.1000 1.5621 47.8355 1.2984 0.4550
Car -1 -1 -3.1710 672.9475 176.3963 715.4473 193.7379 1.5159 1.6793 3.7204 7.4738 1.8377 64.4707 -3.0565 0.3988
Car -1 -1 -2.9322 562.5633 176.6878 612.5839 209.1381 1.5353 3.9522 1.7635 -1.1172 1.7420 36.7326 -2.9629 0.3231
Car -1 -1 0.9244 658.3412 175.7359 706.1693 195.7131 1.5080 2.8081 2.4948 5.6499 1.7423 56.7781 1.0227 0.2791
