Pedestrian -1 -1 1.8485 388.2101 167.4409 406.2235 198.7488 1.8701 0.9153 0.5801 -12.8266 1.5471 43.3912 1.5624 0.2913
Pedestrian -1 -1 0.7653 790.4734 191.7388 823.4676 244.4137 1.7985 0.8012 0.7948 6.9346 2.4826 25.5731 1.0262 0.1927
Pedestrian -1 -1 2.4328 767.2477 164.7467 804.0085 228.0281 1.7767 0.8016 0.6651 5.0023 1.5494 20.7636 2.6653 0.1552
Pedestrian -1 -1 -3.2882 803.5216 164.4309 841.6591 245.8271 1.7771 0.7259 0.7149 4.7004 1.5935 16.1568 -3.0108 0.1545
Cyclist -1 -1 -2.4899 124.1299 174.9676 161.3377 211.8678 1.7805 1.8443 0.5425 -23.2400 1.8886 35.8608 -3.0617 0.2191
Cyclist -1 -1 -1.7322 779.7302 188.0545 836.3739 242.1559 1.8690 1.8475 0.7026 6.9700 2.4184 25.6145 -1.4704 0.1753
Cyclist -1 -1 0.4129 3.4595 173.3247 40.0248 214.7839 1.7781 1.8657 0.5474 -26.0549 1.7999 31.9361 -0.2675 0.1721
Cyclist -1 -1 -0.5628 788.0760 164.6962 856.0276 246.8524 1.7404 1.8062 0.5785 4.6838 1.5679 16.2299 -0.2875 0.1412
Cyclist -1 -1 0.5391 244.1288 175.5658 270.6303 205.7032 1.7716 1.8020 0.5934 -21.2781 1.9389 43.5016 0.0864 0.1409
Car -1 -1 3.3034 346.3979 180.1280 383.5713 205.4782 1.5266 3.7474 1.6870 -15.7971 2.0166 46.5758 2.9778 0.4301
Car -1 -1 -1.7698 208.8221 181.8194 247.6272 199.3643 1.5554 2.7761 2.5294 -35.8529 2.4202 67.7174 -2.2553 0.3534
Car -1 -1 -0.0633 168.4357 181.3645 199.3548 204.7504 1.5299 3.4186 1.6520 -29.8412 2.1474 50.4446 -0.5954 0.2237
Car -1 -1 -0.7406 997.3186 164.4612 1242.0000 371.0788 1.5517 3.8577 1.6583 5.9111 1.4890 7.4095 -0.0870 0.1761
Car -1 -1 3.5389 168.9556 184.2354 230.0675 213.2569 1.4766 3.7104 1.6419 -22.8060 2.1411 40.1668 3.0251 0.1714
Car -1 -1 -0.1836 288.6336 183.9854 325.8407 207.7588 1.5239 3.9352 1.7047 -21.1838 2.3335 50.3403 -0.5803 0.1604
