Pedestrian -1 -1 -0.7597 666.7167 168.6512 678.5548 190.4742 1.9601 0.8355 0.6792 5.6518 1.5830 65.3439 -0.6741 0.1753
Pedestrian -1 -1 0.6235 643.9296 184.0531 660.2021 215.6583 1.8468 0.7067 0.6847 2.4740 2.5222 42.9965 0.6798 0.1217
Cyclist -1 -1 -0.3736 760.9208 170.0515 816.2585 248.0327 1.7819 1.9275 0.6259 4.2439 1.7183 17.4831 -0.1402 0.5308
Cyclist -1 -1 0.4958 0.0000 195.3613 36.5720 240.5305 1.6647 1.6201 0.4010 -23.2062 2.5725 28.2531 -0.1874 0.1890
Cyclist -1 -1 2.8052 762.9058 188.5119 788.2845 236.3474 1.6527 1.6405 0.3728 5.9812 2.2422 26.3102 3.0254 0.1683
Cyclist -1 -1 -0.6111 663.7707 169.8486 680.2772 189.9017 1.7962 1.7272 0.6113 5.6063 1.5273 65.5262 -0.5265 0.1595
Cyclist -1 -1 -0.0259 584.9136 178.0295 593.3372 200.8081 1.7715 1.8076 0.6213 -1.6920 2.1905 57.4477 -0.0556 0.1345
Cyclist -1 -1 -0.6255 905.3975 173.7933 924.8138 192.9358 1.7882 2.0083 0.6407 28.9585 1.8791 68.5520 -0.2277 0.1230
Cyclist -1 -1 2.6704 746.1896 187.3839 775.5134 231.1936 1.6664 1.6388 0.4459 5.9761 2.2650 28.8547 2.8718 0.1217
Cyclist -1 -1 -0.6446 665.7049 191.6780 709.9263 248.1528 1.7093 1.7280 0.4672 2.4452 2.3392 23.2695 -0.5423 0.1215
Car -1 -1 1.2540 360.6816 187.9327 405.6689 210.4675 1.5326 2.4164 2.8258 -16.8286 2.6876 53.3989 0.9497 0.3066
Car -1 -1 -2.2637 1052.8646 188.0080 1242.0000 375.0000 1.4958 1.6430 3.9438 6.9269 1.7069 8.0566 -1.5723 0.2779
Car -1 -1 -3.0353 690.6832 175.0571 714.3978 195.6765 1.6758 3.9022 1.5945 7.8508 1.8693 61.1655 -2.9086 0.1955
Car -1 -1 1.4876 969.8547 169.7378 1018.5541 188.8119 1.6924 3.7685 1.7351 34.8358 1.4162 65.5537 1.9739 0.1568
Car -1 -1 3.6378 131.8653 195.3222 209.7079 227.6532 1.4523 3.9049 1.7710 -22.5560 2.6721 37.1677 3.0952 0.1540
Car -1 -1 0.0514 808.7258 179.7767 833.4604 200.1659 1.5207 3.9596 1.6969 16.8021 2.0926 57.4199 0.3342 0.1338
Car -1 -1 -1.9545 323.5020 188.1457 362.3419 206.2013 1.5101 2.4640 2.7008 -24.1850 2.9325 65.2689 -2.3083 0.1245
