Pedestrian -1 -1 -0.5342 639.9294 173.9689 667.6055 223.3113 1.7446 0.8244 0.6696 1.5324 1.7860 26.0517 -0.4769 0.4873
Pedestrian -1 -1 2.3648 639.7810 159.1432 664.4129 203.0362 1.9046 0.8738 0.6627 1.8163 1.3100 31.8523 2.4207 0.4386
Pedestrian -1 -1 2.3244 631.5106 162.6917 652.6097 201.4189 1.8919 0.8352 0.6366 1.5502 1.3958 35.7666 2.3669 0.1604
Pedestrian -1 -1 1.7334 242.4754 155.1914 309.3983 282.9557 1.7835 0.7803 0.6876 -4.8976 1.5373 10.5035 1.3061 0.1571
Cyclist -1 -1 1.6496 593.5987 175.5618 622.0320 201.5223 1.8086 1.9511 0.7310 -0.1769 2.0013 50.7941 1.6456 0.3706
Cyclist -1 -1 -0.1005 507.3178 176.7066 516.5260 198.4069 1.6367 1.6888 0.5351 -7.5908 1.9387 55.6151 -0.2359 0.2834
Cyclist -1 -1 2.5991 626.5386 169.0669 654.8577 205.3429 1.7674 1.8489 0.5335 1.4844 1.5832 36.0891 2.6393 0.2159
Cyclist -1 -1 -0.2558 638.2403 172.7744 667.5935 223.0554 1.7564 1.8665 0.6034 1.4959 1.7540 26.1762 -0.2001 0.1902
Cyclist -1 -1 3.1650 491.9124 182.8849 506.6659 222.7276 1.7267 1.8227 0.6198 -5.0458 2.1946 32.6852 3.0124 0.1680
Cyclist -1 -1 -0.5044 635.3226 164.1089 666.1782 205.3258 1.7878 1.7917 0.5778 1.7655 1.4088 32.2263 -0.4507 0.1573
Car -1 -1 3.4468 49.0960 196.7991 401.7482 375.0000 1.5133 4.2032 1.7223 -3.3837 1.8269 7.2453 3.0227 0.7421
Car -1 -1 3.0459 599.8922 177.5473 628.1506 200.1884 1.5647 3.9549 1.6875 0.2294 1.9216 52.7578 3.0498 0.4323
Car -1 -1 2.9414 621.9978 177.9847 662.1146 204.3443 1.5106 3.8228 1.7159 1.8803 1.8394 44.1575 2.9832 0.2532
Car -1 -1 3.2231 471.5180 181.2287 513.2706 216.1780 1.5148 3.6960 1.6498 -5.5411 1.9330 34.0921 3.0627 0.2402
Car -1 -1 2.9214 610.1526 176.1149 685.7806 229.8372 1.5834 3.9894 1.6124 1.1022 1.7000 23.6238 2.9666 0.2040
Car -1 -1 2.0225 151.6246 162.8653 376.4128 265.5574 1.9064 3.6446 1.6679 -6.7619 1.7213 14.2541 1.5863 0.1863
Car -1 -1 2.7828 485.4320 182.0700 527.8542 204.8045 1.5728 4.1405 1.7978 -7.8008 2.2914 53.9835 2.6396 0.1616
