Pedestrian -1 -1 2.4448 81.3991 167.0624 112.3379 210.6440 1.8613 0.9379 0.6403 -22.2566 1.6143 31.2417 1.8297 0.1336
Cyclist -1 -1 -2.6420 364.8746 177.3825 382.0050 197.9145 1.8528 2.0306 0.6043 -21.8531 2.2780 66.6276 -2.9581 0.4285
Cyclist -1 -1 -0.4818 774.7867 175.9239 793.8303 199.1384 1.6907 1.7442 0.6388 12.9398 1.9235 53.7144 -0.2471 0.2629
Cyclist -1 -1 -0.3000 789.4119 170.9307 806.0320 196.6664 1.7859 1.7829 0.6330 13.2233 1.6528 50.9723 -0.0479 0.2108
Cyclist -1 -1 -0.1385 343.9965 180.6656 355.2470 202.1013 1.7532 1.9023 0.6345 -21.9412 2.4217 60.7208 -0.4841 0.1922
Cyclist -1 -1 -1.5532 598.3634 180.1836 628.8994 211.4265 1.8669 1.8327 0.6721 0.1913 2.3141 43.6339 -1.5495 0.1640
Cyclist -1 -1 -0.7148 827.3615 174.0959 854.5922 201.9858 1.7261 1.8474 0.5663 14.5840 1.8068 45.6988 -0.4082 0.1586
Cyclist -1 -1 3.4670 140.2074 188.2963 166.1202 227.7075 1.7203 1.7699 0.4600 -20.9966 2.4492 33.1231 2.9054 0.1415
Car -1 -1 0.9663 190.5815 194.7034 296.9413 241.8217 1.4328 2.5151 2.1595 -12.7245 2.2413 25.0634 0.5004 0.7071
Car -1 -1 2.9922 596.6877 177.2916 631.7719 203.4095 1.5463 3.7628 1.6549 0.1915 1.8379 45.3717 2.9959 0.4523
Car -1 -1 -0.2439 808.6708 181.4822 939.6798 260.7302 1.4790 4.1547 1.7144 5.6416 1.6973 16.0745 0.0871 0.2318
Car -1 -1 -0.5893 618.0798 187.5272 664.0738 207.9111 1.4966 4.0019 1.7816 2.4460 2.7262 58.2713 -0.5482 0.1963
Car -1 -1 3.5482 188.1251 184.4664 249.7069 212.7986 1.5199 4.0619 1.7164 -22.9926 2.2383 42.5206 3.0548 0.1621
Car -1 -1 2.4553 743.5280 176.5863 788.8817 196.0788 1.5462 3.8136 1.6409 12.9462 1.8682 60.0966 2.6661 0.1495
Car -1 -1 -0.0381 285.4725 191.5469 321.8942 221.8200 1.5002 3.9660 1.7366 -17.3040 2.6083 40.5900 -0.4391 0.1458
Car -1 -1 -0.6749 685.0253 186.6142 732.2623 205.8863 1.4791 4.0790 1.7732 8.2377 2.6797 60.7284 -0.5412 0.1379
