Pedestrian -1 -1 -0.5526 809.6310 163.2245 829.4786 199.7249 1.8592 0.8605 0.6233 10.7771 1.3691 37.2483 -0.2735 0.2742
Pedestrian -1 -1 1.1370 786.0148 164.3765 804.0172 192.1150 1.8754 1.0434 0.5732 12.5735 1.3026 49.1574 1.3856 0.1731
Pedestrian -1 -1 3.2240 281.9561 157.9847 299.2079 204.5824 1.8916 0.7818 0.5873 -13.2090 1.2884 29.7536 2.8093 0.1692
Cyclist -1 -1 0.0677 429.1035 180.2897 437.2442 199.3917 1.7085 1.7283 0.6098 -16.2240 2.3998 66.1404 -0.1723 0.2404
Cyclist -1 -1 3.4354 186.3744 181.6488 220.8357 230.7863 1.7033 1.7572 0.6060 -14.8150 2.0350 26.2621 2.9258 0.2321
Cyclist -1 -1 0.1580 460.7088 175.7043 470.6765 195.4774 1.7374 1.8037 0.5990 -12.9295 1.9965 64.5741 -0.0391 0.1867
Car -1 -1 -2.9484 528.8241 179.6236 559.6007 200.6065 1.5452 3.9736 1.6707 -5.1389 2.0952 56.5241 -3.0391 0.4765
Car -1 -1 -0.3411 704.0939 174.7525 742.1376 196.0741 1.5568 3.7124 1.7136 8.5553 1.7071 55.0168 -0.1880 0.4253
Car -1 -1 2.2705 795.4335 178.2594 844.0694 197.4986 1.5218 3.6671 1.6863 17.4370 1.9879 60.1813 2.5508 0.2346
Car -1 -1 0.4126 378.9073 179.5851 421.6375 201.3162 1.5447 3.9278 1.6693 -15.8484 2.0738 54.6174 0.1311 0.2277
Car -1 -1 2.5750 743.0180 178.7567 793.1738 201.7240 1.4792 3.6415 1.6558 10.7646 1.9007 49.4867 2.7875 0.2209
Car -1 -1 0.0125 162.5284 172.6539 202.5858 206.2617 1.5497 3.6272 1.6089 -20.8746 1.5409 35.2426 -0.5191 0.2109
Car -1 -1 -0.1979 479.8483 178.5169 509.6184 197.8230 1.4936 3.9513 1.6646 -9.5165 1.9756 59.2184 -0.3569 0.2093
Car -1 -1 -3.0943 582.2868 181.2217 607.3672 202.6840 1.4827 3.6912 1.6786 -1.1138 2.1213 53.1658 -3.1157 0.2081
Car -1 -1 -1.4811 388.5425 172.1323 433.2955 191.6969 1.6461 3.5503 1.8660 -17.0736 1.5857 61.9368 -1.7492 0.1956
Car -1 -1 -0.1952 939.5553 172.1827 989.6422 202.7854 1.5796 4.0499 1.6792 19.2593 1.5453 39.4123 0.2560 0.1680
Car -1 -1 -0.7788 737.9355 175.6879 780.2776 193.2856 1.5102 3.5856 1.6642 13.2795 1.7716 64.5054 -0.5771 0.1661
Car -1 -1 -0.1220 340.9039 179.7220 373.3454 203.7052 1.5392 3.9243 1.6406 -17.4597 2.0323 49.6418 -0.4588 0.1656
