Pedestrian -1 -1 3.0358 362.0248 145.6735 427.1647 303.0230 1.8217 0.9639 0.6741 -2.7340 1.5074 8.9253 2.7458 0.5740
Pedestrian -1 -1 1.6993 294.2648 146.3777 409.4780 346.2891 1.8311 0.9834 0.5633 -2.5246 1.5889 6.9830 1.3632 0.5271
Pedestrian -1 -1 -0.3751 603.2955 171.2036 625.7996 214.6916 1.7725 0.8405 0.6704 0.1428 1.7056 29.9192 -0.3711 0.5095
Pedestrian -1 -1 3.2428 51.9558 164.5127 78.7582 222.8189 1.8315 0.7959 0.6067 -17.5202 1.5698 23.1595 2.6005 0.3469
Pedestrian -1 -1 2.7889 313.4957 170.7883 333.9061 209.1679 1.8197 0.9133 0.6385 -13.8345 1.7221 34.7613 2.4124 0.2770
Pedestrian -1 -1 -1.1420 966.1898 157.2930 1001.6127 212.4200 1.8345 0.8723 0.6706 12.6796 1.3170 24.5586 -0.6706 0.2441
Pedestrian -1 -1 -1.2081 960.7924 165.1251 984.0583 200.7977 1.8139 0.8978 0.6622 18.6687 1.4213 37.2412 -0.7469 0.2381
Pedestrian -1 -1 0.9559 1109.2041 171.4376 1170.6110 251.4796 1.7201 0.7487 0.8274 11.6255 1.6900 15.9193 1.5773 0.2286
Pedestrian -1 -1 -1.5500 82.2662 174.8892 98.4827 205.4995 1.8344 0.7846 0.6380 -31.5637 1.9597 43.7873 -2.1719 0.2193
Pedestrian -1 -1 -1.3350 1031.2754 154.3340 1064.3811 209.6121 1.8099 0.8234 0.6392 14.6021 1.2039 24.1380 -0.7967 0.2131
Pedestrian -1 -1 3.4218 187.7543 169.4036 210.1412 213.1452 1.8483 0.8630 0.6195 -17.6823 1.7028 30.9773 2.9066 0.1938
Cyclist -1 -1 -1.6151 706.1678 169.2056 739.9718 201.2816 1.7988 1.8647 0.6029 6.3595 1.5946 40.8618 -1.4622 0.2627
Cyclist -1 -1 -1.0641 1015.8375 161.0473 1078.0690 216.1513 1.7789 1.7351 0.5426 14.5715 1.3981 24.1772 -0.5274 0.2320
Cyclist -1 -1 -3.6131 1109.1222 170.9884 1168.2090 246.1581 1.5873 1.5152 0.3978 11.6523 1.5483 16.0125 -2.9933 0.1900
Car -1 -1 -2.4171 791.0676 177.5977 857.8071 205.6401 1.5173 1.8550 3.2727 12.2741 1.8032 41.5516 -2.1323 0.6584
Car -1 -1 -0.2749 694.7642 171.9465 739.8777 199.3818 1.5468 3.7448 1.6706 6.2547 1.4960 42.6435 -0.1307 0.5763
Car -1 -1 2.1069 240.1169 177.7567 286.4837 194.8140 1.5410 3.4695 1.7369 -32.0905 2.0022 66.7905 1.6604 0.2779
Car -1 -1 -0.0445 218.9943 175.4550 247.5411 198.5102 1.5554 3.6588 1.6346 -26.7427 1.7472 51.1171 -0.5245 0.2655
Car -1 -1 3.0552 587.8214 179.2663 622.3393 206.3274 1.5338 3.8367 1.7621 -0.3756 1.9414 43.8310 3.0462 0.2312
Car -1 -1 2.0475 244.5899 180.4202 296.7260 198.6288 1.5460 3.7275 1.7632 -29.6248 2.2171 63.0048 1.6093 0.2084
