Pedestrian -1 -1 1.2398 823.2838 175.0855 863.5568 245.3238 1.6963 0.7579 0.6920 5.7013 1.7528 17.8012 1.5441 0.2482
Pedestrian -1 -1 1.5909 1193.7411 141.9854 1223.8895 203.3154 1.9057 0.7283 0.6674 18.9687 0.9469 22.9082 2.2761 0.2200
Pedestrian -1 -1 2.4525 942.5098 136.1112 1007.6447 240.8731 1.8507 0.8113 0.7083 6.6247 1.2020 13.2204 2.9078 0.1959
Pedestrian -1 -1 2.1237 976.2834 167.1649 994.4728 199.8852 1.7558 0.6662 0.5887 20.3326 1.4508 39.1520 2.5992 0.1825
Pedestrian -1 -1 1.2080 846.0215 174.9044 890.2654 249.9897 1.6807 0.7692 0.6489 5.8456 1.7290 16.5022 1.5420 0.1790
Cyclist -1 -1 -0.3130 656.3884 169.3649 679.0931 208.0767 1.7401 1.7242 0.5357 2.6159 1.5836 33.3318 -0.2359 0.4954
Cyclist -1 -1 -0.2554 886.3190 157.7753 950.5819 254.7759 1.7493 1.9470 0.6525 5.8975 1.4777 14.0180 0.1346 0.2342
Cyclist -1 -1 -1.5517 937.1375 163.4683 964.6870 188.5691 1.8421 1.8417 0.6029 25.3098 1.1537 53.6280 -1.1131 0.2321
Cyclist -1 -1 -3.3510 832.5110 173.3002 865.4383 239.9437 1.5793 1.5948 0.4407 5.8696 1.5913 17.9231 -3.0401 0.1965
Cyclist -1 -1 0.1165 80.5191 178.4504 96.7089 206.6745 1.7424 1.8417 0.6216 -33.1740 2.1061 45.8771 -0.5070 0.1633
Car -1 -1 -1.2347 580.9735 178.4978 623.0546 203.0872 1.5312 1.7618 3.3973 -0.5198 1.9194 47.6883 -1.2461 0.5004
Car -1 -1 -0.4452 655.4839 174.2971 694.9087 195.3063 1.5809 3.7128 1.6331 5.0489 1.6985 56.5935 -0.3571 0.2585
Car -1 -1 0.4772 73.6613 179.2160 130.9906 204.2748 1.5522 3.5984 1.6110 -33.4079 1.9885 47.5416 -0.1328 0.2382
Car -1 -1 -0.2663 1012.2627 166.7489 1062.4442 192.9305 1.6295 3.6508 1.8977 27.6869 1.2499 46.9141 0.2638 0.2235
Car -1 -1 1.3277 668.5576 176.0825 730.7276 202.8308 1.6308 3.5831 1.6182 5.5654 1.8382 45.2553 1.4487 0.1944
Car -1 -1 -0.0817 673.4602 179.0188 699.7924 201.2097 1.4924 3.7750 1.5548 5.4046 1.9489 51.4837 0.0218 0.1799
Car -1 -1 3.2529 491.9304 182.0720 523.2834 206.0302 1.4986 3.6626 1.6872 -6.8607 2.1412 48.4134 3.1124 0.1704
Car -1 -1 3.1321 153.1743 191.1871 185.3008 217.1527 1.5073 4.1019 1.7273 -28.8655 2.7624 47.1837 2.5853 0.1689
