Pedestrian -1 -1 1.7473 279.6354 162.9953 374.6234 307.7525 1.7798 1.0426 0.6047 -3.5933 1.5662 9.0819 1.3841 0.6775
Pedestrian -1 -1 1.5254 57.9232 188.2484 98.4640 250.0897 1.7216 0.9107 0.7449 -15.2363 1.9531 20.3985 0.8928 0.3958
Pedestrian -1 -1 2.7271 834.6155 171.5162 874.9607 240.6905 1.7000 0.8143 0.6844 6.2438 1.4808 17.8049 3.0604 0.3328
Pedestrian -1 -1 -1.6907 1124.6758 192.6685 1224.0000 370.0000 1.6871 0.6834 0.7402 4.3509 1.7894 5.3512 -1.0351 0.3172
Pedestrian -1 -1 2.8582 516.3719 163.7494 566.4628 262.1564 1.7346 0.8843 0.6972 -1.2229 1.4410 12.9968 2.7684 0.2654
Pedestrian -1 -1 2.6489 652.1976 164.6716 710.0480 261.4753 1.7154 0.8642 0.7398 1.3530 1.4366 13.0647 2.7514 0.2568
Pedestrian -1 -1 1.2162 973.6826 186.9443 1127.6559 370.0000 1.6454 0.7742 0.7046 3.2733 1.6997 5.3443 1.7415 0.2477
Pedestrian -1 -1 -0.1773 253.6743 165.6606 306.4780 259.7389 1.7431 0.8772 0.7916 -6.3371 1.4698 13.6807 -0.6005 0.2410
Pedestrian -1 -1 2.9193 13.0408 174.3352 72.7708 262.8797 1.7237 0.8539 0.7864 -11.4399 1.6053 14.3342 2.2582 0.2261
Pedestrian -1 -1 -0.8790 991.0618 163.5605 1068.4794 273.1275 1.7829 0.8978 0.6866 7.1748 1.5089 12.0400 -0.3515 0.2081
Pedestrian -1 -1 2.7465 819.3438 169.4494 868.4144 259.7349 1.7261 0.8737 0.6250 4.6657 1.5165 13.9724 3.0636 0.1946
Pedestrian -1 -1 2.0162 739.0580 164.8391 794.0577 255.7076 1.7672 0.8704 0.6962 3.2243 1.4643 14.2882 2.2351 0.1572
Pedestrian -1 -1 1.4823 462.8648 173.2447 512.2056 257.3445 1.7290 0.9794 0.6199 -2.5324 1.5815 14.9535 1.3196 0.1549
Cyclist -1 -1 -0.4584 644.0082 162.4404 718.0291 263.3283 1.7558 1.8558 0.6132 1.3449 1.4431 13.2765 -0.3581 0.2510
Cyclist -1 -1 0.0291 257.9464 163.5270 299.8200 260.9637 1.7690 1.8237 0.6749 -6.3825 1.4624 13.8030 -0.3935 0.2173
Cyclist -1 -1 1.4593 682.4095 162.9719 759.0021 233.0111 1.7497 1.8649 0.6398 2.8933 1.3134 18.0215 1.6174 0.2115
Cyclist -1 -1 -0.0689 520.5303 161.5605 560.4648 265.8557 1.7813 1.8148 0.6047 -1.2553 1.4595 13.0153 -0.1610 0.2089
Cyclist -1 -1 -0.8714 1122.1752 142.5236 1224.0000 251.0795 1.7457 1.8080 0.6176 10.0502 1.1366 12.3119 -0.1977 0.2014
Cyclist -1 -1 -0.3883 858.2039 171.3849 935.9789 292.0963 1.6341 1.7263 0.4127 4.2176 1.5124 10.4324 -0.0129 0.2006
Cyclist -1 -1 0.4184 0.0000 175.1375 67.5943 267.5330 1.7359 1.8727 0.6193 -11.6958 1.6367 14.2628 -0.2559 0.1953
Cyclist -1 -1 -1.6050 555.2542 147.3023 631.0831 220.7879 1.8116 1.8754 0.6271 -0.3437 0.9948 17.7862 -1.6220 0.1631
Cyclist -1 -1 -0.4823 833.4120 153.8797 914.5441 262.9987 1.7671 1.7719 0.5476 4.6110 1.3377 12.3596 -0.1319 0.1516
Cyclist -1 -1 3.5107 240.2590 182.0948 324.9529 296.7803 1.6347 1.7783 0.5805 -5.0099 1.6632 10.9994 3.0957 0.1472
Car -1 -1 0.1545 39.3819 187.3583 115.3980 233.3533 1.5261 3.6792 1.6736 -19.3784 1.8001 26.0738 -0.4772 0.2504
Car -1 -1 -0.8442 1148.4065 187.8810 1224.0000 370.0000 1.5019 1.5726 3.8739 7.4965 1.5801 6.5198 -0.0116 0.2112
