Pedestrian -1 -1 -0.3337 770.3031 169.7927 818.2872 260.8223 1.7259 0.8418 0.6593 3.7243 1.5052 14.0641 -0.0849 0.7718
Pedestrian -1 -1 3.1660 292.3557 167.3586 341.9796 282.5427 1.7479 0.9133 0.7086 -4.5592 1.5346 11.4487 2.7891 0.7260
Pedestrian -1 -1 2.8427 706.4486 173.3593 760.0964 279.5048 1.6706 0.8468 0.6333 2.1028 1.5437 11.7641 3.0101 0.7020
Pedestrian -1 -1 2.8059 356.3365 167.4951 431.2869 287.0096 1.7599 1.0023 0.8393 -3.2977 1.5550 11.2269 2.5207 0.6967
Pedestrian -1 -1 2.8646 728.6503 165.9845 812.4546 303.5945 1.7060 0.9571 0.8239 2.1429 1.5150 9.4069 3.0768 0.6820
Pedestrian -1 -1 2.7974 679.5010 181.7042 730.2271 273.2818 1.6221 0.8703 0.6609 1.8506 1.6273 13.2186 2.9281 0.6578
Pedestrian -1 -1 2.9977 640.5947 172.9048 676.9224 240.6501 1.7251 0.9486 0.8114 1.4562 1.5074 18.7921 3.0686 0.5793
Pedestrian -1 -1 1.9127 669.9654 179.6989 695.0101 222.6552 1.6666 0.8086 0.6653 3.1819 1.5978 28.3421 2.0183 0.5652
Pedestrian -1 -1 1.4145 784.2233 171.4711 822.6554 243.2669 1.6936 0.7988 0.6105 4.8186 1.4582 17.2883 1.6770 0.5547
Pedestrian -1 -1 2.2139 504.3326 175.6414 542.0762 231.3927 1.7170 0.9026 0.7726 -2.4944 1.5377 22.6814 2.1003 0.5174
Pedestrian -1 -1 2.7480 529.1724 181.0202 559.2850 227.9039 1.7561 0.8880 0.8721 -2.2139 1.7391 27.4983 2.6631 0.3685
Pedestrian -1 -1 0.2584 202.0893 150.2984 248.9783 245.3727 1.8392 0.8018 0.6478 -7.5377 1.2369 14.3562 -0.2229 0.3636
Pedestrian -1 -1 -0.5182 862.8864 154.3677 933.9446 274.7143 1.7275 0.8170 0.6576 4.3879 1.3393 10.7602 -0.1449 0.3535
Pedestrian -1 -1 -0.6492 695.8303 178.6553 720.6375 221.2779 1.6590 0.6545 0.7209 4.2054 1.5493 28.4193 -0.5089 0.3525
Pedestrian -1 -1 -0.0402 736.7223 175.2603 771.0682 252.5615 1.7270 0.6256 0.7355 3.4393 1.5888 16.4121 0.1577 0.3328
Pedestrian -1 -1 0.0314 181.9511 166.2742 217.7480 251.2864 1.7912 0.8451 0.6559 -8.7794 1.4716 15.6589 -0.4778 0.3172
Pedestrian -1 -1 2.7373 702.4955 169.9613 747.5822 257.4563 1.6891 0.8058 0.6122 2.4174 1.4676 14.3299 2.8959 0.3172
Pedestrian -1 -1 1.1594 676.6598 186.6379 700.5518 226.8511 1.7703 0.8368 0.7349 3.8929 2.0050 32.2145 1.2734 0.2987
Pedestrian -1 -1 -2.3929 1009.7443 147.0691 1106.8984 286.1272 1.8632 0.9352 0.7089 6.3603 1.4032 10.0908 -1.8475 0.2755
Cyclist -1 -1 2.1927 0.0000 192.2660 161.1754 330.9333 1.5869 1.8838 0.7189 -6.5148 1.7235 8.6496 1.5557 0.6037
Cyclist -1 -1 -0.2710 725.5870 168.2178 811.6988 312.7138 1.7450 1.7610 0.6350 2.1312 1.5860 9.5713 -0.0635 0.4148
Cyclist -1 -1 -0.2478 640.4938 177.4916 684.2554 247.1643 1.7124 1.9279 0.6609 1.5234 1.6151 18.6593 -0.1730 0.3930
Cyclist -1 -1 -2.9460 476.3950 176.8823 521.0300 248.3298 1.7154 1.7923 0.7925 -2.6032 1.6057 18.1589 -3.0918 0.3526
Cyclist -1 -1 3.3038 431.2179 170.8089 485.3875 268.4118 1.7299 1.7935 0.7354 -2.7238 1.5417 13.6389 3.1048 0.3237
Cyclist -1 -1 -0.5211 558.7291 171.6907 575.2767 191.6193 1.7704 1.8596 0.6426 -3.0772 0.8994 64.7691 -0.5733 0.3014
Cyclist -1 -1 -0.4345 690.0020 176.7110 708.5712 201.9608 1.6124 1.6239 0.5558 6.3648 1.3073 46.7268 -0.3049 0.2885
Cyclist -1 -1 0.0538 193.9636 167.0413 221.8256 239.6120 1.7669 1.8480 0.5308 -10.1153 1.4160 18.4345 -0.4473 0.2642
Cyclist -1 -1 -0.2637 674.1774 181.4833 732.9433 279.7847 1.6919 1.7484 0.6171 1.8126 1.6929 13.2688 -0.1363 0.2549
Car -1 -1 1.6398 552.1621 181.6411 597.2888 217.4492 1.5150 1.7840 3.9811 -1.1564 1.5227 32.4199 1.5992 0.6493
