Pedestrian -1 -1 2.6709 718.4587 171.2409 742.0796 216.5069 1.7348 0.7751 0.6222 4.6394 1.6733 28.1136 2.8322 0.4665
Pedestrian -1 -1 -1.4576 451.3148 175.8439 463.2115 200.4300 1.7926 0.7878 0.6496 -11.2557 2.0143 53.0541 -1.6660 0.2843
Cyclist -1 -1 -0.8047 216.3503 173.2674 246.3567 201.8432 1.8348 1.8241 0.5963 -24.6356 1.8623 46.8838 -1.2864 0.3700
Car -1 -1 -1.9498 794.1958 196.0540 1242.0000 375.0000 1.4610 1.6153 3.8464 2.6348 1.7068 5.6804 -1.5366 0.7646
Car -1 -1 -1.8960 719.3376 181.2887 927.9722 310.5133 1.5326 1.7666 3.7567 2.8676 1.6813 10.7450 -1.6432 0.7631
Car -1 -1 -1.7833 678.1719 180.1027 761.0939 238.0161 1.5067 1.6703 3.4164 3.0457 1.7355 20.9739 -1.6420 0.7539
Car -1 -1 -1.8253 656.6812 177.6397 732.0983 226.7981 1.5643 1.7096 3.7766 2.8282 1.7459 25.3378 -1.7161 0.6790
Car -1 -1 2.9572 546.0668 184.2687 580.9907 207.9561 1.4930 3.4415 1.7683 -3.2325 2.3013 49.1798 2.8914 0.5104
Car -1 -1 -3.0234 597.2406 179.3569 626.5161 201.5894 1.5123 3.6338 1.7007 0.1421 1.9994 52.0989 -3.0212 0.4291
Car -1 -1 -1.7344 641.4257 179.2664 684.3270 209.9201 1.5346 1.6686 4.0254 2.7702 1.9007 39.0713 -1.6647 0.4015
Car -1 -1 -3.0957 650.0626 179.5433 703.5258 221.4054 1.5399 3.4521 1.9874 2.6987 1.8260 28.9750 -3.0045 0.3255
Car -1 -1 0.1394 424.7231 179.4489 450.6767 197.7173 1.5326 3.6324 1.7434 -15.2186 2.1332 63.7826 -0.0942 0.3043
Car -1 -1 -1.4302 436.3605 185.6405 479.2530 205.3053 1.5380 3.1805 2.0121 -12.4321 2.6032 58.9802 -1.6374 0.2986
