Pedestrian -1 -1 3.1567 345.4471 176.8617 406.0796 314.6693 1.6904 0.9454 0.7186 -3.1054 1.7463 9.4373 2.8460 0.7980
Pedestrian -1 -1 3.2646 33.9255 146.3627 228.6496 375.0000 1.7277 0.7901 0.7279 -2.4702 1.6095 3.7376 2.7116 0.6036
Pedestrian -1 -1 -0.2562 606.7666 174.3989 630.4440 222.3210 1.6755 0.8145 0.6573 0.2576 1.7320 25.7302 -0.2471 0.5975
Pedestrian -1 -1 1.4876 1089.0087 130.2861 1242.0000 375.0000 1.7436 0.8515 0.6398 4.0188 1.4579 5.3375 2.1062 0.5930
Pedestrian -1 -1 3.0613 440.3968 172.4268 467.1568 233.4025 1.7285 0.8542 0.6929 -4.5916 1.7168 20.9605 2.8477 0.5087
Pedestrian -1 -1 2.5404 793.0179 179.2559 836.1639 243.8139 1.6506 0.8061 0.7741 5.3474 1.8245 19.0531 2.8092 0.4600
Pedestrian -1 -1 2.3599 864.2676 164.1083 906.7979 234.9576 1.7974 0.7896 0.6739 7.1256 1.5759 18.8009 2.7163 0.3538
Pedestrian -1 -1 2.3139 746.4233 157.6529 771.8000 205.3470 1.8824 0.7552 0.6527 5.9438 1.2828 28.9724 2.5138 0.3389
Pedestrian -1 -1 -0.1279 355.4405 146.8565 383.5536 217.6464 1.8852 0.8020 0.6322 -6.6232 1.1932 19.7111 -0.4483 0.3326
Pedestrian -1 -1 3.1377 378.1498 137.8295 401.4184 211.8023 1.8458 0.5972 0.5579 -5.6553 0.9722 18.3686 2.8427 0.2865
Pedestrian -1 -1 -1.5171 597.6198 174.6261 605.5558 194.1551 1.7855 0.6957 0.6740 -0.7915 1.9498 66.3827 -1.5294 0.2832
Pedestrian -1 -1 1.2210 486.2530 176.9439 498.7090 199.7864 1.6809 0.7615 0.5818 -8.7730 1.9882 53.6917 1.0594 0.2523
Pedestrian -1 -1 2.1630 166.1974 170.8347 295.3554 357.0431 1.7103 0.8877 0.6708 -3.7165 1.6921 7.0105 1.6902 0.2482
Pedestrian -1 -1 2.2099 476.3929 174.3857 492.3799 200.7860 1.7932 0.8819 0.6265 -8.6539 1.8998 49.5414 2.0375 0.2423
Pedestrian -1 -1 -0.6381 470.2772 177.4657 490.1927 210.9303 1.6709 0.7893 0.6549 -6.6338 1.9089 36.6730 -0.8163 0.2394
Pedestrian -1 -1 3.1979 435.8228 179.5503 452.2220 220.6558 1.6757 0.7147 0.6245 -6.9266 1.9578 29.9479 2.9720 0.2374
Pedestrian -1 -1 -1.8256 620.1326 182.7111 653.2216 240.8805 1.6756 0.8291 0.6916 0.7372 1.9736 21.3551 -1.7926 0.2309
Cyclist -1 -1 -0.1733 479.5515 175.8302 492.2003 201.0236 1.6935 1.6624 0.5776 -8.5661 1.9020 49.5855 -0.3438 0.4743
Cyclist -1 -1 2.8778 467.3926 178.1014 488.6064 213.0797 1.7171 1.7854 0.6137 -6.7502 1.9907 36.6361 2.6963 0.4562
Cyclist -1 -1 -0.3009 594.5156 176.3230 606.8043 195.7811 1.7570 1.8140 0.6197 -0.8860 2.0815 66.4513 -0.3146 0.3211
Cyclist -1 -1 -0.6182 905.9022 169.0947 1014.4410 282.8291 1.7276 1.8749 0.6221 5.6763 1.6708 11.9357 -0.1847 0.3084
Cyclist -1 -1 -1.6462 504.3697 174.7481 537.1893 205.8551 1.7644 1.8279 0.6613 -5.1683 1.8750 41.4888 -1.7699 0.3059
Cyclist -1 -1 2.5975 977.5548 161.7583 1102.0699 304.0021 1.7491 1.8119 0.5641 5.6984 1.6130 9.7837 3.1110 0.3043
Cyclist -1 -1 3.0706 578.0566 175.4716 587.3456 198.0893 1.7178 1.8214 0.5896 -2.1483 1.9246 55.9521 3.0320 0.2540
Cyclist -1 -1 1.9101 325.4689 163.2072 421.3307 240.8237 1.7099 1.9156 0.7545 -5.3702 1.4977 16.2936 1.5960 0.2430
Cyclist -1 -1 -0.0551 628.8943 175.8436 640.8586 204.0860 1.6281 1.7698 0.6065 1.4302 1.8089 42.6712 -0.0224 0.2311
Car -1 -1 2.7422 486.2746 177.8860 537.1928 205.3808 1.5310 3.7420 1.6754 -5.9260 1.8452 42.9574 2.6055 0.3522
Car -1 -1 -2.7347 0.0000 0.0000 1242.0000 375.0000 1.5517 1.6731 3.9337 2.0840 1.6454 1.7357 -1.9390 0.2770
Car -1 -1 -1.2608 557.4413 181.7734 623.8555 206.4960 1.5290 3.9816 1.7589 -1.2792 2.1281 47.0311 -1.2884 0.2746
