Pedestrian -1 -1 1.8539 1067.2795 0.0000 1242.0000 375.0000 1.7965 0.8376 0.5870 2.4452 1.0917 3.0233 2.4885 0.3579
Pedestrian -1 -1 2.9727 403.1880 146.6751 436.8567 227.4738 1.8645 0.8199 0.6454 -4.5722 1.2607 17.1536 2.7155 0.3292
Pedestrian -1 -1 1.7870 1160.4971 131.7027 1242.0000 309.7489 1.8175 0.8491 0.6743 6.5980 1.3978 7.9048 2.4639 0.2755
Pedestrian -1 -1 -2.1122 584.6487 173.4040 601.3248 202.4182 1.7885 0.8213 0.6511 -1.0938 1.8235 44.9879 -2.1369 0.2662
Pedestrian -1 -1 2.1367 679.8509 172.9576 712.1002 225.8710 1.7112 0.8129 0.6967 2.7984 1.7150 23.8598 2.2512 0.2132
Pedestrian -1 -1 0.8459 1060.2574 188.5742 1236.8750 375.0000 1.5717 0.8529 0.7159 4.1361 1.7044 5.6641 1.4511 0.1974
Pedestrian -1 -1 -1.4341 658.5368 173.4673 667.4908 194.3958 1.7035 0.6549 0.6151 4.3215 1.7544 59.1180 -1.3619 0.1871
Cyclist -1 -1 -0.0210 603.8299 175.7884 623.6132 227.3154 1.7379 2.0244 0.6485 0.0733 1.8459 25.4669 -0.0189 0.5368
Cyclist -1 -1 -0.2981 583.1060 174.6314 601.1333 203.2729 1.7430 1.7972 0.6201 -1.1564 1.8565 44.9759 -0.3241 0.3309
Cyclist -1 -1 3.4669 186.8505 196.3805 277.4146 328.8079 1.7238 1.8996 0.6021 -5.6085 2.1060 10.7229 2.9945 0.2639
Cyclist -1 -1 1.0556 1040.4586 190.4504 1242.0000 375.0000 1.7146 1.6926 0.6749 4.3999 1.8644 5.6896 1.6877 0.2520
Cyclist -1 -1 3.0916 430.9572 174.0611 446.6548 211.8334 1.7404 1.8936 0.6314 -8.1873 1.7998 34.3031 2.8586 0.2405
Cyclist -1 -1 -0.1587 738.0204 201.6548 773.7339 303.2206 1.5300 1.4082 0.3464 2.3520 2.0368 11.9771 0.0290 0.2386
Cyclist -1 -1 2.9554 660.3419 175.1292 673.4937 199.1281 1.7590 1.8770 0.6418 4.2276 1.9328 54.0340 3.0326 0.2103
Car -1 -1 0.2941 312.7562 189.9731 450.4272 240.2027 1.4747 1.5920 3.8030 -7.1069 2.0294 22.5471 -0.0084 0.5606
Car -1 -1 0.5453 0.0000 204.8251 276.8994 319.2869 1.4651 1.4846 3.6500 -7.0676 1.9662 10.4917 -0.0362 0.5447
Car -1 -1 3.1731 474.7018 180.1001 507.6701 210.8689 1.5599 3.7398 1.6619 -6.4899 1.9763 39.4645 3.0107 0.2432
Car -1 -1 -2.0726 867.8331 166.3576 1242.0000 342.8511 1.8747 3.4854 1.6441 5.0209 1.8061 8.5097 -1.5558 0.1973
Car -1 -1 1.8218 502.1239 176.5807 562.0266 201.9111 1.6304 3.6530 1.6536 -5.1740 1.8834 47.8356 1.7142 0.1747
