Pedestrian -1 -1 2.5975 673.5768 173.8558 706.7783 238.0089 1.7416 0.5970 0.7080 2.1744 1.7703 20.0186 2.7032 0.4467
Cyclist -1 -1 2.8601 391.6903 179.8015 407.7559 203.6075 1.7266 1.9221 0.6433 -15.7391 2.2553 53.8872 2.5769 0.5678
Cyclist -1 -1 -0.1959 498.5630 174.3267 551.7612 274.6916 1.7435 1.8590 0.6332 -1.6731 1.7735 13.5423 -0.3176 0.4751
Cyclist -1 -1 -0.4232 644.7664 149.5030 681.3946 204.5739 1.8358 1.8739 0.5381 1.7764 1.0577 25.0218 -0.3536 0.4141
Car -1 -1 -1.8818 619.5521 180.3509 787.8919 295.3654 1.5280 1.6141 3.6562 1.2900 1.6712 11.7925 -1.7768 0.8010
Car -1 -1 1.8808 109.8891 197.8864 288.4402 302.1891 1.5075 1.7351 3.9169 -7.4892 2.0491 13.5131 1.3826 0.7693
Car -1 -1 -1.7598 550.6183 175.4388 642.7590 243.7933 1.5737 1.6908 3.7556 -0.5004 1.6485 18.7767 -1.7870 0.7081
Car -1 -1 -1.4017 221.6760 186.8978 321.9995 257.8546 1.5360 1.6674 3.9470 -8.6088 1.9392 18.5770 -1.8306 0.7019
Car -1 -1 -1.6634 825.1548 180.7071 1049.6180 375.0000 1.4991 1.6193 3.7486 3.0849 1.6044 7.6117 -1.2930 0.6761
Car -1 -1 -1.4500 269.7103 189.1468 339.1915 242.4991 1.5015 1.6229 3.9205 -9.9802 2.0846 23.6974 -1.8450 0.6535
Car -1 -1 0.0428 433.2972 176.4885 467.0227 206.7963 1.5559 3.6938 1.6425 -8.7343 1.7650 39.4706 -0.1739 0.5087
Car -1 -1 -1.6786 503.8520 180.0880 555.4122 222.4720 1.5328 1.6319 3.8384 -3.3158 1.8430 28.8440 -1.7926 0.4988
Car -1 -1 1.7081 290.9071 187.2597 347.5995 229.0898 1.4767 1.5989 3.6997 -11.5809 2.0923 28.8262 1.3288 0.4838
