Pedestrian -1 -1 2.4550 1011.6555 151.4083 1079.0668 247.4033 1.8054 0.9091 0.7058 8.4226 1.4024 14.0717 2.9847 0.6124
Pedestrian -1 -1 1.8084 1200.7030 154.5887 1242.0000 228.1059 1.8037 0.8429 0.7259 15.5412 1.3559 18.2542 2.5054 0.2777
Pedestrian -1 -1 2.6854 885.8152 175.0718 921.9532 227.6293 1.7064 0.6649 0.9027 9.6502 1.7811 23.8198 3.0654 0.1945
Pedestrian -1 -1 -2.7184 647.9734 173.5689 660.0347 196.8934 1.7597 0.7802 0.6552 3.3273 1.8150 54.9600 -2.6587 0.1869
Pedestrian -1 -1 -0.6875 958.1727 164.2920 1005.5388 234.8728 1.7501 0.8450 0.6908 9.4122 1.5381 18.3762 -0.2212 0.1855
Pedestrian -1 -1 1.5355 1107.7281 163.2197 1123.4501 199.0218 1.7390 0.6095 0.5766 24.7999 1.2714 35.4506 2.1418 0.1824
Cyclist -1 -1 -0.4223 644.7778 176.3167 661.7094 199.3868 1.7210 1.7700 0.6151 3.2643 1.9900 55.0411 -0.3639 0.3477
Cyclist -1 -1 2.7247 903.6778 167.8422 952.8029 229.7732 1.7789 1.9239 0.6103 9.4875 1.6353 21.6876 3.1315 0.2357
Cyclist -1 -1 1.4274 1121.2626 159.0865 1242.0000 271.7190 1.7076 1.9695 0.7720 9.5305 1.4992 11.7638 2.0956 0.2349
Cyclist -1 -1 -1.7015 599.9422 174.9125 631.0959 206.1096 1.8705 1.8194 0.6469 0.2971 1.9969 43.7500 -1.6953 0.2341
Cyclist -1 -1 -0.5012 898.1201 174.8173 937.3631 220.9430 1.6835 1.7891 0.5683 11.5909 1.7607 27.3297 -0.1045 0.2221
Cyclist -1 -1 0.2716 9.6481 191.8846 38.6086 228.5004 1.7330 1.7525 0.6745 -29.3011 2.7092 36.0600 -0.4073 0.2183
Cyclist -1 -1 3.4501 352.3208 195.4117 389.0572 266.2970 1.6196 1.5114 0.4152 -5.9088 2.1978 17.7229 3.1321 0.1820
Car -1 -1 1.7810 184.7200 192.9945 276.1003 249.6016 1.5369 1.8435 3.6124 -12.0139 2.2344 22.9857 1.3037 0.6656
Car -1 -1 1.8621 239.9263 191.0651 350.5792 255.7262 1.5139 1.7858 3.7194 -8.5955 2.0666 19.9350 1.4593 0.6472
Car -1 -1 3.2538 448.4290 182.1328 484.6268 208.4089 1.4838 3.7657 1.7566 -8.7469 2.0759 44.0668 3.0585 0.6255
Car -1 -1 -0.1207 592.4938 178.6155 626.1000 204.3569 1.5199 3.7318 1.6692 -0.1171 1.8986 45.4300 -0.1238 0.3149
Car -1 -1 3.1962 462.2859 183.4836 500.0196 215.6413 1.4815 3.9226 1.6729 -6.5275 2.0519 36.6408 3.0206 0.1942
Car -1 -1 3.0416 505.2502 178.4760 533.1987 200.3759 1.5471 3.7207 1.7076 -6.8526 1.9839 54.0026 2.9156 0.1853
