Pedestrian -1 -1 2.8936 459.5576 163.2762 496.1681 235.7499 1.7991 0.8877 0.7235 -3.2023 1.3479 18.3826 2.7182 0.6490
Pedestrian -1 -1 2.8923 544.9194 171.0457 562.2956 207.5633 1.7491 0.8303 0.6538 -2.3364 1.2493 34.9005 2.8209 0.4862
Pedestrian -1 -1 2.7491 661.7991 168.7608 703.1193 237.2076 1.7762 0.8849 0.8145 2.1228 1.4468 19.1784 2.8525 0.4511
Pedestrian -1 -1 3.0444 516.1098 176.9227 533.9914 215.0114 1.7315 0.7533 0.7457 -3.5349 1.5243 33.0975 2.9336 0.4061
Pedestrian -1 -1 2.8591 0.0000 163.7897 62.8626 280.5454 1.7518 0.6839 0.6541 -8.9918 1.4874 11.2402 2.1903 0.4033
Pedestrian -1 -1 -0.8868 658.3965 173.5526 670.4608 196.3677 1.7535 0.6628 0.6620 4.9039 1.1432 55.6749 -0.8044 0.3773
Pedestrian -1 -1 -0.6858 692.5763 174.9335 711.6259 208.8798 1.7303 0.6118 0.7573 5.1889 1.3965 37.0716 -0.5528 0.3709
Pedestrian -1 -1 3.3314 274.6340 175.9433 296.1884 220.0905 1.7084 0.6069 0.6733 -12.4058 1.4944 28.1663 2.9148 0.3572
Pedestrian -1 -1 -0.9867 564.9497 171.1046 585.5018 203.9917 1.8215 0.9356 0.6758 -1.4714 1.2466 40.3153 -1.0280 0.3335
Pedestrian -1 -1 -0.7088 291.5549 173.4952 311.0223 206.9452 1.7856 0.7467 0.6376 -16.2129 1.3591 38.7955 -1.1072 0.3306
Pedestrian -1 -1 2.4490 701.6808 167.2599 721.5227 202.8519 1.7583 0.7899 0.6189 5.5091 1.0557 35.9831 2.5949 0.3301
Pedestrian -1 -1 2.3341 710.9916 167.7725 735.3297 209.5993 1.8085 0.8154 0.6728 5.3367 1.2159 31.5842 2.4951 0.3264
Pedestrian -1 -1 2.4458 787.9426 148.0091 819.3426 206.0885 1.8613 0.7828 0.6319 6.5870 0.7891 23.5055 2.7112 0.3253
Pedestrian -1 -1 3.0580 314.2706 164.9695 362.6224 274.2077 1.7687 0.8775 0.6961 -4.5079 1.5023 12.1726 2.7047 0.3159
Pedestrian -1 -1 1.0665 428.2269 188.9104 469.7535 249.7448 1.7109 0.9736 0.6835 -4.4672 1.9338 20.9179 0.8531 0.2973
Pedestrian -1 -1 3.1538 334.7121 163.2155 375.2568 264.1624 1.7656 0.8457 0.6768 -4.5183 1.4471 13.0690 2.8215 0.2739
Pedestrian -1 -1 3.2524 317.7539 159.7794 335.7519 202.0385 1.9026 0.8381 0.6831 -12.5611 0.9257 32.8313 2.8847 0.2692
Cyclist -1 -1 -0.0810 624.9977 170.9841 640.2938 207.7166 1.7882 1.7840 0.6080 1.5418 1.2771 35.8706 -0.0435 0.5487
Cyclist -1 -1 -0.2080 709.8561 151.2110 776.2490 277.4952 1.8137 1.9472 0.6022 2.1397 1.3800 11.2964 -0.0306 0.5199
Cyclist -1 -1 -3.2321 707.4988 186.5517 734.6592 279.4004 1.6245 1.6145 0.3355 2.1885 1.7263 13.4704 -3.0798 0.3783
Cyclist -1 -1 -0.4433 775.8279 169.0965 952.3368 374.0000 1.7375 1.8226 0.6583 2.1153 1.6479 6.2101 -0.1339 0.3480
Cyclist -1 -1 -0.5578 696.0959 167.3324 724.2469 202.6294 1.7325 1.7777 0.5313 5.4556 1.0380 36.1768 -0.4142 0.3210
Cyclist -1 -1 2.6630 561.6640 171.5465 585.7568 203.3592 1.7510 1.7592 0.6053 -1.5724 1.2040 40.4496 2.6194 0.3083
Cyclist -1 -1 0.3330 319.7651 162.7223 388.9978 268.0660 1.7960 1.9432 0.6041 -4.5403 1.4772 13.2169 0.0026 0.2963
Cyclist -1 -1 -0.5584 757.1283 150.3084 904.2061 331.9058 1.7537 1.7295 0.6884 2.3855 1.4538 7.8603 -0.2787 0.2851
Car -1 -1 2.6226 770.0337 185.2104 1238.0000 374.0000 1.4332 3.3574 1.5983 2.4376 1.4692 4.9675 3.0524 0.4879
Car -1 -1 -2.1486 685.6935 170.0826 793.0485 213.8337 1.5976 3.7456 1.7195 5.3031 1.1817 27.7430 -1.9665 0.2901
Car -1 -1 2.9459 452.4275 178.9447 516.7900 222.7966 1.5225 3.7901 1.6557 -4.4786 1.4348 27.0028 2.7779 0.2879
Car -1 -1 2.7283 572.9862 173.3048 609.2745 192.7229 1.5458 3.6001 1.6664 -0.8549 0.8940 59.1662 2.7090 0.2638
