Pedestrian -1 -1 -2.1712 698.4670 173.7581 708.8079 193.4632 1.7766 0.6948 0.6334 8.4838 1.8596 65.5304 -2.0434 0.2791
Pedestrian -1 -1 -1.7450 740.9094 170.8370 754.9272 195.6292 1.8090 0.9190 0.6012 10.0917 1.6622 52.9529 -1.5581 0.2595
Pedestrian -1 -1 -0.1425 822.4451 165.6371 839.0494 205.4388 1.8680 0.8343 0.6399 10.4569 1.5296 34.3213 0.1504 0.2289
Cyclist -1 -1 -0.3483 738.7377 171.2037 755.1400 196.1237 1.8000 1.8208 0.5953 10.0340 1.6812 53.0622 -0.1628 0.3023
Cyclist -1 -1 -0.4406 695.9736 174.3090 710.0519 193.2447 1.6931 1.6848 0.6051 8.4229 1.8275 65.5446 -0.3138 0.2376
Cyclist -1 -1 3.5632 207.6156 176.7940 227.1943 201.5648 1.7669 1.8015 0.5666 -28.6786 2.0600 52.6768 3.0666 0.2181
Cyclist -1 -1 2.5186 812.3639 165.9428 843.9058 204.1633 1.7810 1.7383 0.5235 10.3838 1.4593 34.5259 2.8080 0.1832
Car -1 -1 -2.1349 553.6730 176.2218 650.6393 225.4183 1.5379 2.2102 2.6577 -0.3454 1.6607 24.5049 -2.1496 0.6283
Car -1 -1 3.6444 42.7853 181.2578 141.0193 221.4739 1.5220 3.8860 1.6560 -21.5730 1.8975 30.1755 3.0277 0.3574
Car -1 -1 3.3890 115.3755 178.3246 180.3313 213.4857 1.5752 4.1133 1.7021 -22.5061 1.8595 35.2316 2.8238 0.3298
Car -1 -1 -0.3295 620.0886 179.7592 658.8870 201.7486 1.4854 3.8186 1.6438 2.0584 2.0041 52.0987 -0.2907 0.2686
Car -1 -1 2.7816 606.3179 177.4971 652.2707 202.8449 1.5088 3.8687 1.6506 1.1438 1.8175 45.8139 2.8059 0.2568
Car -1 -1 3.2461 0.0000 189.5904 73.2178 243.1493 1.5215 3.8851 1.6867 -19.0556 2.1248 23.8958 2.5782 0.2504
Car -1 -1 0.1845 691.4969 176.7660 734.1870 206.5722 1.5239 3.8548 1.6423 5.6446 1.7499 39.5254 0.3248 0.2154
Car -1 -1 3.3029 405.0513 179.1277 432.6427 198.0856 1.5481 3.9913 1.6848 -16.5021 2.1086 62.3541 3.0449 0.1908
