Cyclist -1 -1 -1.1507 160.9291 186.4734 190.7147 211.7647 1.8943 1.8306 0.6700 -33.0892 2.9404 54.9579 -1.6908 0.3035
Cyclist -1 -1 0.2086 143.1250 188.3270 158.3492 213.6551 1.7471 1.8767 0.5454 -33.0751 2.8821 51.9328 -0.3564 0.2756
Cyclist -1 -1 -1.4771 380.7531 199.5473 409.9416 229.6418 1.7874 1.6571 0.7163 -13.1935 3.4446 44.2705 -1.7656 0.2490
Car -1 -1 3.3402 0.0000 204.6378 185.1193 348.3828 1.5129 3.9081 1.7351 -7.6158 2.0778 10.6747 2.7319 0.7941
Car -1 -1 1.6963 131.8166 204.8722 234.3041 284.4435 1.4754 1.5981 3.6306 -9.9425 2.3162 16.9546 1.1723 0.6650
Car -1 -1 -3.6426 1127.6692 156.9759 1242.0000 198.4061 1.7021 2.0965 3.5135 24.6880 1.0501 30.9665 -2.9743 0.4255
Car -1 -1 -0.1784 157.9053 184.0337 192.8533 205.4024 1.5522 3.8556 1.6910 -34.0909 2.4593 56.5155 -0.7193 0.3255
Car -1 -1 -2.2853 1131.3314 152.3566 1242.0000 192.2343 1.7729 3.4809 2.0849 26.4298 0.8620 33.1972 -1.6173 0.3158
Car -1 -1 -0.0998 216.8894 199.7789 267.1355 236.3490 1.4994 4.2003 1.7716 -18.0030 2.8947 35.1337 -0.5707 0.2845
Car -1 -1 1.1114 1121.3124 165.1667 1242.0000 209.0963 1.6534 3.2091 1.9425 22.3845 1.3644 28.4274 1.7731 0.2580
Car -1 -1 1.8217 138.7903 172.2897 226.8777 207.0213 1.8048 3.7723 1.7105 -22.9472 1.7759 38.8355 1.2908 0.2567
Car -1 -1 0.4088 377.3440 186.1488 422.5161 208.3554 1.4744 4.0004 1.7039 -15.2549 2.4807 52.5003 0.1270 0.2260
