Pedestrian -1 -1 -0.4342 850.7479 166.1227 878.1470 213.7008 1.7989 0.8357 0.7040 9.7295 1.5448 27.7293 -0.1005 0.2466
Pedestrian -1 -1 2.6955 811.4496 167.7746 837.5667 213.2439 1.7927 0.8377 0.7087 8.5485 1.5928 28.9153 2.9796 0.2276
Pedestrian -1 -1 2.1682 796.9999 171.8731 818.6302 208.6615 1.7471 0.7706 0.6551 9.4930 1.7008 34.7685 2.4321 0.1861
Pedestrian -1 -1 -1.1097 670.5959 175.6287 687.3918 205.8231 1.7798 0.7598 0.7185 4.0917 1.9479 43.1255 -1.0163 0.1809
Pedestrian -1 -1 -0.4993 1030.7463 153.3723 1078.2650 229.1076 1.7902 0.8170 0.6655 10.7039 1.3300 17.4745 0.0424 0.1733
Pedestrian -1 -1 2.5294 960.9619 163.2050 1005.2328 232.2048 1.7776 0.8470 0.6704 9.7939 1.5294 19.0531 2.9974 0.1682
Pedestrian -1 -1 2.4830 920.6992 165.3567 961.2261 228.0506 1.7594 0.8438 0.6828 9.4565 1.5494 20.7365 2.9050 0.1634
Pedestrian -1 -1 1.3961 1097.4761 152.4515 1164.5883 249.0134 1.7648 0.9274 0.6374 9.7987 1.3923 13.6693 2.0074 0.1525
Pedestrian -1 -1 2.4400 1043.6113 151.5322 1104.2682 240.5036 1.7730 0.8515 0.6508 9.4797 1.3485 14.8440 2.9989 0.1511
Cyclist -1 -1 0.4670 327.8128 176.9403 343.6749 197.1185 1.8149 1.8484 0.5919 -25.1843 2.1957 66.2290 0.1047 0.2625
Cyclist -1 -1 -0.4925 1017.9594 209.7784 1124.9674 373.4273 1.5457 1.3875 0.3319 4.9023 1.9828 7.8299 0.0486 0.2616
Cyclist -1 -1 2.5002 1088.0804 214.1135 1242.0000 375.0000 1.6714 1.5791 0.3756 4.8678 2.0799 6.3439 3.1308 0.2366
Cyclist -1 -1 -0.4672 914.1710 165.9157 967.1981 229.5986 1.7568 1.8171 0.6272 9.4653 1.5658 20.8244 -0.0465 0.2284
Cyclist -1 -1 -3.2502 831.5447 165.9181 855.9498 207.9464 1.7544 1.9267 0.7878 10.0304 1.4652 31.1387 -2.9418 0.2166
Cyclist -1 -1 -3.3972 890.4943 169.4753 925.3712 227.2874 1.7717 1.8055 0.5788 9.4473 1.6686 23.0422 -3.0132 0.2149
Cyclist -1 -1 -0.4244 667.3228 175.1325 689.7700 204.7755 1.7286 1.8245 0.6391 4.0578 1.8684 43.1874 -0.3318 0.2144
Cyclist -1 -1 0.5484 28.0248 185.6585 62.0530 220.2188 1.7510 1.7588 0.5818 -29.8749 2.4442 38.1325 -0.1129 0.1853
Cyclist -1 -1 -3.5276 1176.5271 150.8300 1242.0000 276.9305 1.6997 1.8951 0.4869 9.0672 1.4032 10.6998 -2.8385 0.1736
Cyclist -1 -1 -0.5390 844.1635 166.3149 882.2397 213.7384 1.7663 1.7557 0.5530 9.6878 1.5231 27.7867 -0.2073 0.1685
Cyclist -1 -1 -1.5257 270.4001 181.4136 296.1711 205.0004 1.8319 1.8317 0.6609 -25.8929 2.5179 57.1512 -1.9497 0.1611
Cyclist -1 -1 -0.3989 862.1058 166.3981 903.2303 222.1003 1.7441 1.7699 0.6009 8.8063 1.5423 23.4867 -0.0449 0.1588
Cyclist -1 -1 2.5495 755.6266 169.1518 783.0831 201.2233 1.7878 1.8846 0.5719 9.0507 1.5818 41.2011 2.7638 0.1573
Cyclist -1 -1 -0.5031 804.9144 165.7279 841.5861 210.8800 1.7575 1.8328 0.5984 8.5210 1.4805 29.0419 -0.2209 0.1547
Cyclist -1 -1 -2.5637 265.9833 196.0704 299.8745 238.1194 1.6893 1.5659 0.5454 -13.9417 2.7038 30.7007 -2.9872 0.1514
Car -1 -1 1.9473 195.9326 190.6809 283.2945 235.3818 1.5727 1.7829 3.9729 -14.8494 2.3426 29.0859 1.4786 0.5725
Car -1 -1 2.8165 720.0647 176.0951 767.6159 203.7463 1.5569 3.8443 1.6382 7.9064 1.7601 43.1186 2.9961 0.3476
Car -1 -1 -3.2586 866.3843 173.9472 931.4213 222.5200 1.5296 3.7840 1.6132 9.8125 1.5707 24.8447 -2.8870 0.1919
Car -1 -1 -0.3006 697.8141 179.9603 737.7730 202.7034 1.4967 3.9626 1.6769 7.5213 2.0187 50.8739 -0.1552 0.1720
Car -1 -1 -1.6843 596.0377 172.3048 630.2181 190.8010 1.6999 2.9955 1.9022 0.2551 1.6498 67.4215 -1.6809 0.1512
