Pedestrian -1 -1 1.6758 232.3332 165.3202 335.0875 325.6444 1.7704 1.0246 0.6677 -3.7781 1.6044 8.2757 1.2635 0.7476
Pedestrian -1 -1 1.3970 54.8826 188.3939 101.4999 250.1508 1.7158 0.9677 0.7559 -15.2391 1.9521 20.4063 0.7645 0.4114
Pedestrian -1 -1 2.5084 833.0354 172.7752 877.0733 241.0423 1.6786 0.7382 0.7565 6.2679 1.4903 17.8447 2.8423 0.3917
Pedestrian -1 -1 -1.7215 1122.6943 190.1736 1224.0000 370.0000 1.6813 0.6913 0.7220 4.3546 1.7630 5.3567 -1.0660 0.3376
Pedestrian -1 -1 2.8534 517.0211 164.2731 567.3670 262.6727 1.7343 0.8866 0.6982 -1.2087 1.4499 12.9974 2.7647 0.2792
Pedestrian -1 -1 2.6002 641.3907 162.2994 698.0588 261.0080 1.7440 0.8423 0.7041 1.1399 1.4241 13.0206 2.6871 0.2510
Pedestrian -1 -1 1.1201 970.0042 189.4546 1132.3556 370.0000 1.6450 0.7930 0.7194 3.2770 1.7194 5.3435 1.6458 0.2441
Pedestrian -1 -1 3.0170 13.3362 175.1278 70.2173 263.0677 1.7107 0.8493 0.8110 -11.4664 1.6078 14.3363 2.3549 0.2312
Pedestrian -1 -1 -0.9036 992.3203 165.0548 1069.4358 273.9865 1.7712 0.8903 0.6859 7.1893 1.5217 12.0313 -0.3750 0.1938
Pedestrian -1 -1 -0.1804 243.7157 166.7040 290.5376 258.9532 1.7160 0.7781 0.6933 -6.5791 1.4610 13.6654 -0.6183 0.1671
Pedestrian -1 -1 -0.8332 735.6855 143.6926 798.0776 249.9423 1.7813 0.8513 0.6461 2.7848 1.1659 12.3831 -0.6155 0.1620
Pedestrian -1 -1 1.1293 832.7770 167.8974 905.2415 275.7137 1.7182 0.9206 0.6608 4.2865 1.5190 11.6355 1.4751 0.1468
Cyclist -1 -1 0.4013 0.0000 175.3194 67.4165 267.2099 1.7299 1.8659 0.6376 -11.7135 1.6340 14.2901 -0.2728 0.2443
Cyclist -1 -1 -0.3960 859.6552 176.9978 942.9103 299.9904 1.6342 1.6873 0.4727 4.1953 1.5894 10.2372 -0.0162 0.2423
Cyclist -1 -1 1.5067 683.8654 162.5287 760.1546 233.0476 1.7575 1.8790 0.6374 2.9246 1.3112 18.0236 1.6666 0.2367
Cyclist -1 -1 -0.5065 642.2393 161.7628 720.2014 263.2754 1.7649 1.8699 0.6141 1.3470 1.4408 13.2682 -0.4060 0.2214
Cyclist -1 -1 -0.7473 1125.3467 144.6464 1224.0000 252.0235 1.7265 1.8080 0.6630 10.0468 1.1517 12.2894 -0.0729 0.2070
Cyclist -1 -1 -0.0873 520.5248 161.8261 562.0223 265.9742 1.7803 1.8086 0.6020 -1.2424 1.4627 13.0244 -0.1784 0.1919
Cyclist -1 -1 -1.5579 554.4289 147.1328 630.2932 220.2703 1.8062 1.8739 0.6382 -0.3512 0.9838 17.7799 -1.5753 0.1805
Cyclist -1 -1 0.8343 1069.0343 185.2289 1224.0000 370.0000 1.6270 1.7061 0.6071 5.1392 1.6736 6.3365 1.4931 0.1760
Cyclist -1 -1 -0.5189 831.5906 155.3800 916.1181 264.6382 1.7692 1.7781 0.5552 4.6105 1.3641 12.3673 -0.1687 0.1652
Cyclist -1 -1 -1.6239 593.8497 170.3360 681.0839 258.3280 1.7983 1.7850 0.6851 0.6192 1.5922 14.7969 -1.5814 0.1553
Cyclist -1 -1 1.9577 313.6861 182.1557 451.0764 292.8702 1.6998 1.9436 0.8126 -3.5922 1.7292 11.3569 1.6608 0.1511
Cyclist -1 -1 -0.5712 870.3076 155.2503 966.0802 268.2420 1.7754 1.8128 0.5859 5.2368 1.3803 12.0476 -0.1690 0.1505
Cyclist -1 -1 -1.1679 279.7119 201.9429 357.6786 273.1651 1.8209 1.7742 0.7093 -7.5814 2.4003 18.6738 -1.5466 0.1466
Cyclist -1 -1 -2.1286 1019.4151 195.6596 1133.0653 289.1762 1.7365 1.7205 0.6864 8.9946 2.0374 13.5979 -1.5536 0.1458
Cyclist -1 -1 0.3005 84.2555 161.4251 155.1269 260.0220 1.8043 1.8532 0.6108 -9.5440 1.4569 13.9093 -0.2884 0.1441
Car -1 -1 0.0582 47.1619 188.2302 111.5807 233.9388 1.5176 3.6522 1.6742 -19.3660 1.8266 26.1314 -0.5722 0.2399
Car -1 -1 -2.1879 1168.4557 179.2307 1224.0000 370.0000 1.5529 1.6958 3.9832 6.3011 1.5488 5.3493 -1.3485 0.1578
Car -1 -1 0.3743 340.8659 169.5915 468.9368 243.3851 1.5484 3.7884 1.6222 -4.6333 1.3211 16.8038 0.1119 0.1479
