Pedestrian -1 -1 0.9620 0.0000 105.7344 143.0992 375.0000 1.7889 0.7711 0.5961 -3.0871 1.4797 3.7827 0.3109 0.3092
Pedestrian -1 -1 -0.2870 390.7271 134.9251 443.8116 244.1663 1.8382 1.0031 0.6477 -3.4640 1.2003 12.7351 -0.5479 0.3063
Pedestrian -1 -1 1.3637 408.8890 160.5017 488.3701 292.0143 1.8019 1.0030 0.6571 -2.3829 1.6330 10.3902 1.1427 0.3000
Pedestrian -1 -1 -1.0738 755.2209 147.9400 844.9081 306.8785 1.7627 0.7919 0.6974 2.1908 1.4867 8.5237 -0.8318 0.2942
Pedestrian -1 -1 -0.3719 376.7253 159.6037 398.4637 205.0333 1.8744 0.7723 0.6345 -9.3731 1.3280 30.2665 -0.6701 0.2391
Pedestrian -1 -1 3.2110 248.8394 187.2001 288.9082 262.3833 1.6529 0.8529 0.7738 -7.8852 1.9941 16.6021 2.7733 0.2316
Pedestrian -1 -1 2.9751 438.3543 113.7131 485.7574 238.0990 1.8881 0.7239 0.6216 -2.3982 0.9907 11.3996 2.7718 0.2259
Pedestrian -1 -1 0.7973 1074.5852 189.4642 1092.0089 212.9526 1.6608 0.7539 0.7322 34.1185 2.8696 52.0587 1.3743 0.2162
Cyclist -1 -1 1.0304 1002.5085 181.1967 1173.9578 292.0478 1.6645 2.0567 0.9794 7.4600 1.8029 11.4248 1.5962 0.3568
Cyclist -1 -1 2.3290 1148.3944 128.7140 1242.0000 254.9386 1.7633 1.7023 0.4385 9.0586 1.1470 10.9496 3.0069 0.3197
Cyclist -1 -1 -0.0230 547.3526 176.4851 555.2584 197.9492 1.6909 1.7093 0.5926 -4.7486 1.9877 58.0175 -0.1047 0.2443
Cyclist -1 -1 -3.1415 1076.6099 134.5116 1129.1775 232.6121 1.7627 1.6417 0.7930 9.4005 1.0741 13.8656 -2.5557 0.2277
Car -1 -1 2.9693 167.0060 176.5616 255.8534 239.7414 1.5816 3.4271 1.6087 -11.2124 1.6948 20.1161 2.4662 0.5417
Car -1 -1 -0.0615 569.5992 173.3893 601.1943 200.6266 1.5288 3.6181 1.6299 -1.5192 1.5621 42.4508 -0.0975 0.4822
Car -1 -1 -0.9443 1062.9597 180.1431 1141.2524 205.9627 1.5094 3.8153 1.6643 30.8706 1.9896 45.4272 -0.3508 0.3315
Car -1 -1 2.7306 469.6570 171.0178 508.9436 192.2847 1.5752 3.5523 1.6942 -9.3200 1.4395 55.3894 2.5644 0.3167
Car -1 -1 0.0236 1017.2307 176.8478 1054.6055 207.3516 1.5299 3.8784 1.6565 22.9107 1.7567 38.8176 0.5530 0.2524
Car -1 -1 -0.0729 547.3616 175.0172 577.2502 199.2606 1.5576 3.6019 1.7444 -3.2772 1.7094 48.5996 -0.1403 0.2482
Car -1 -1 1.2900 798.7571 159.3327 1200.7615 310.2574 1.5567 3.8779 1.6510 4.2624 1.4176 8.5744 1.7370 0.2419
Car -1 -1 -1.4167 211.4821 167.0988 277.0221 192.7908 1.7331 3.8151 1.9075 -25.3905 1.3452 50.1632 -1.8833 0.2332
