Pedestrian -1 -1 -0.1622 614.9041 175.6870 639.2803 226.6406 1.6926 0.8648 0.6941 0.5291 1.7910 24.4961 -0.1416 0.7004
Pedestrian -1 -1 3.2684 318.1344 186.2841 398.7878 336.7735 1.6526 0.8384 0.7942 -2.9911 1.8204 8.4992 2.9385 0.6704
Pedestrian -1 -1 1.6832 434.0910 178.3034 468.8578 241.2819 1.6793 0.8480 0.7741 -4.3750 1.8320 19.7399 1.4672 0.6041
Pedestrian -1 -1 3.5315 0.0000 137.6714 144.9874 375.0000 1.7931 0.8618 0.6913 -3.5731 1.5938 4.5928 2.8976 0.5846
Pedestrian -1 -1 2.7589 638.0170 176.3890 654.1870 206.8261 1.7153 0.7491 0.6923 2.0260 1.9200 41.2358 2.8071 0.3394
Pedestrian -1 -1 -1.2402 534.7516 177.8137 544.8542 198.4547 1.7158 0.6637 0.6680 -5.9142 2.1353 60.5706 -1.3376 0.2856
Pedestrian -1 -1 1.7427 302.5369 150.8944 354.8896 260.3137 1.8119 0.7412 0.5872 -4.8375 1.4486 12.3054 1.3749 0.2802
Pedestrian -1 -1 2.7759 82.8212 169.1218 219.8167 375.0000 1.6898 0.8656 0.6511 -3.6670 1.6635 5.6764 2.2227 0.2610
Pedestrian -1 -1 -1.7666 605.6110 178.8098 612.3671 196.9767 1.6312 0.4905 0.6712 -0.1129 2.1747 65.4104 -1.7687 0.2587
Pedestrian -1 -1 3.1727 366.1291 133.7402 393.5504 214.9699 1.8886 0.7499 0.5995 -5.5333 0.9796 17.2156 2.8659 0.2485
Pedestrian -1 -1 2.4199 623.2653 167.8077 635.2487 193.5065 1.8626 0.5874 0.6491 1.3795 1.4972 52.7254 2.4455 0.2435
Pedestrian -1 -1 -1.1526 439.2566 171.8665 456.2421 203.3363 1.7950 0.7635 0.6318 -9.3727 1.7390 41.5371 -1.3735 0.2380
Cyclist -1 -1 2.9551 471.7867 181.7011 492.8100 218.9947 1.7332 1.9798 0.6481 -6.2567 2.1763 35.0650 2.7792 0.6313
Cyclist -1 -1 -2.9654 518.7410 180.7659 535.4310 212.8820 1.7483 1.7925 0.6314 -4.6952 2.2043 40.6391 -3.0803 0.4614
Cyclist -1 -1 -0.3782 481.0992 179.3061 500.4932 206.0363 1.6970 1.9395 0.5764 -7.8477 2.1287 47.2562 -0.5423 0.4465
Cyclist -1 -1 -0.2396 603.0244 179.1569 614.8720 199.0074 1.7525 1.9434 0.6275 -0.1223 2.3327 65.3631 -0.2419 0.4443
Cyclist -1 -1 -0.5139 1053.8396 150.8987 1212.0930 326.4323 1.7802 1.9333 0.5528 5.8557 1.5579 8.3011 0.0831 0.3816
Cyclist -1 -1 -3.4973 959.2409 167.1413 1057.8658 296.2292 1.7462 1.9536 0.6116 5.8258 1.6693 10.7655 -3.0136 0.3335
Cyclist -1 -1 3.3128 371.5237 171.3830 416.5983 256.3247 1.7253 1.9151 0.6150 -4.7008 1.6957 15.6394 3.0248 0.3201
Cyclist -1 -1 -0.1035 614.4896 176.5383 637.2589 228.9088 1.7069 1.7208 0.5924 0.4815 1.8370 24.5211 -0.0849 0.3150
Cyclist -1 -1 -0.3479 532.0662 177.8620 546.4725 198.8804 1.7243 1.8491 0.6090 -5.9721 2.1521 60.6156 -0.4461 0.2482
Cyclist -1 -1 3.1719 420.0762 175.1755 444.1310 239.2867 1.6883 1.7893 0.5931 -4.9643 1.7560 20.0024 2.9311 0.2472
Cyclist -1 -1 3.5953 75.3685 156.6023 260.8781 375.0000 1.7294 1.7959 0.5818 -3.6904 1.6124 6.1239 3.0713 0.2397
Car -1 -1 -0.2937 639.9193 178.0588 688.4439 209.7136 1.5613 3.5302 1.5901 2.7732 1.8503 38.1073 -0.2222 0.4235
Car -1 -1 3.0622 471.0514 178.1629 493.0653 195.2632 1.5163 3.2484 1.7547 -11.8994 2.0219 66.8814 2.8864 0.2645
Car -1 -1 2.6920 488.9087 179.0925 543.5114 207.4012 1.5339 3.7962 1.6653 -5.5417 1.9154 42.0381 2.5613 0.2622
Car -1 -1 -3.1264 602.8132 181.0115 644.4510 220.8010 1.5147 3.7490 1.6314 0.5520 1.8774 30.1439 -3.1089 0.2446
