Pedestrian -1 -1 2.8591 464.6324 172.0180 485.8334 217.1196 1.7463 0.7222 0.6442 -5.3504 1.7143 28.4018 2.6741 0.4373
Cyclist -1 -1 3.0135 579.0289 168.0968 604.4350 223.3597 1.8358 1.7714 0.6497 -0.6894 1.6781 24.8912 2.9854 0.5197
Cyclist -1 -1 -1.0274 141.1085 167.0622 282.9196 286.9313 1.7896 1.8555 0.6420 -6.1687 1.7035 11.1341 -1.5237 0.3520
Cyclist -1 -1 3.1776 540.2680 176.5197 558.7182 222.3764 1.7223 1.9070 0.6539 -2.3970 1.8710 28.2203 3.0930 0.3159
Car -1 -1 -1.7144 727.8511 185.9576 901.3352 327.3327 1.4446 1.5957 3.6641 2.4469 1.6543 9.6229 -1.4740 0.6837
Car -1 -1 -1.7173 689.8718 182.5612 803.1382 274.2698 1.5146 1.5997 3.7063 2.4853 1.7310 14.1804 -1.5484 0.6755
Car -1 -1 1.6557 472.6574 174.6232 540.5902 233.0684 1.5952 1.7052 3.7402 -3.0688 1.6535 21.7199 1.5164 0.6282
Car -1 -1 1.9186 148.5084 176.9305 371.5137 256.5943 1.5570 3.8612 1.8185 -7.3022 1.6499 15.2920 1.4794 0.5646
Car -1 -1 3.2009 515.8536 179.5207 561.9256 220.1741 1.5345 3.8266 1.6695 -2.9180 1.8283 29.8127 3.1036 0.5466
Car -1 -1 2.8679 628.8806 177.5302 668.2249 202.2292 1.5015 3.4462 1.6493 2.4085 1.8148 46.4276 2.9189 0.4781
Car -1 -1 -0.9189 0.0000 0.0000 1242.0000 375.0000 1.5311 1.6614 4.0615 -2.5974 1.7091 1.8479 -1.8041 0.4443
Car -1 -1 -2.9556 570.7506 173.0829 596.7982 191.7339 1.6283 3.6583 1.6990 -2.3514 1.6498 64.9713 -2.9920 0.3498
Car -1 -1 1.8105 420.0206 171.4220 505.4234 211.4636 1.7577 3.4780 1.6847 -6.6450 1.6952 32.5806 1.6105 0.3293
Car -1 -1 2.9147 662.1292 176.6194 692.2224 196.4011 1.5312 3.7254 1.6269 5.3907 1.8473 58.5465 3.0057 0.3138
