Pedestrian -1 -1 2.7134 598.4936 177.4639 628.1556 223.8762 1.6823 0.7848 0.8513 0.0762 1.8573 26.7906 2.7154 0.4899
Pedestrian -1 -1 -3.7690 1147.5270 96.1410 1242.0000 319.2184 1.8356 0.8144 0.6514 5.3023 1.2047 6.3559 -3.0964 0.3593
Pedestrian -1 -1 0.1242 87.4928 167.8133 125.6810 247.8283 1.7846 0.7321 0.6298 -11.5928 1.6725 16.5596 -0.4792 0.3558
Pedestrian -1 -1 -2.0871 152.9615 193.0008 176.5813 228.4219 1.7325 0.7430 0.7453 -22.4787 2.7626 36.3691 -2.6377 0.3070
Cyclist -1 -1 3.4569 0.0000 169.6894 126.6913 375.0000 1.7456 1.8238 0.7047 -5.0183 1.7223 6.3754 2.8099 0.5905
Cyclist -1 -1 3.1954 0.0000 194.8522 49.7877 362.4781 1.6808 1.7613 0.4733 -6.8529 1.9607 8.3108 2.5214 0.3229
Cyclist -1 -1 -2.8637 397.3078 193.9279 417.0882 226.6089 1.7317 1.6307 0.6356 -11.2957 2.9271 40.0994 -3.1371 0.3217
Cyclist -1 -1 -1.5724 186.2839 178.6022 224.2848 211.2839 1.8168 1.8763 0.6967 -23.0991 2.1510 41.1385 -2.0815 0.2850
Cyclist -1 -1 3.1837 461.5606 169.9577 473.3423 201.3869 1.7561 1.9388 0.5815 -8.1892 1.5946 41.3147 2.9889 0.2785
Cyclist -1 -1 -1.1572 561.9530 175.5744 594.7676 205.8349 1.8137 1.8680 0.7228 -1.9642 1.9827 44.0390 -1.2020 0.2599
Cyclist -1 -1 3.6380 131.7741 181.4894 177.7019 229.5876 1.7839 1.9586 0.6558 -17.7522 2.1328 28.1152 3.0788 0.2536
Car -1 -1 -1.6473 450.0849 187.4409 515.3493 243.0762 1.4788 1.6836 3.8857 -4.0675 1.9737 22.3654 -1.8259 0.7371
Car -1 -1 1.4257 334.2711 189.2708 400.4078 240.6293 1.5696 1.6614 3.9411 -8.6993 2.1997 25.5446 1.1001 0.6092
Car -1 -1 -0.7940 823.9246 167.2891 1090.7175 276.4904 1.5477 1.6777 3.8880 5.5597 1.4692 11.6946 -0.3607 0.5316
Car -1 -1 -0.4909 723.8499 180.0291 903.7769 254.1539 1.5153 1.6461 3.5254 4.4700 1.6885 16.1778 -0.2269 0.5280
Car -1 -1 1.7761 0.0000 194.4169 32.6267 375.0000 1.5392 1.6280 4.0121 -7.1266 1.8177 7.1691 1.0122 0.3431
