Pedestrian -1 -1 1.4742 323.1809 215.2512 354.3469 277.9507 1.7131 0.7676 0.7823 -7.7781 2.5991 20.6549 1.1175 0.3986
Cyclist -1 -1 3.6440 0.0000 193.6159 108.9099 348.9945 1.6885 1.7727 0.4289 -6.8847 1.8033 8.8143 2.9953 0.4137
Cyclist -1 -1 2.8544 656.5253 188.7370 698.2811 264.4438 1.6098 1.6003 0.4932 1.5005 1.6944 16.1922 2.9446 0.3621
Car -1 -1 -1.5983 560.7795 179.7940 614.1439 230.3259 1.5912 1.6844 3.9067 -0.7978 1.4216 24.6324 -1.6308 0.6822
Car -1 -1 -1.2666 63.1651 185.4462 411.5819 376.0000 1.5727 1.8282 3.9249 -3.2793 1.5768 7.2197 -1.6794 0.6495
Car -1 -1 3.3007 397.3028 184.5895 449.9496 219.6567 1.5046 3.6041 1.7670 -8.3460 1.4789 32.7136 3.0525 0.5918
Car -1 -1 -1.4698 456.7021 184.3388 530.5815 239.9367 1.5092 1.7831 3.9643 -3.3581 1.4865 21.5349 -1.6231 0.5741
Car -1 -1 3.2580 361.3690 180.0454 399.7450 207.8606 1.5089 3.7451 1.6586 -12.9299 1.2296 40.9867 2.9539 0.5240
Car -1 -1 3.1667 273.3784 179.0741 346.2561 242.0264 1.5454 3.6877 1.6819 -8.1213 1.3958 19.6654 2.7796 0.4757
Car -1 -1 0.8007 218.8476 180.1017 322.0016 222.9361 1.5115 2.8497 2.1127 -12.6758 1.3322 27.0714 0.3663 0.4421
Car -1 -1 3.3689 6.7471 189.4208 131.6126 259.6511 1.4306 3.2524 1.5951 -12.3784 1.5399 16.6652 2.7375 0.4073
Car -1 -1 1.5028 499.1906 182.3653 540.1724 215.7381 1.5298 1.7342 3.3892 -4.3367 1.4002 34.7761 1.3793 0.3980
Car -1 -1 3.1504 455.2205 178.4522 482.4853 203.5201 1.5157 3.5861 1.6244 -8.7736 1.1079 45.3714 2.9601 0.3599
