Pedestrian -1 -1 -0.7120 774.7813 170.6542 793.0419 202.2975 1.7846 0.7765 0.6676 9.8909 1.6609 41.1874 -0.4784 0.4533
Pedestrian -1 -1 3.4144 146.1375 169.5238 172.3645 219.1051 1.8443 0.7967 0.6500 -17.0971 1.7208 27.3102 2.8593 0.2659
Pedestrian -1 -1 0.3516 154.1103 155.3191 199.1006 238.2005 1.8064 0.7877 0.6293 -9.7490 1.4246 16.1678 -0.1840 0.2478
Pedestrian -1 -1 -0.5557 721.3450 163.6676 742.6298 199.3994 1.8797 0.9613 0.7208 6.4748 1.3968 38.5364 -0.3908 0.2349
Cyclist -1 -1 3.1523 428.9726 182.3658 437.4851 206.0955 1.6913 1.8080 0.5900 -13.0392 2.4046 53.1310 2.9124 0.5500
Cyclist -1 -1 3.4426 276.6414 189.7461 306.7806 235.1681 1.6708 1.7137 0.5893 -12.4126 2.3493 28.0807 3.0295 0.5015
Cyclist -1 -1 -0.3302 774.6987 171.1021 795.4698 203.0580 1.7882 1.7895 0.6018 9.9735 1.6905 41.2927 -0.0953 0.4332
Cyclist -1 -1 2.9477 504.0265 183.8392 518.6086 210.8811 1.7974 1.7386 0.6699 -6.8267 2.5678 49.6438 2.8112 0.3709
Cyclist -1 -1 1.9992 53.8361 200.5159 140.2448 270.3906 1.8846 1.8655 0.7090 -14.5127 2.6866 20.3881 1.3865 0.3202
Car -1 -1 2.9130 509.6007 186.5416 544.3322 208.3876 1.5583 3.8100 1.8684 -6.5308 2.6652 56.2169 2.7974 0.4415
Car -1 -1 3.4015 349.9276 184.1431 395.8739 211.1051 1.5339 3.9512 1.7467 -14.6769 2.2662 44.7587 3.0860 0.4145
Car -1 -1 -0.3796 752.4628 176.9175 791.7980 198.0926 1.5044 3.6132 1.6351 12.0418 1.8191 53.9076 -0.1614 0.3579
Car -1 -1 -2.7556 383.7188 186.1837 427.3136 209.3007 1.5165 3.8170 1.6855 -14.6025 2.5072 51.6155 -3.0303 0.3230
Car -1 -1 2.9832 476.0656 181.7957 512.5811 206.5792 1.5312 3.5012 1.8622 -7.7514 2.1499 47.9397 2.8233 0.3045
Car -1 -1 1.0997 888.1102 170.7916 971.9441 201.9965 1.7630 4.0353 1.8621 18.4640 1.6469 41.8102 1.5125 0.2991
Car -1 -1 0.4295 485.8090 181.2553 529.8989 203.8959 1.5151 2.8256 2.1118 -7.2402 2.1305 51.1658 0.2892 0.2662
Car -1 -1 -2.1151 816.8385 167.5973 879.5808 191.3924 1.6186 3.7785 1.7929 16.5844 1.2614 50.3782 -1.7991 0.2428
Car -1 -1 1.1869 872.7848 166.3439 933.4924 189.8307 1.6138 3.5396 1.7314 20.4297 1.1669 50.4441 1.5695 0.2386
Car -1 -1 -1.0925 0.0000 199.7897 52.3281 375.0000 1.5530 1.6399 3.9685 -6.2343 1.8454 5.6783 -1.9011 0.2295
Car -1 -1 -0.1375 737.7833 177.0287 765.0727 195.7332 1.5587 4.0940 1.7889 12.3178 1.9365 63.1505 0.0539 0.2271
