Pedestrian -1 -1 3.0406 395.7174 172.8601 415.1671 217.5995 1.7237 0.7909 0.6598 -7.8541 1.4308 27.7241 2.7692 0.4637
Pedestrian -1 -1 3.1885 410.4128 164.9417 451.7713 246.2311 1.7982 0.8892 0.8744 -3.9989 1.4556 16.1545 2.9521 0.3662
Pedestrian -1 -1 0.6646 380.8763 179.7072 404.5359 217.6739 1.7357 0.8034 0.7069 -9.8701 1.7009 32.8217 0.3767 0.3329
Pedestrian -1 -1 -2.2972 488.1537 170.0755 501.9202 192.6605 1.8277 0.9537 0.6001 -8.9694 0.9853 57.7720 -2.4487 0.2882
Pedestrian -1 -1 -0.5368 760.6775 145.9143 835.6924 277.0203 1.8252 0.8500 0.7214 2.7651 1.3454 10.3470 -0.2814 0.2793
Pedestrian -1 -1 1.5083 699.6631 146.9579 737.2462 242.3284 1.9173 0.7246 0.5835 2.2826 1.2446 14.5329 1.6626 0.2098
Pedestrian -1 -1 -0.4398 647.6498 152.5618 679.9377 216.2196 1.7818 0.8270 0.6298 1.6467 1.0014 20.2837 -0.3581 0.1772
Pedestrian -1 -1 3.3652 149.2508 167.2857 190.7855 247.4254 1.7391 0.7704 0.6312 -9.7519 1.4540 15.8037 2.8230 0.1604
Pedestrian -1 -1 1.1078 311.1890 202.5197 376.4238 302.1554 1.6552 0.8423 0.7507 -4.6814 2.0655 12.5538 0.7603 0.1571
Cyclist -1 -1 -0.2084 488.7269 170.4665 500.3464 192.2961 1.7568 1.7986 0.5823 -9.0288 0.9506 57.8411 -0.3607 0.4350
Cyclist -1 -1 0.3197 401.3350 167.0651 460.2813 247.9269 1.7585 1.7749 0.7951 -4.0181 1.4680 16.2889 0.0841 0.3553
Cyclist -1 -1 -3.3700 802.5685 134.0607 879.1829 290.4605 1.8265 1.7898 0.5201 2.9610 1.2859 9.1644 -3.0656 0.2618
Cyclist -1 -1 3.5537 232.0351 176.6146 286.6106 249.2404 1.6227 1.7591 0.4823 -8.1618 1.5375 16.6799 3.1079 0.2285
Cyclist -1 -1 -3.5757 1043.9482 90.4564 1224.0000 370.0000 1.7797 1.8534 0.5205 3.4474 1.3251 4.5373 -2.9568 0.1785
Cyclist -1 -1 -0.3464 558.6264 170.0863 585.4030 210.6509 1.7554 1.7855 0.6239 -1.5043 1.3062 31.5366 -0.3919 0.1605
Car -1 -1 3.0208 540.6113 169.5254 586.9681 206.5008 1.6341 4.1955 1.6917 -2.0301 1.1506 33.4581 2.9625 0.6286
Car -1 -1 -0.0982 530.1525 172.3994 568.8718 202.4170 1.5366 3.8389 1.7181 -3.0590 1.1234 38.2294 -0.1756 0.2837
Car -1 -1 -1.1756 372.6421 178.9729 440.4148 205.0646 1.5375 3.5693 1.6871 -11.9687 1.4489 42.7201 -1.4452 0.1552
