Pedestrian -1 -1 -0.4949 694.0031 162.0737 724.7596 218.7859 1.7682 0.8247 0.6557 3.2911 1.1952 22.5393 -0.3502 0.7824
Pedestrian -1 -1 3.2374 281.7589 169.2422 337.5331 268.9621 1.7051 0.9995 0.8248 -5.3201 1.5143 12.6820 2.8508 0.7229
Pedestrian -1 -1 -0.1598 286.7466 172.2770 305.8038 212.4752 1.7819 0.6817 0.6886 -13.9117 1.4188 31.8090 -0.5667 0.5069
Pedestrian -1 -1 2.1548 471.4984 167.1263 491.5891 201.7233 1.8035 0.8655 0.5844 -6.5234 1.1078 37.2941 1.9848 0.3927
Pedestrian -1 -1 2.0362 1033.5186 146.7612 1062.7362 189.5483 1.8981 0.8913 0.7173 19.9901 0.4029 31.9276 2.5929 0.3486
Pedestrian -1 -1 -1.1387 179.9228 182.3732 199.8643 214.7146 1.7453 0.7469 0.6174 -22.6306 1.8497 38.5321 -1.6646 0.3180
Pedestrian -1 -1 2.2677 982.9474 136.0802 1013.7440 194.3663 1.8733 0.6805 0.5586 12.8395 0.4472 23.1374 2.7703 0.2541
Cyclist -1 -1 -0.2194 653.6558 166.0084 703.7938 257.9805 1.7720 1.7263 0.6538 1.4433 1.4944 14.5136 -0.1207 0.5996
Cyclist -1 -1 3.0713 560.2525 167.3420 571.5120 200.2730 1.7310 1.6827 0.4885 -2.1215 1.0408 38.0255 3.0178 0.5009
Cyclist -1 -1 -0.3116 630.6938 170.1772 643.1165 190.0885 1.7601 1.7860 0.5951 2.8778 0.8488 63.4359 -0.2648 0.3708
Cyclist -1 -1 -1.0941 166.1852 181.0676 196.5907 207.3212 1.8891 1.7961 0.6482 -30.7026 1.9319 51.2644 -1.6294 0.3203
Cyclist -1 -1 -0.8813 1020.3740 148.3464 1069.9662 190.9600 1.8687 1.9620 0.6112 19.8935 0.4602 32.0272 -0.3282 0.2997
Cyclist -1 -1 2.0301 1181.8168 162.9436 1224.0000 198.8912 1.7081 1.9017 0.6117 29.4762 0.8753 34.5859 2.7330 0.2833
Cyclist -1 -1 3.0777 475.1287 170.3816 486.8477 201.9296 1.6298 1.5985 0.5114 -6.5713 1.1085 37.3593 2.9068 0.2793
Cyclist -1 -1 3.2678 281.7014 171.0679 333.7679 273.3958 1.7130 1.6613 0.6466 -5.3601 1.5567 12.7172 2.8795 0.2441
Cyclist -1 -1 3.5585 143.1652 187.0164 169.8097 218.1145 1.7790 1.8103 0.6471 -26.4936 2.1741 41.7786 2.9983 0.2423
Car -1 -1 1.4003 716.4905 170.6969 820.2009 210.9381 1.5939 3.8959 1.7424 6.6005 1.2071 28.9732 1.6236 0.6297
Car -1 -1 -0.6260 860.0875 163.0700 1182.5065 280.3717 1.5524 1.5851 3.9137 5.9339 1.3234 10.3691 -0.1176 0.6053
Car -1 -1 1.0442 1005.3408 166.3961 1080.7349 190.5032 1.5009 3.7200 1.7002 27.7779 0.6241 44.9128 1.5966 0.3916
Car -1 -1 -0.2317 1061.7877 167.1845 1134.6312 190.7883 1.5354 1.8417 3.6855 33.0730 0.6706 47.5187 0.3748 0.3115
Car -1 -1 2.4677 1052.1040 167.6594 1144.3066 200.5074 1.4822 3.7277 1.6346 23.4585 0.9043 33.8167 3.0714 0.2755
Car -1 -1 1.5296 857.9752 170.4125 921.3383 193.4747 1.5033 3.8787 1.7458 19.0828 0.8471 47.5544 1.9105 0.2665
Car -1 -1 -0.0444 152.9601 179.0877 179.6211 198.9059 1.5301 3.6238 1.6649 -35.0981 1.4223 56.5507 -0.5957 0.2341
