Pedestrian -1 -1 -1.9146 826.6017 163.3852 846.6636 195.1377 1.8408 0.9861 0.5586 13.1955 1.2922 42.1283 -1.6134 0.3813
Pedestrian -1 -1 -0.2503 46.6907 171.6510 71.0543 214.3513 1.8430 0.8144 0.6706 -24.2220 1.7915 31.6559 -0.8995 0.2538
Pedestrian -1 -1 1.6864 1191.8157 168.1879 1234.2192 229.8803 1.7510 0.8811 0.6759 17.5267 1.6189 21.0278 2.3739 0.2383
Cyclist -1 -1 0.0999 221.9097 171.2965 235.6475 200.0603 1.8030 1.8996 0.5894 -24.4414 1.7057 46.2155 -0.3844 0.1945
Car -1 -1 3.5457 146.6422 187.9326 246.9301 236.5219 1.4704 3.8356 1.6283 -14.2621 2.0363 25.0655 3.0327 0.6517
Car -1 -1 3.3094 370.1372 181.0159 403.5058 204.4480 1.4879 3.5662 1.5887 -15.1405 2.0637 48.9897 3.0109 0.4850
Car -1 -1 3.3118 334.5428 178.3661 369.1939 202.4576 1.6676 4.2868 1.7015 -19.0181 2.0919 53.2322 2.9699 0.4248
Car -1 -1 3.0160 588.1302 176.1489 614.4731 196.3967 1.5437 3.6024 1.6555 -0.7487 1.8155 57.5258 3.0026 0.3568
Car -1 -1 0.1888 535.7083 179.6702 571.9954 204.5356 1.5191 3.8705 1.6712 -3.6581 1.9844 47.1986 0.1114 0.2346
Car -1 -1 2.6836 868.2753 178.0670 912.2680 198.8697 1.5449 3.9922 1.6099 21.9320 1.9696 56.6747 3.0507 0.2343
Car -1 -1 -0.2908 939.3362 173.2030 979.2628 195.1508 1.5613 3.7182 1.6467 25.7473 1.5884 53.3512 0.1563 0.1939
Car -1 -1 3.1391 166.0288 181.2166 188.7258 199.9690 1.5864 4.0849 1.7119 -39.1026 2.3677 65.1853 2.6004 0.1832
Car -1 -1 0.1239 451.4220 181.9691 477.6627 200.8856 1.4994 3.9756 1.7037 -12.3249 2.2989 61.2077 -0.0743 0.1824
