Pedestrian -1 -1 -0.4929 453.7228 181.0179 469.5506 209.7037 1.7066 0.7487 0.6639 -9.0220 2.2072 43.7091 -0.6957 0.3172
Pedestrian -1 -1 -1.7226 467.0710 177.8650 479.6232 202.1703 1.7637 0.8188 0.6341 -10.0613 2.1349 52.9690 -1.9098 0.2735
Pedestrian -1 -1 -0.0859 0.0000 167.9466 26.1737 228.4049 1.8327 0.7896 0.7131 -18.6784 1.6843 22.4006 -0.7752 0.2491
Pedestrian -1 -1 2.0680 193.3604 152.4617 256.0738 247.0187 1.8726 0.9617 0.5718 -7.8245 1.4691 14.5780 1.5826 0.2236
Pedestrian -1 -1 -1.9492 682.2554 177.5420 696.2537 203.0256 1.6845 0.7520 0.6247 5.2669 2.0009 48.2414 -1.8416 0.2203
Pedestrian -1 -1 1.9644 866.9080 182.4912 917.3869 264.0847 1.6748 0.8097 0.6858 5.9949 1.8887 15.4596 2.3270 0.2081
Pedestrian -1 -1 0.4231 250.2649 177.8648 278.5019 226.0399 1.7539 0.8122 0.6697 -12.8575 1.9431 26.7656 -0.0212 0.2039
Pedestrian -1 -1 2.6813 326.1795 176.3513 349.0103 217.1508 1.7868 0.8478 0.6446 -12.2027 1.9458 32.2108 2.3215 0.2017
Pedestrian -1 -1 2.9612 0.0000 143.5855 24.6655 212.8191 1.9494 0.6290 0.6663 -17.3971 1.1257 20.7709 2.2702 0.1963
Pedestrian -1 -1 0.8650 181.2837 171.5912 219.3737 232.7048 1.8400 0.8152 0.6158 -12.6511 1.8024 22.2104 0.3521 0.1781
Pedestrian -1 -1 2.3904 83.9184 175.0427 152.9326 269.1933 1.7310 0.8883 0.6549 -9.3781 1.7742 13.7022 1.7990 0.1744
Cyclist -1 -1 3.1079 473.8588 179.9552 484.2633 208.1182 1.6361 1.5767 0.5584 -7.8720 2.0695 43.1632 2.9281 0.4493
Cyclist -1 -1 -0.0806 467.1781 179.5715 477.8559 204.1988 1.7538 1.8825 0.6184 -10.1155 2.2559 52.9088 -0.2690 0.4218
Cyclist -1 -1 3.2236 455.2801 182.3518 467.3311 210.3617 1.6440 1.5858 0.5881 -9.0382 2.2308 43.7276 3.0206 0.2909
Cyclist -1 -1 -0.5208 715.2653 177.3224 736.6711 204.0070 1.6782 1.7761 0.5508 7.4503 1.9730 46.6146 -0.3639 0.2042
Cyclist -1 -1 -0.1817 506.6315 179.3171 518.0431 200.3168 1.7751 1.9619 0.6365 -8.5093 2.3460 62.6565 -0.3165 0.1989
Cyclist -1 -1 0.1970 0.0000 194.6432 28.7696 275.6683 1.7447 1.8430 0.4958 -14.2446 2.2854 16.9623 -0.4940 0.1796
Cyclist -1 -1 0.2694 0.0000 167.9015 34.4446 227.0517 1.7771 1.7202 0.6331 -18.7371 1.6287 22.5895 -0.4174 0.1766
Cyclist -1 -1 -2.3629 187.8167 177.1981 250.3049 231.5103 1.7160 1.8336 0.7486 -12.9826 1.8664 23.9370 -2.8555 0.1761
Cyclist -1 -1 2.4802 810.1678 164.0854 880.0680 240.3866 1.7622 1.7849 0.6533 5.6558 1.5601 17.6121 2.7853 0.1712
Cyclist -1 -1 -0.3966 680.2213 178.2733 698.0593 203.1021 1.6172 1.6959 0.5723 5.2563 1.9869 48.2789 -0.2893 0.1637
Car -1 -1 1.7632 299.2979 187.0562 448.6767 297.3419 1.4904 1.6840 3.5326 -3.8103 1.7647 12.0702 1.4628 0.7004
Car -1 -1 0.1041 4.8971 189.8512 50.3948 219.0675 1.4849 3.5974 1.6321 -32.9846 2.4948 40.8983 -0.5715 0.4269
Car -1 -1 -2.9441 486.9329 179.6768 512.6232 197.4123 1.5274 3.9361 1.5708 -10.0191 2.1678 65.6803 -3.0952 0.2089
Car -1 -1 3.3231 402.4507 180.0013 443.6522 209.7540 1.5847 3.6659 1.6409 -10.6614 2.0120 41.2194 3.0711 0.1797
Car -1 -1 0.2984 156.7912 182.5634 244.4553 232.1493 1.5408 3.7313 1.6193 -14.2187 1.9071 25.1933 -0.2112 0.1668
