Pedestrian -1 -1 -2.3604 626.9527 187.6586 645.4015 218.7946 1.7452 0.7323 0.7663 1.4699 2.6074 41.4734 -2.3260 0.5315
Pedestrian -1 -1 2.0938 1098.6188 109.3927 1177.3883 249.2719 1.9267 0.6996 0.6253 7.5374 1.0529 10.3844 2.7081 0.2705
Cyclist -1 -1 0.9087 1176.1525 163.4361 1242.0000 211.9059 1.7869 1.9511 0.7655 22.4341 1.4401 27.0056 1.5962 0.3109
Cyclist -1 -1 -0.1495 648.1614 183.7077 666.3046 223.5343 1.7388 1.8029 0.5580 2.1047 2.2483 32.9236 -0.0870 0.2583
Car -1 -1 -0.5016 802.1410 181.0651 1087.0652 285.8019 1.5228 1.5562 3.8951 5.2030 1.6658 11.5864 -0.0899 0.6465
Car -1 -1 -3.1915 728.5217 185.2979 881.7795 247.6580 1.5054 1.6513 3.7524 5.0184 1.8552 19.0747 -2.9390 0.6438
Car -1 -1 -0.5961 859.8419 186.8523 1242.0000 328.8404 1.5125 1.7019 4.0391 5.3368 1.7041 8.8683 -0.0699 0.5570
Car -1 -1 1.5462 565.3568 185.9054 601.9218 219.5769 1.5416 1.7444 3.8716 -1.4209 2.2393 36.5610 1.5070 0.5121
Car -1 -1 -0.3971 792.2339 179.9452 1019.7591 265.6609 1.5566 1.5524 3.7989 5.6039 1.7033 14.0618 -0.0259 0.5113
Car -1 -1 -0.2688 640.9540 178.4339 697.9899 216.1514 1.6493 4.0354 1.6746 2.7183 1.9317 34.3220 -0.1911 0.3406
Car -1 -1 -1.4806 474.8714 169.1679 509.4820 187.8027 1.6979 3.0004 1.9509 -10.9049 1.3624 66.8196 -1.6420 0.2888
Car -1 -1 -0.2327 621.2753 182.9857 663.2117 209.5860 1.4601 3.7880 1.6660 1.8458 2.0949 43.1578 -0.1909 0.2842
