Pedestrian -1 -1 1.7429 823.0977 167.2295 845.0538 204.8036 1.7695 0.9125 0.6080 10.6633 1.5050 34.4555 2.0402 0.3439
Cyclist -1 -1 2.6025 835.4302 175.3327 862.0724 205.2360 1.6548 1.8125 0.5855 13.5283 1.7994 41.0323 2.9184 0.3119
Car -1 -1 3.5121 32.5899 181.1391 353.1752 370.5252 1.6095 4.1940 1.7045 -4.4831 1.7323 8.4928 3.0386 0.7793
Car -1 -1 3.4106 286.2610 192.1113 435.5544 290.1969 1.4495 3.6762 1.6349 -4.4406 1.8542 13.2724 3.0929 0.7119
Car -1 -1 1.8012 381.6114 184.2189 491.5797 255.5772 1.5309 1.8292 3.7603 -4.2222 1.8438 17.9579 1.5728 0.7025
Car -1 -1 1.4433 719.0901 169.4545 805.4135 231.1788 1.7121 2.0494 4.0181 4.4907 1.6182 22.0871 1.6406 0.5745
Car -1 -1 0.3260 549.0381 177.7361 595.0746 203.6711 1.5120 3.2472 1.9015 -2.3348 1.8262 44.5678 0.2735 0.5141
Car -1 -1 2.0673 0.0000 178.3895 146.7703 232.5832 1.5481 3.5270 1.6829 -16.4363 1.7249 21.9111 1.4294 0.4884
Car -1 -1 -1.7414 700.4975 177.5127 750.2429 212.1564 1.5150 1.6716 3.8151 5.3308 1.7472 33.9891 -1.5877 0.4121
Car -1 -1 1.7305 498.8289 173.1339 549.8524 194.8019 1.6195 3.6304 1.6987 -6.5140 1.6415 54.8751 1.6125 0.3860
Car -1 -1 -1.2393 307.3478 174.6376 387.1645 210.8342 1.9186 3.7192 1.7220 -14.2695 2.0181 39.2203 -1.5864 0.3811
