Pedestrian -1 -1 2.8141 754.3502 168.5606 780.1250 221.0316 1.7603 0.6837 0.6713 5.3075 1.6167 24.5830 3.0236 0.5037
Pedestrian -1 -1 1.7692 207.6030 178.2284 236.4118 224.8919 1.7541 0.8445 0.7374 -14.9325 1.9644 27.7045 1.2786 0.4868
Pedestrian -1 -1 2.3358 991.3607 167.8037 1045.5662 244.2323 1.7322 0.8458 0.7093 9.4850 1.6181 16.8596 2.8402 0.3833
Pedestrian -1 -1 2.4055 970.2188 162.7696 1013.0206 230.9160 1.7585 0.7643 0.6552 10.0308 1.4987 19.0699 2.8829 0.3647
Pedestrian -1 -1 -2.0741 692.5062 169.4437 709.7911 196.8091 1.7963 0.9560 0.6198 6.0100 1.5728 47.8261 -1.9503 0.2875
Pedestrian -1 -1 2.5026 0.0000 181.3133 43.3577 251.5722 1.7423 0.8298 0.6626 -15.1682 1.9635 18.4154 1.8206 0.2439
Cyclist -1 -1 -0.2710 692.4513 170.7523 708.2654 197.3878 1.7326 1.7492 0.5897 5.9518 1.5962 47.8405 -0.1484 0.3669
Cyclist -1 -1 2.8670 723.4981 177.0565 736.4971 198.1511 1.6384 1.7928 0.5495 9.5021 1.9781 57.3284 3.0300 0.3538
Cyclist -1 -1 1.3203 1125.2693 166.4184 1242.0000 275.4320 1.7210 1.9773 0.8259 9.9319 1.6198 12.1698 1.9924 0.2840
Cyclist -1 -1 -0.6972 714.4252 176.5310 734.7546 198.6373 1.7706 1.7862 0.6436 9.3430 2.0766 59.0304 -0.5415 0.2734
Cyclist -1 -1 3.5420 203.6650 177.5721 239.8282 224.5135 1.7319 1.7749 0.5732 -14.9322 1.9194 27.7101 3.0515 0.2697
Cyclist -1 -1 3.3085 251.0492 181.5807 262.5971 201.7805 1.6319 1.7327 0.5816 -29.3807 2.3688 59.9893 2.8545 0.2452
Cyclist -1 -1 -2.1679 1124.7457 158.6854 1175.6836 198.6758 1.8193 1.8177 0.6667 24.7999 1.1751 33.1916 -1.5306 0.2448
Cyclist -1 -1 3.3887 280.2292 183.2281 303.0530 220.2283 1.6829 1.7768 0.5724 -15.1407 2.1892 34.2575 2.9750 0.2393
Cyclist -1 -1 -0.5806 777.8849 166.3507 811.1824 202.7476 1.7414 1.8088 0.7050 9.0217 1.4306 35.4885 -0.3340 0.2296
Cyclist -1 -1 0.7851 112.5877 192.2946 165.8483 247.2838 1.6604 1.6399 0.3866 -15.1710 2.3092 23.2219 0.2113 0.2023
Car -1 -1 0.4626 366.4169 184.1233 432.9512 215.6255 1.5069 3.3851 2.0366 -10.9530 2.1247 37.6822 0.1812 0.6027
Car -1 -1 2.9483 726.8671 177.7192 760.3374 200.5609 1.5415 3.6355 1.6614 9.4284 1.9001 51.2972 3.1286 0.3848
Car -1 -1 -0.1967 590.5376 179.5270 627.5663 205.1344 1.5247 3.7430 1.6519 -0.1350 1.9690 45.9991 -0.2002 0.2932
Car -1 -1 3.0634 520.1267 182.6739 545.4141 203.1402 1.5065 3.9137 1.6865 -6.1768 2.3135 57.1838 2.9558 0.2208
