Pedestrian -1 -1 1.1521 801.7490 145.4135 963.4653 375.0000 1.7425 0.8501 0.6769 1.8223 1.5647 5.0589 1.4779 0.2963
Pedestrian -1 -1 3.1123 496.4010 178.6670 508.5924 211.2396 1.6733 0.7370 0.6068 -5.6462 1.9802 37.6280 2.9638 0.2402
Pedestrian -1 -1 2.8614 736.3570 164.7643 764.8935 222.6267 1.7746 0.8627 0.6602 4.3487 1.5269 22.5867 3.0486 0.2041
Pedestrian -1 -1 -0.1925 756.7345 159.7838 787.3985 227.5522 1.8344 0.8287 0.6764 4.4250 1.4810 19.9501 0.0220 0.1798
Pedestrian -1 -1 2.9599 670.8528 164.8236 716.4902 264.5052 1.7746 0.8813 0.6815 1.4786 1.6320 13.3071 3.0670 0.1693
Pedestrian -1 -1 0.1150 476.0637 171.4282 493.3305 211.7606 1.7940 0.7877 0.6812 -5.6803 1.7309 32.5042 -0.0572 0.1668
Pedestrian -1 -1 2.7017 798.2121 153.5205 844.0418 236.3042 1.7823 0.7860 0.7022 4.6152 1.3664 15.9770 2.9774 0.1570
Pedestrian -1 -1 -0.6661 924.1489 147.6524 1017.5952 300.1234 1.7652 0.8064 0.6595 4.3360 1.4738 8.8171 -0.2230 0.1560
Pedestrian -1 -1 2.5812 877.9302 163.1849 913.2610 222.9852 1.7593 0.7323 0.7018 8.5168 1.4752 21.6503 2.9508 0.1544
Pedestrian -1 -1 0.3389 349.5966 169.0845 389.1416 246.6500 1.7625 0.7708 0.6531 -5.6377 1.6772 16.7844 0.0190 0.1543
Pedestrian -1 -1 1.3183 1197.4476 176.2115 1242.0000 273.4648 1.7652 0.7253 0.8167 11.6477 1.8316 13.6543 2.0132 0.1535
Cyclist -1 -1 -1.1721 1041.3311 129.6219 1242.0000 372.8176 1.6101 1.8595 0.9068 4.6200 1.3243 5.8062 -0.5247 0.2181
Cyclist -1 -1 -0.4006 727.5659 163.7008 769.4130 222.2674 1.7808 1.8170 0.6365 4.3247 1.5028 22.8918 -0.2169 0.2033
Cyclist -1 -1 -3.7993 1139.5575 129.4336 1242.0000 273.0952 1.7451 1.7307 0.9704 8.1298 1.2180 9.6405 -3.1139 0.2032
Cyclist -1 -1 1.1368 736.8035 149.9297 1016.2992 375.0000 1.6528 1.7938 0.6999 1.8447 1.5000 5.2720 1.4548 0.1987
Cyclist -1 -1 0.0333 487.6331 169.8624 502.8396 206.0219 1.7952 1.8074 0.7066 -5.8748 1.6471 36.7605 -0.1245 0.1814
Cyclist -1 -1 -1.2650 1183.8524 155.4653 1242.0000 225.7190 1.7286 1.7672 0.7435 16.0458 1.3011 18.6961 -0.5638 0.1780
Cyclist -1 -1 -0.5431 876.9241 149.8680 961.9783 246.1667 1.7340 1.8240 0.6419 5.8779 1.3204 13.9395 -0.1522 0.1647
Cyclist -1 -1 -0.6988 859.9335 146.7775 966.3938 252.0255 1.7212 1.7644 0.7659 5.2552 1.2951 12.7549 -0.3166 0.1638
Cyclist -1 -1 -0.4144 738.6748 165.5685 786.7976 228.6378 1.7286 1.9380 0.6166 4.3238 1.5293 20.7851 -0.2128 0.1636
Cyclist -1 -1 -0.6013 620.5614 168.8250 645.3311 197.0326 1.8137 1.9417 0.6363 1.4649 1.5550 47.3794 -0.5710 0.1576
Cyclist -1 -1 -0.1608 668.0238 167.7278 718.3198 266.5853 1.6959 1.7811 0.6259 1.4492 1.6084 13.2821 -0.0557 0.1534
Car -1 -1 3.1279 528.8464 174.7307 560.2835 204.8227 1.5723 3.8079 1.6506 -3.6845 1.6816 39.9236 3.0360 0.6018
Car -1 -1 -0.6258 568.7634 180.3319 623.7134 203.4789 1.5777 4.4269 1.7690 -1.0847 2.1508 52.9629 -0.6467 0.2972
Car -1 -1 2.8622 632.2797 176.7444 667.4637 197.5392 1.5593 4.0745 1.7141 3.0864 1.8792 57.0937 2.9155 0.2411
Car -1 -1 -2.8979 621.5081 177.0227 648.6046 194.3170 1.5673 3.5154 1.7687 2.3793 1.9732 68.2529 -2.8636 0.2240
Car -1 -1 -2.2855 562.0761 178.5873 624.4326 205.4857 1.5731 2.0680 3.5526 -1.1047 1.9474 45.0594 -2.3104 0.1687
