Pedestrian -1 -1 2.4848 100.4265 180.9089 137.6600 235.3418 1.6957 0.7855 0.6364 -15.7109 1.9579 23.0263 1.8912 0.3244
Pedestrian -1 -1 2.2291 69.6323 179.7015 153.7828 289.7345 1.7302 0.9226 0.6504 -8.1450 1.8454 11.7401 1.6329 0.2477
Pedestrian -1 -1 2.3356 142.0729 180.1480 226.7908 300.1763 1.6622 0.8378 0.6565 -6.2108 1.7726 10.4587 1.8104 0.2085
Pedestrian -1 -1 -1.7173 723.7438 157.9886 801.2072 303.3998 1.7689 0.8565 0.7207 1.8605 1.5884 9.1545 -1.5244 0.1897
Pedestrian -1 -1 2.7848 561.3430 173.8205 579.0367 210.0615 1.7559 0.6354 0.6878 -1.9939 1.8043 35.4082 2.7284 0.1889
Pedestrian -1 -1 -1.9837 738.5135 156.4173 852.5002 344.3494 1.7632 0.8727 0.7407 1.7765 1.6094 7.2102 -1.7532 0.1872
Pedestrian -1 -1 3.3475 247.1917 180.5314 273.9341 234.5842 1.7183 0.7036 0.6520 -11.4074 1.9730 23.4741 2.8992 0.1689
Pedestrian -1 -1 2.4690 696.4009 165.5383 730.3768 227.2252 1.8039 0.6994 0.7285 3.0437 1.5903 21.5837 2.6065 0.1669
Pedestrian -1 -1 2.8982 544.6727 165.2821 574.3812 233.2300 1.7756 0.8455 0.6068 -1.4080 1.5781 19.3488 2.8257 0.1654
Pedestrian -1 -1 2.9950 213.0427 171.1560 238.7176 223.2080 1.7939 0.7035 0.7028 -13.5455 1.7357 25.3556 2.5084 0.1647
Pedestrian -1 -1 2.0910 708.2336 137.1435 772.1941 255.4765 1.8366 0.8057 0.6512 2.0596 1.2827 11.7032 2.2600 0.1328
Pedestrian -1 -1 -1.0798 580.6356 174.6329 591.9672 197.9901 1.7218 0.6473 0.5760 -1.7884 1.8554 53.6492 -1.1134 0.1314
Pedestrian -1 -1 2.5773 573.7628 173.8349 589.6373 203.6479 1.8082 0.7129 0.7006 -1.7708 1.8694 44.2834 2.5371 0.1266
Cyclist -1 -1 3.1327 569.7917 180.2469 579.1682 217.5641 1.7066 1.8161 0.4248 -1.7323 2.0676 34.2776 3.0819 0.3371
Cyclist -1 -1 -1.0013 91.2828 175.7548 161.9988 231.4557 1.7620 1.8367 0.6379 -15.5670 1.8570 23.1912 -1.5874 0.2708
Cyclist -1 -1 -0.6547 0.0000 159.5975 43.0261 216.1197 1.8311 1.7834 0.6041 -19.8125 1.4020 23.8688 -1.3421 0.2657
Cyclist -1 -1 0.3120 64.0434 181.6652 149.5170 300.7033 1.7501 1.8112 0.5946 -8.1574 1.9050 11.6991 -0.2865 0.2406
Cyclist -1 -1 0.0196 22.9187 165.2816 100.5952 345.8537 1.5663 1.4993 0.5497 -5.3556 1.5010 7.0272 -0.6137 0.1606
Cyclist -1 -1 -0.0135 425.0994 162.0637 451.5789 218.3303 1.6497 1.6838 0.7588 -5.3064 1.3337 22.0616 -0.2473 0.1563
Cyclist -1 -1 0.3629 9.3047 164.2173 105.3970 286.7325 1.7743 1.8174 0.5822 -8.7235 1.6496 11.4005 -0.2792 0.1560
Cyclist -1 -1 2.7053 714.6031 150.6573 816.0613 304.3313 1.7483 1.6948 0.5621 1.8515 1.4962 9.0962 2.8985 0.1543
Cyclist -1 -1 0.3843 135.5053 171.7830 233.9006 300.9954 1.7120 1.8974 0.5501 -6.1978 1.6982 10.5346 -0.1369 0.1493
Cyclist -1 -1 2.6876 741.3044 141.9241 885.4056 356.2354 1.7698 1.7469 0.5729 1.8018 1.5147 6.8696 2.9322 0.1425
Cyclist -1 -1 -0.0783 581.8490 178.8133 591.8314 202.9391 1.7602 1.9323 0.5962 -1.7705 2.2157 54.1228 -0.1114 0.1322
Cyclist -1 -1 0.1779 131.2169 167.0409 198.8037 286.6037 1.7820 1.7810 0.6130 -7.2214 1.6957 11.6925 -0.3656 0.1321
Cyclist -1 -1 2.5311 777.3821 121.7444 918.3444 292.6917 1.7802 1.8271 0.6062 2.6641 1.2483 8.4737 2.8250 0.1263
Car -1 -1 1.3154 594.2679 187.5220 640.7545 207.1831 1.5252 3.4823 1.7342 0.5783 2.7532 59.1220 1.3245 0.1443
Car -1 -1 2.5311 802.6173 143.3870 1242.0000 375.0000 1.5459 3.9142 1.6775 2.5237 1.4640 4.0330 3.0572 0.1304
Car -1 -1 1.7516 738.1764 162.8180 1096.0532 335.6625 1.5738 3.4522 1.6498 3.3371 1.4828 8.1775 2.1255 0.1292
