Pedestrian -1 -1 -0.5768 601.5973 169.3245 627.2505 213.6540 1.8055 0.8891 0.6906 0.1388 1.6621 29.9463 -0.5729 0.5288
Pedestrian -1 -1 2.9555 359.1830 139.9265 430.7047 298.6212 1.8317 0.9825 0.6770 -2.7270 1.4520 8.9172 2.6660 0.4981
Pedestrian -1 -1 1.6774 300.1476 145.3912 405.3656 344.8486 1.8231 0.8994 0.5727 -2.5149 1.5725 6.9733 1.3421 0.4889
Pedestrian -1 -1 1.0509 1108.7767 172.7444 1167.7976 253.8122 1.7419 0.7370 0.8223 11.6093 1.7399 15.9467 1.6708 0.3077
Pedestrian -1 -1 3.0667 48.5895 153.5300 74.8283 214.0658 1.9040 0.8255 0.6150 -17.6823 1.2966 23.2041 2.4210 0.3046
Pedestrian -1 -1 2.1794 961.5048 165.6155 984.0677 201.3203 1.8173 0.8122 0.6543 18.6833 1.4493 37.2361 2.6410 0.2476
Pedestrian -1 -1 1.5685 187.8163 170.7227 210.3198 213.6794 1.8196 0.8341 0.6291 -17.7179 1.7297 31.0410 1.0533 0.2188
Pedestrian -1 -1 -1.6972 1005.8940 170.0097 1023.6259 202.2400 1.7343 0.7642 0.6400 21.9848 1.5816 39.2616 -1.1903 0.2098
Cyclist -1 -1 3.6215 0.0000 185.8166 52.7957 259.9516 1.6023 1.6659 0.4378 -13.7029 1.9191 16.7524 2.9436 0.2079
Cyclist -1 -1 -0.3333 186.3783 172.5884 223.6078 214.4838 1.7523 1.6858 0.8989 -17.4900 1.7416 31.0733 -0.8425 0.1814
Cyclist -1 -1 -1.0384 994.5192 168.8735 1033.6771 201.9599 1.7593 1.8183 0.5739 21.9540 1.5480 39.2921 -0.5324 0.1813
Car -1 -1 -3.3874 823.1942 175.7919 1075.6174 271.3556 1.5364 1.5336 3.7580 5.7524 1.5930 12.7355 -2.9726 0.5871
Car -1 -1 2.1033 240.1523 177.3407 286.5628 194.8044 1.5793 3.4785 1.7257 -32.0790 2.0012 66.7776 1.6568 0.2681
Car -1 -1 0.0146 219.8288 174.5500 246.8453 197.6126 1.5618 3.6595 1.6398 -26.6987 1.6871 51.1584 -0.4645 0.2629
Car -1 -1 2.9863 585.4425 180.4215 624.1240 207.9603 1.5532 3.8364 1.7685 -0.3969 2.0348 43.8487 2.9768 0.2628
Car -1 -1 -1.1565 0.0000 186.7058 33.8514 277.3068 1.5597 1.7144 4.0885 -14.1978 1.8963 15.3053 -1.8957 0.2470
Car -1 -1 -0.3731 700.6081 178.6793 738.8489 198.1737 1.5471 4.0001 1.8403 9.1628 2.0550 60.7027 -0.2245 0.2331
Car -1 -1 2.1149 243.9784 180.5243 296.0849 198.8630 1.5506 3.7396 1.7705 -29.6736 2.2319 62.9825 1.6760 0.2234
Car -1 -1 1.7242 9.5770 177.1782 106.6544 208.9194 1.6286 3.9656 1.7441 -29.9013 1.8741 39.1938 1.0757 0.2142
Car -1 -1 2.8852 581.9650 181.2012 619.3893 204.2193 1.5229 3.5104 1.8111 -0.7261 2.1365 51.0713 2.8706 0.1944
Car -1 -1 2.5122 563.9384 179.8592 606.6219 199.5970 1.4979 3.5139 1.6795 -2.0373 2.0798 58.0034 2.4768 0.1857
Car -1 -1 -0.3776 512.1918 181.8984 552.2888 203.7677 1.5245 3.7985 1.7035 -5.8919 2.2289 54.0894 -0.4861 0.1846
Car -1 -1 0.0567 189.0145 180.9114 214.6436 200.2001 1.5506 3.8521 1.6923 -34.9803 2.2653 61.8601 -0.4563 0.1812
