Pedestrian -1 -1 1.0659 761.6486 160.0643 862.5265 302.7536 1.7442 1.0600 0.6506 2.5975 1.4961 9.0770 1.3372 0.6637
Pedestrian -1 -1 1.1721 51.7500 193.0701 101.7042 256.5700 1.7545 0.9332 0.7623 -15.2443 2.1287 20.3624 0.5384 0.4414
Pedestrian -1 -1 -1.6629 1127.6022 192.0151 1224.0000 370.0000 1.6859 0.6744 0.7345 4.3523 1.7827 5.3445 -1.0067 0.2911
Pedestrian -1 -1 2.8613 516.0635 163.6993 566.8037 262.6869 1.7413 0.8802 0.7109 -1.2204 1.4474 12.9718 2.7715 0.2893
Pedestrian -1 -1 2.6358 640.8836 162.9480 696.7854 261.6225 1.7432 0.8181 0.7155 1.1220 1.4347 13.0049 2.7216 0.2751
Pedestrian -1 -1 2.3419 831.7538 174.3641 875.9119 243.2619 1.6898 0.7145 0.7723 6.2347 1.5410 17.8296 2.6744 0.2688
Pedestrian -1 -1 3.0392 14.1678 174.7666 70.8810 263.2619 1.7217 0.8581 0.8255 -11.4592 1.6117 14.3458 2.3777 0.2596
Pedestrian -1 -1 -0.1684 252.9394 165.5048 305.3232 259.8240 1.7447 0.8825 0.7880 -6.3462 1.4690 13.6603 -0.5927 0.2513
Pedestrian -1 -1 1.0929 973.8382 190.4410 1133.3434 370.0000 1.6526 0.7658 0.7052 3.2839 1.7344 5.3214 1.6213 0.2071
Pedestrian -1 -1 0.7035 1042.2977 193.8506 1116.9407 286.1060 1.6846 0.9009 0.7976 9.0523 1.9521 13.5641 1.2826 0.1948
Pedestrian -1 -1 -0.8438 992.9999 165.6399 1068.7955 273.6091 1.7605 0.8738 0.6801 7.1968 1.5199 12.0447 -0.3152 0.1821
Pedestrian -1 -1 1.4513 292.6830 189.8490 325.4398 261.6467 1.8338 0.7241 0.6829 -7.8480 2.0883 18.6519 1.0604 0.1659
Pedestrian -1 -1 2.7731 819.8698 170.0387 866.6995 258.9407 1.7007 0.8450 0.6069 4.6501 1.5022 13.9586 3.0895 0.1621
Pedestrian -1 -1 1.3076 556.6979 159.8073 612.0194 249.8808 1.8165 1.0250 0.6128 -0.4762 1.4008 14.6956 1.2776 0.1600
Pedestrian -1 -1 -1.5069 740.3793 162.7667 788.2173 254.0168 1.7875 0.9060 0.6873 3.1882 1.4418 14.3011 -1.2905 0.1521
Cyclist -1 -1 0.4391 0.0000 174.9691 69.4668 267.4235 1.7413 1.8436 0.6469 -11.6995 1.6388 14.2837 -0.2346 0.2545
Cyclist -1 -1 -2.1054 1019.3124 190.2057 1134.1898 284.1880 1.7479 1.7331 0.6888 9.0055 1.9415 13.6026 -1.5299 0.2306
Cyclist -1 -1 0.0474 505.3062 162.8135 548.5810 267.4886 1.7877 1.7992 0.7029 -1.4500 1.4873 12.9892 -0.0594 0.2161
Cyclist -1 -1 1.4538 683.3833 161.1225 760.2523 231.6785 1.7634 1.8699 0.6346 2.9221 1.2807 18.0230 1.6135 0.2127
Cyclist -1 -1 1.8016 628.1528 163.4331 739.9066 260.8655 1.7105 1.9404 0.7269 1.4199 1.4125 13.0723 1.9090 0.2108
Cyclist -1 -1 -1.5905 556.5098 148.8143 632.0606 221.9334 1.8046 1.8684 0.6292 -0.3119 1.0242 17.7924 -1.6057 0.2084
Cyclist -1 -1 0.0308 255.0992 165.6789 299.8891 262.3253 1.7445 1.7963 0.7194 -6.3716 1.4786 13.7247 -0.3933 0.2031
Cyclist -1 -1 -0.7330 1127.3433 144.6277 1224.0000 252.2411 1.7293 1.8012 0.6552 10.0577 1.1545 12.2749 -0.0575 0.1850
Cyclist -1 -1 -0.4041 855.6327 173.4038 940.0227 296.0959 1.6452 1.7776 0.4552 4.1977 1.5518 10.3711 -0.0285 0.1763
Cyclist -1 -1 0.6338 1097.6157 186.9385 1224.0000 370.0000 1.6182 1.7603 0.5954 5.4635 1.6840 6.5207 1.3090 0.1618
Cyclist -1 -1 0.2946 91.3374 168.5101 163.5695 269.0926 1.7876 1.8721 0.6115 -9.1444 1.5761 13.5451 -0.2867 0.1551
Cyclist -1 -1 1.9330 310.0262 178.0703 448.3463 287.9396 1.6596 1.9380 0.7273 -3.5623 1.6246 11.0979 1.6322 0.1515
Car -1 -1 0.2127 33.1707 185.6757 117.1665 232.0581 1.5404 3.7900 1.6829 -19.3999 1.7475 26.0125 -0.4206 0.2126
Car -1 -1 -2.1766 1167.1843 180.5516 1224.0000 370.0000 1.5538 1.6834 3.9907 6.2713 1.5561 5.3547 -1.3400 0.1999
