Pedestrian -1 -1 -2.1988 769.6697 147.4692 856.4935 291.4189 1.8511 0.8062 0.8176 2.6917 1.5250 9.8025 -1.9396 0.4544
Pedestrian -1 -1 3.0051 0.0000 163.2561 25.5088 214.2908 1.8788 0.8265 0.6750 -22.4954 1.5258 27.0890 2.3168 0.2398
Cyclist -1 -1 2.8079 775.0065 149.1334 856.3481 293.7325 1.7896 1.7375 0.4944 2.6960 1.4964 9.8119 3.0673 0.3315
Cyclist -1 -1 -0.8819 1051.7421 173.0152 1110.9773 224.3434 1.7688 1.7693 0.6331 16.7858 1.7751 25.8066 -0.3110 0.2315
Cyclist -1 -1 -0.7639 0.0000 163.9715 45.3704 212.9370 1.8054 1.7810 0.6493 -22.2891 1.4782 27.0313 -1.4487 0.2016
Car -1 -1 1.8806 186.8249 196.7260 439.2112 367.1435 1.4935 1.6571 3.7976 -3.3377 1.8489 8.7957 1.5268 0.7435
Car -1 -1 -1.6160 588.6639 177.6043 630.5093 216.0705 1.5418 1.6317 3.7964 -0.1125 1.7611 31.3313 -1.6202 0.6133
Car -1 -1 3.4359 291.5748 180.4415 334.8159 204.7059 1.5616 4.0147 1.6627 -20.4567 2.1076 49.8076 3.0478 0.5831
Car -1 -1 1.5190 531.1041 180.6041 564.4467 210.3347 1.5447 1.6607 3.8909 -3.5779 2.0031 40.5936 1.4312 0.5660
Car -1 -1 3.1300 503.2592 185.6047 530.0048 209.8883 1.5221 3.7958 1.7446 -6.4358 2.4295 49.3268 3.0004 0.2804
Car -1 -1 3.3363 330.7914 178.3680 360.4286 198.6690 1.6665 3.9255 1.6771 -22.8525 2.1597 62.4198 2.9865 0.2183
Car -1 -1 2.7471 725.6716 185.5659 776.2701 211.2484 1.5312 4.0189 1.8395 9.1491 2.4030 47.3036 2.9364 0.2092
Car -1 -1 -0.4691 673.9388 185.3913 716.6389 206.1538 1.5115 3.7011 1.8767 6.6801 2.5394 57.0749 -0.3537 0.2017
