Pedestrian -1 -1 -0.2182 817.1144 162.7687 843.9233 222.9711 1.7757 0.7777 0.6123 6.5754 1.4786 21.6892 0.0718 0.3342
Pedestrian -1 -1 1.5229 925.4923 168.9344 965.8760 243.4631 1.7241 0.8331 0.6560 7.9167 1.6338 17.1475 1.9482 0.3089
Pedestrian -1 -1 -1.3790 729.8951 176.6187 740.2914 202.2619 1.6686 0.5618 0.6495 8.2009 1.9188 47.4697 -1.2094 0.3005
Pedestrian -1 -1 2.7406 825.2472 164.8012 855.4852 221.8995 1.7734 0.7747 0.6579 7.2351 1.5237 22.8254 3.0433 0.2979
Pedestrian -1 -1 1.7804 963.2740 165.1684 1011.2793 249.7421 1.7322 0.7890 0.6449 7.9377 1.5752 15.2745 2.2512 0.2275
Pedestrian -1 -1 -1.9839 659.6938 168.7801 673.0712 192.5309 1.8244 0.8658 0.5951 4.3371 1.5118 55.8453 -1.9072 0.2228
Cyclist -1 -1 -0.2062 727.5842 177.3505 742.3157 203.8919 1.6975 1.8694 0.5781 8.1701 1.9992 47.4095 -0.0371 0.3707
Cyclist -1 -1 -3.2511 825.3217 163.7659 852.5629 218.4983 1.6646 1.6683 0.6312 7.1794 1.3886 22.8209 -2.9505 0.2592
Cyclist -1 -1 2.4226 695.1533 166.8405 716.1252 189.5212 1.8226 1.9271 0.5670 7.7795 1.3397 58.9393 2.5529 0.2378
Cyclist -1 -1 -0.6672 1103.9485 156.2651 1242.0000 294.8632 1.7850 1.8156 0.5950 7.8710 1.5717 10.2050 -0.0247 0.2251
Car -1 -1 1.9746 80.1469 185.5772 156.9986 221.1535 1.4951 1.7249 3.4444 -22.7585 2.1189 33.4995 1.3814 0.6342
Car -1 -1 3.3754 211.7020 181.4351 255.1106 208.3941 1.5490 3.3732 1.6286 -23.1825 2.0999 44.4569 2.8969 0.5902
Car -1 -1 3.4792 0.0000 188.4149 74.3243 232.7545 1.5250 3.7524 1.6768 -22.7476 2.1799 28.2987 2.8066 0.4440
Car -1 -1 3.2912 248.1255 181.5988 284.0173 205.5465 1.5243 3.6425 1.6875 -23.5105 2.1470 49.3621 2.8486 0.4085
Car -1 -1 3.5199 146.6607 185.4455 212.6869 216.3098 1.4943 3.8248 1.7353 -22.9693 2.2037 38.6048 2.9859 0.4037
Car -1 -1 2.9927 273.9872 184.9302 307.5695 207.4073 1.5357 3.9347 1.7220 -23.8136 2.4704 53.6990 2.5768 0.3251
Car -1 -1 -2.7267 312.7014 182.4023 348.3885 200.9817 1.4969 3.2428 1.6694 -23.8005 2.3330 61.4922 -3.0948 0.2655
Car -1 -1 2.7552 810.8337 180.7855 870.8279 211.7840 1.5020 3.8334 1.6657 12.0282 1.9413 37.9492 3.0594 0.2367
Car -1 -1 -3.2041 652.4634 177.3931 679.0850 199.2688 1.4739 3.6409 1.6499 3.8958 1.8079 51.2031 -3.1290 0.2259
