Pedestrian -1 -1 -0.6135 753.7384 163.2985 812.3427 255.2485 1.7547 0.9363 0.7213 3.3756 1.5727 14.3360 -0.3877 0.2765
Pedestrian -1 -1 -0.6467 419.6886 179.8755 432.6120 203.4691 1.7207 0.6260 0.6880 -13.6235 2.2449 53.3598 -0.8959 0.2606
Pedestrian -1 -1 2.9287 61.6151 139.0492 96.7497 215.5332 1.9139 0.5862 0.6173 -13.6438 1.0684 18.4784 2.2995 0.2294
Cyclist -1 -1 -0.2870 753.3735 161.2964 812.5482 258.2039 1.7985 1.8963 0.6136 3.3524 1.5844 14.3539 -0.0631 0.3835
Cyclist -1 -1 -0.3234 358.7890 167.4163 407.9642 226.6139 1.7085 1.8693 0.8709 -6.9222 1.5520 21.8343 -0.6274 0.2936
Cyclist -1 -1 0.3546 325.5825 171.5435 373.4366 241.8339 1.7531 1.8807 0.5594 -6.8547 1.7208 18.9366 0.0113 0.2404
Car -1 -1 1.0723 332.5819 193.1388 486.3595 267.7043 1.5064 2.6383 2.6553 -4.9072 2.0504 17.4634 0.8015 0.7521
Car -1 -1 -0.2905 414.6215 179.4396 458.1171 205.3247 1.5550 3.9554 1.6617 -11.2731 1.9997 46.5514 -0.5272 0.4986
Car -1 -1 0.0226 0.0000 189.4587 157.4698 321.5624 1.4998 3.6367 1.7133 -7.8442 1.7915 10.6725 -0.5996 0.4174
Car -1 -1 0.6399 1029.8717 170.4000 1242.0000 375.0000 1.5419 1.6348 3.9437 4.4067 1.5357 3.9818 1.4391 0.3112
Car -1 -1 -2.0780 675.8790 175.4398 790.5693 223.4980 1.6687 3.8138 1.7433 4.4972 1.7699 26.6698 -1.9134 0.2512
