Pedestrian -1 -1 1.3560 1051.4564 166.9141 1103.8253 252.2001 1.6824 0.7617 0.6712 9.4462 1.5655 14.6756 1.9182 0.2730
Pedestrian -1 -1 -0.1208 32.3794 174.0868 54.5149 220.3136 1.8257 0.7959 0.6112 -22.8309 1.8765 29.0187 -0.7831 0.2621
Pedestrian -1 -1 2.4962 1113.6611 151.7682 1188.6055 258.4166 1.7586 0.7966 0.6750 9.1536 1.4113 12.2994 3.1241 0.1991
Pedestrian -1 -1 2.4870 920.9754 161.1694 958.6084 225.4320 1.8011 0.7684 0.6438 9.3932 1.4740 20.6686 2.9077 0.1883
Pedestrian -1 -1 2.5251 1084.8445 152.2752 1150.3542 249.5095 1.7813 0.7684 0.6898 9.5048 1.4047 13.6057 3.1243 0.1533
Pedestrian -1 -1 -0.9686 205.0271 176.4177 222.7782 206.7614 1.7248 0.6776 0.5913 -22.7695 1.9314 41.4174 -1.4687 0.1321
Pedestrian -1 -1 2.5202 988.8568 157.4164 1028.3368 224.3592 1.8212 0.7333 0.6524 11.0108 1.4016 20.0312 3.0162 0.1226
Pedestrian -1 -1 1.9259 767.7015 165.3605 787.6383 199.0442 1.8656 0.9070 0.6921 9.3768 1.4509 40.4974 2.1514 0.1225
Pedestrian -1 -1 -0.4516 988.3151 163.9864 1028.2134 231.7339 1.7548 0.7417 0.6622 10.4692 1.5254 19.0710 0.0434 0.1196
Pedestrian -1 -1 -2.0384 719.0815 172.0936 732.2628 194.3652 1.8121 0.8683 0.6463 9.4568 1.7506 59.1450 -1.8811 0.1187
Cyclist -1 -1 2.2543 758.2600 167.6619 790.3613 200.9953 1.8340 1.8186 0.5504 9.1949 1.5487 40.5819 2.4751 0.2691
Cyclist -1 -1 2.7316 842.1732 156.7238 877.8456 208.6814 1.8806 1.9050 0.5408 9.3194 1.2971 27.0844 3.0593 0.2302
Cyclist -1 -1 -0.3420 875.6874 161.6819 1009.3682 349.0037 1.7311 1.8150 0.6610 3.3585 1.6282 7.5905 0.0591 0.1757
Cyclist -1 -1 -3.3758 825.3090 164.0629 848.5321 206.0547 1.7654 1.8290 0.5414 9.7767 1.3961 31.2612 -3.0758 0.1542
Cyclist -1 -1 -0.5598 1059.8912 158.6508 1144.1604 242.0958 1.7367 1.8993 0.6074 10.7871 1.4415 15.9715 0.0252 0.1399
Cyclist -1 -1 -0.6984 867.1105 164.7434 920.2088 219.6036 1.7038 1.8013 0.5650 9.1070 1.4523 23.3496 -0.3313 0.1391
Cyclist -1 -1 2.4588 1041.6489 154.0311 1140.9996 248.0546 1.7428 1.8642 0.5778 9.4484 1.3943 14.3300 3.0318 0.1359
Cyclist -1 -1 2.5665 978.3519 156.9649 1034.9080 223.5591 1.7769 1.7154 0.5217 10.9846 1.3533 20.1261 3.0596 0.1357
Cyclist -1 -1 -0.3608 801.8373 168.8707 827.3300 206.8131 1.7611 1.7712 0.5739 9.6993 1.5766 34.3956 -0.0886 0.1288
Cyclist -1 -1 -0.5003 705.6887 173.5254 721.8027 193.3382 1.7790 1.8857 0.6246 9.4392 1.8415 65.8423 -0.3590 0.1273
Cyclist -1 -1 -0.6687 715.2404 172.9019 734.3929 194.2852 1.7280 1.6975 0.6338 9.3898 1.7323 59.2030 -0.5126 0.1258
Car -1 -1 -1.9955 759.2876 179.3923 1026.2795 337.8941 1.5195 1.5911 3.6816 3.1430 1.6186 8.9828 -1.6703 0.7713
Car -1 -1 -1.7782 298.8367 194.4535 342.7504 222.1432 1.4726 1.7692 3.4823 -17.4328 2.8283 43.3342 -2.1590 0.2045
Car -1 -1 0.1539 363.1414 190.2709 390.9891 208.0567 1.4744 3.3233 1.9035 -21.0050 3.0896 65.1071 -0.1574 0.1446
Car -1 -1 3.0656 149.6046 189.8049 184.0041 213.6777 1.4990 3.6039 1.7704 -30.8225 2.7227 50.0932 2.5162 0.1404
Car -1 -1 -0.0003 186.9456 194.2554 211.6760 213.4634 1.4629 4.0076 1.7957 -35.3088 3.3674 62.0084 -0.5163 0.1234
Car -1 -1 0.2400 440.2657 187.8489 473.0839 207.9284 1.4611 3.5057 1.7500 -12.0851 2.6817 56.9357 0.0313 0.1174
