Pedestrian -1 -1 -0.5882 1012.1319 120.2970 1144.7301 328.7817 1.8426 0.8335 0.6946 4.3271 1.3784 6.8051 -0.0419 0.2486
Pedestrian -1 -1 -0.3920 748.8354 145.5205 786.6525 218.8598 1.8691 0.8792 0.6783 4.0702 1.1729 18.8802 -0.1834 0.1951
Pedestrian -1 -1 -0.7566 148.5001 188.1266 174.5047 226.2407 1.7266 0.7729 0.6794 -20.8318 2.4442 33.4544 -1.3103 0.1878
Pedestrian -1 -1 2.6309 603.8933 166.8706 625.5430 205.5133 1.8559 0.8369 0.7407 0.1890 1.5689 35.1962 2.6357 0.1817
Pedestrian -1 -1 0.8213 1165.9327 161.6925 1242.0000 264.6973 1.7503 0.8575 0.6782 10.3682 1.5610 12.6276 1.4968 0.1733
Cyclist -1 -1 3.5061 138.3890 182.1348 162.9773 213.6399 1.7902 1.9319 0.5706 -27.1308 2.3513 42.5906 2.9415 0.2547
Cyclist -1 -1 -0.3148 642.6971 168.6474 655.0942 188.7794 1.8461 1.9331 0.5798 3.5950 1.4607 67.1726 -0.2619 0.2428
Cyclist -1 -1 2.4069 1117.6807 151.6036 1242.0000 264.5385 1.7960 1.8435 0.6276 9.7040 1.4584 12.4167 3.0583 0.2361
Cyclist -1 -1 0.3158 227.2439 186.8142 244.4792 210.8974 1.8143 1.7286 0.6905 -29.2177 2.9219 56.3163 -0.1612 0.2206
Cyclist -1 -1 -2.5830 142.1160 192.9002 178.4890 232.9791 1.7663 1.5850 0.6914 -20.8275 2.7163 33.3836 -3.1375 0.2045
Cyclist -1 -1 -0.5543 901.2117 180.1580 922.7454 203.3624 1.7663 1.8287 0.6916 23.6011 2.3481 56.4798 -0.1609 0.1883
Cyclist -1 -1 0.5044 88.5157 185.1129 120.6680 219.7639 1.7707 1.8321 0.5898 -26.9684 2.4408 38.4764 -0.1039 0.1817
Cyclist -1 -1 -0.4784 599.8990 169.3669 628.2473 207.0277 1.7963 1.8423 0.6061 0.1481 1.6304 35.3709 -0.4748 0.1811
Car -1 -1 -0.2702 897.6140 177.0487 935.1133 198.4237 1.6428 4.1809 1.7306 24.7558 1.9959 58.4917 0.1280 0.4907
Car -1 -1 3.2033 422.0038 185.0316 444.6980 202.8526 1.5416 3.5282 1.8299 -16.3703 2.7033 66.9076 2.9639 0.3913
Car -1 -1 -0.6751 700.8911 177.0003 741.6310 194.7141 1.5490 3.5101 1.9044 10.1322 1.9402 66.0233 -0.5239 0.2889
Car -1 -1 3.4670 294.0903 182.2883 327.2472 200.2336 1.5537 3.9437 1.6510 -27.6094 2.4515 66.6155 3.0752 0.2232
Car -1 -1 0.4298 248.8703 181.2356 291.4849 201.1209 1.5719 4.0822 1.6992 -28.6025 2.3025 60.8085 -0.0084 0.2091
Car -1 -1 -2.0847 858.5598 183.8107 903.1913 201.1020 1.5551 3.5346 1.6781 25.2658 2.5956 67.3935 -1.7280 0.1958
Car -1 -1 0.0443 335.0028 183.5191 360.5178 203.9896 1.5419 3.6265 1.7805 -21.2233 2.4354 58.4226 -0.3030 0.1957
Car -1 -1 2.9194 669.0803 178.7991 701.8691 199.2948 1.5284 3.7704 1.7768 5.8899 2.0141 56.9281 3.0215 0.1859
Car -1 -1 -0.7025 1059.1710 175.2448 1137.9263 203.4925 1.5190 3.7893 1.6441 27.7035 1.6622 41.1081 -0.1131 0.1833
Car -1 -1 -0.7114 1092.1172 183.7160 1172.1543 212.5001 1.5729 3.9450 1.6851 30.9844 2.2514 43.0056 -0.0908 0.1832
Car -1 -1 -0.1524 710.0990 177.1843 745.9478 202.2019 1.5212 3.8149 1.7050 7.5189 1.8118 46.4470 0.0066 0.1768
Car -1 -1 -3.5330 1152.8116 170.7503 1218.9723 198.9469 1.5585 3.7620 1.6784 33.3315 1.4426 41.9184 -2.8650 0.1724
