Pedestrian -1 -1 1.7632 472.3213 165.3943 497.0437 203.2869 1.8460 1.1042 0.5939 -6.1917 1.4829 35.4554 1.5912 0.4042
Cyclist -1 -1 0.2116 474.8175 168.2660 493.3558 204.3593 1.7362 1.7001 0.5564 -6.2343 1.5159 35.5660 0.0390 0.3501
Car -1 -1 1.7481 387.0073 191.3127 505.1924 281.7976 1.4855 1.6796 3.4376 -3.1579 1.8966 14.3047 1.5338 0.8026
Car -1 -1 1.9629 106.9685 190.2107 407.3071 375.0000 1.5447 1.6337 3.7431 -3.6668 1.7874 8.1856 1.5528 0.7428
Car -1 -1 -1.4128 448.0652 181.4470 536.2508 246.8379 1.5175 1.7097 3.8930 -3.0656 1.7697 19.2007 -1.5697 0.6752
Car -1 -1 1.0020 962.6017 147.3817 1242.0000 374.7180 1.6626 1.6752 4.0058 5.2743 1.4767 7.3066 1.6076 0.6048
Car -1 -1 -0.5249 891.0158 165.4674 1190.2778 281.0540 1.6841 1.6099 3.7506 6.5544 1.5769 11.3390 -0.0127 0.5912
Car -1 -1 3.2314 497.0622 181.7783 546.1296 222.9844 1.5177 3.5985 1.6525 -3.5563 1.9016 29.1862 3.1106 0.5820
Car -1 -1 -1.5813 698.0104 172.8472 768.2951 239.0573 1.5222 1.6045 3.6798 3.0724 1.5224 18.5253 -1.4202 0.5519
Car -1 -1 0.8761 730.6553 173.4091 838.1812 218.4109 1.5554 3.5908 1.7033 6.3748 1.5774 26.5376 1.1087 0.4768
Car -1 -1 -2.9539 709.5925 179.2709 783.4668 233.3284 1.5242 3.6377 1.6534 4.3421 1.7452 22.8105 -2.7689 0.4606
Car -1 -1 1.3275 560.5988 176.4861 601.2377 194.6648 1.5551 3.1454 2.2338 -2.6118 1.8844 63.8393 1.2864 0.3505
