Pedestrian -1 -1 -0.1887 700.7206 160.8427 735.1435 227.9305 1.7696 0.8706 0.7652 3.0045 1.2527 19.0934 -0.0334 0.6523
Pedestrian -1 -1 3.1147 443.7841 168.3635 458.3142 207.9886 1.7570 0.7989 0.6191 -6.9489 1.2203 31.8065 2.9034 0.5238
Pedestrian -1 -1 0.9146 967.4170 139.8571 1062.6655 275.8251 1.8808 1.0538 0.5729 5.8198 1.3203 10.1357 1.4242 0.3313
Pedestrian -1 -1 3.1500 170.0288 160.7268 196.9516 222.1855 1.8546 0.7787 0.7035 -13.0480 1.2595 21.8446 2.6198 0.3034
Pedestrian -1 -1 2.5234 858.5697 158.7312 878.1252 195.4816 1.8683 0.6758 0.6748 13.5259 0.7631 36.3543 2.8784 0.2955
Pedestrian -1 -1 -2.0388 637.3203 166.8955 647.5888 188.7264 1.7209 0.5695 0.6791 2.9862 0.6497 56.1575 -1.9842 0.2755
Pedestrian -1 -1 -2.0591 621.9742 168.0238 637.2444 190.8325 1.7973 1.0443 0.6207 1.9689 0.8154 56.2166 -2.0226 0.2610
Cyclist -1 -1 -0.2323 637.1595 163.7814 683.1733 249.9628 1.7885 1.7031 0.6265 1.1483 1.4432 15.5588 -0.1584 0.5303
Cyclist -1 -1 3.2231 519.7904 167.7991 542.2806 218.6095 1.7858 1.7146 0.6744 -2.7033 1.3409 25.7093 3.1213 0.5144
Cyclist -1 -1 0.2428 439.9896 169.9569 461.9647 208.8792 1.7091 1.7549 0.5609 -6.9618 1.2476 31.9281 0.0319 0.3106
Cyclist -1 -1 -0.5709 895.8372 167.4751 954.3445 228.4804 1.5951 1.7028 0.6307 8.7038 1.2561 19.3713 -0.1531 0.2970
Cyclist -1 -1 0.3326 90.1872 184.0976 121.5500 223.1472 1.7533 1.9020 0.5972 -23.2387 1.9273 32.9203 -0.2760 0.2939
Cyclist -1 -1 -0.1958 699.0937 159.9303 733.4943 228.3989 1.7693 1.7376 0.5858 2.9581 1.2393 19.1463 -0.0432 0.2810
Car -1 -1 2.8176 725.6095 166.9311 859.5018 217.1226 1.6079 1.6483 4.0023 6.1692 1.1748 23.6075 3.0716 0.5421
Car -1 -1 -0.8515 1073.4586 179.4238 1224.0000 370.0000 1.5072 1.5526 3.7467 5.6570 1.5025 5.0383 -0.0376 0.4391
Car -1 -1 -0.8586 13.5286 182.8994 96.0512 208.3523 1.6073 4.0449 1.7905 -35.6327 1.7677 45.8423 -1.5144 0.3610
Car -1 -1 -3.4437 1121.4512 166.3860 1206.4390 192.2776 1.5118 1.7591 3.6698 33.7086 0.6891 42.7537 -2.7781 0.3247
Car -1 -1 -1.0303 0.0000 178.4283 92.0568 218.5244 1.6304 3.5633 1.6417 -24.0571 1.5477 29.7938 -1.7027 0.2781
Car -1 -1 2.5851 517.7880 177.7104 562.7320 198.2721 1.5227 3.8465 1.6642 -5.0034 1.3174 54.3910 2.4956 0.2601
