Pedestrian -1 -1 1.5109 1058.2617 158.1711 1126.2256 284.4402 1.7427 0.7646 0.7165 6.9124 1.5404 10.4549 2.0815 0.2339
Pedestrian -1 -1 -2.7824 447.2404 164.6304 468.9451 212.0454 1.7938 0.6765 0.6165 -5.8658 1.4831 27.6756 -2.9897 0.1641
Pedestrian -1 -1 2.4573 597.1333 171.1903 611.0624 196.6699 1.8502 0.8060 0.6603 -0.4613 1.7297 52.9120 2.4482 0.1495
Cyclist -1 -1 -0.2329 694.4207 177.2894 723.3656 225.7598 1.7313 1.8157 0.6589 3.6234 1.9027 26.8782 -0.1011 0.6106
Cyclist -1 -1 0.2304 542.4848 191.3820 565.0078 240.6783 1.7260 1.5128 0.4994 -2.1093 2.4305 26.6357 0.1513 0.1502
Car -1 -1 -2.2761 925.3170 188.6423 1242.0000 375.0000 1.5471 1.6686 3.9687 3.0027 1.6599 3.1437 -1.5603 0.6927
Car -1 -1 -2.0201 473.7070 183.3283 577.5245 233.2979 1.5659 2.7047 2.6922 -3.0272 1.9599 25.2511 -2.1389 0.6572
Car -1 -1 1.6806 546.9990 184.2192 594.1053 222.4025 1.5511 1.6951 4.0110 -1.7574 2.0970 32.5781 1.6265 0.6327
Car -1 -1 -2.9834 624.0740 186.3533 659.0537 210.8231 1.5119 3.3337 1.8465 2.1223 2.4519 48.4023 -2.9405 0.2559
Car -1 -1 0.1507 606.9170 180.2244 634.3065 201.0145 1.5257 3.5616 1.6196 0.8315 2.1193 56.1782 0.1649 0.2015
