Pedestrian -1 -1 0.7028 989.7829 146.1550 1062.2264 257.1611 1.8886 0.9270 0.6734 7.2934 1.4347 12.7509 1.2119 0.3965
Pedestrian -1 -1 0.6638 1059.6744 170.7102 1082.8394 205.7310 1.6799 0.7376 0.6271 22.3521 1.5774 35.0268 1.2276 0.3258
Pedestrian -1 -1 -2.6167 974.6922 167.8108 996.9303 200.1449 1.8043 1.2534 0.5680 21.2385 1.5233 40.8382 -2.1404 0.3211
Pedestrian -1 -1 1.0992 1015.4653 186.0852 1144.4213 352.5750 1.5976 0.9145 0.6116 4.6809 1.7384 7.3159 1.6491 0.3198
Pedestrian -1 -1 -2.6408 369.9729 187.2471 387.7517 218.9199 1.7407 0.6868 0.7057 -12.9821 2.5555 40.4238 -2.9501 0.2908
Pedestrian -1 -1 1.3191 529.1785 171.1237 557.4081 217.4504 1.8746 1.0247 0.6552 -2.7882 1.8050 29.6762 1.2256 0.2900
Pedestrian -1 -1 1.6404 648.3433 181.5065 667.7402 219.1101 1.6848 0.8384 0.6948 2.1556 2.0847 32.9104 1.7045 0.2735
Pedestrian -1 -1 1.3673 1143.7173 189.6492 1242.0000 339.1827 1.6243 0.8554 0.8799 6.8928 1.8373 8.5493 2.0280 0.2727
Pedestrian -1 -1 1.5223 330.3095 194.5796 345.6267 225.4198 1.6905 0.7737 0.7743 -15.4107 2.9340 40.7743 1.1626 0.2700
Pedestrian -1 -1 1.6503 28.1173 212.6976 57.1401 255.3103 1.6956 0.8982 0.7936 -23.9113 3.4050 30.3680 0.9874 0.2661
Pedestrian -1 -1 2.3848 1108.6055 169.4586 1146.1638 220.4428 1.6946 0.7970 0.6667 17.4593 1.5821 24.4210 2.9994 0.2544
Pedestrian -1 -1 3.0748 337.6947 175.2076 358.1381 222.9438 1.7797 0.8918 0.6750 -10.0351 1.8716 27.4957 2.7276 0.2453
Cyclist -1 -1 -3.4771 973.9917 169.8335 995.9605 200.5736 1.7032 1.6822 0.5751 21.1820 1.5362 40.8488 -3.0020 0.3553
Cyclist -1 -1 -0.8252 1015.8338 173.8898 1043.3910 197.2967 1.7411 1.8330 0.6737 31.7884 1.8214 54.7294 -0.3017 0.2753
Cyclist -1 -1 2.9049 647.3204 183.0412 667.8026 221.1059 1.6640 1.7577 0.5303 2.1201 2.1424 32.9394 2.9679 0.2546
Cyclist -1 -1 2.5243 890.6075 173.7438 908.1040 192.2895 1.7112 1.7524 0.6176 27.0761 1.7960 67.5841 2.9035 0.2534
Cyclist -1 -1 3.2201 372.4217 185.8927 386.6074 217.7992 1.7174 1.7642 0.6221 -12.9721 2.4670 40.5252 2.9118 0.2478
Cyclist -1 -1 0.9072 1086.7863 184.9796 1242.0000 339.5236 1.7410 1.8564 0.8136 6.8301 1.8931 8.6076 1.5603 0.2373
Cyclist -1 -1 1.9609 1105.1705 156.7709 1156.6125 193.8005 1.7831 1.9701 0.6388 25.7460 1.0090 35.7460 2.5811 0.2362
Cyclist -1 -1 -0.5685 1056.6577 169.7840 1089.5896 204.7681 1.6588 1.6928 0.5082 22.4452 1.5136 35.0563 -0.0032 0.2275
Cyclist -1 -1 2.5553 845.9854 175.3162 865.7839 197.0818 1.7359 1.7541 0.6607 19.9660 1.9397 58.6877 2.8813 0.2205
Car -1 -1 1.7092 240.6417 192.4020 308.8855 241.7488 1.5423 1.7131 4.0150 -12.2249 2.3177 26.4358 1.2795 0.6887
Car -1 -1 1.8164 751.7198 181.7984 800.3519 211.1626 1.5383 1.7838 4.0982 9.5378 2.0794 41.3872 2.0408 0.4298
Car -1 -1 1.7902 199.6958 189.0309 245.8174 217.4704 1.5720 1.7621 3.4377 -23.5482 2.5997 43.9249 1.3003 0.4056
Car -1 -1 -0.3063 963.9438 173.5675 1014.8210 198.8715 1.5480 3.8553 1.7943 24.2451 1.5961 46.3061 0.1731 0.2968
Car -1 -1 1.4422 1113.8271 163.0905 1242.0000 222.4407 1.6274 3.5112 1.6388 17.0962 1.3601 21.3864 2.1095 0.2898
Car -1 -1 -3.5759 937.0999 171.8584 976.1584 190.2036 1.5598 3.4611 1.7779 30.2393 1.4755 63.0852 -3.1311 0.2530
