Car -1 -1 3.1122 510.1504 181.2022 564.0692 231.7992 1.4793 3.6605 1.6248 -2.4932 1.7756 23.6502 3.0076 0.7040
Car -1 -1 1.3890 653.6380 176.0983 710.7173 216.4944 1.5577 1.7749 3.2205 2.8764 1.6995 29.7723 1.4838 0.6331
Car -1 -1 2.0208 51.4517 190.7966 225.6876 278.1465 1.4574 1.6319 3.2661 -9.2905 1.8600 14.4554 1.4576 0.6220
Car -1 -1 -1.7070 576.3701 174.2050 647.1336 227.9848 1.5514 1.7126 3.9026 -0.0789 1.5986 22.9665 -1.7111 0.5791
Car -1 -1 -1.7929 672.2950 178.4268 772.2153 245.5477 1.5364 1.7005 4.0185 2.7630 1.6990 18.9281 -1.6511 0.5451
Car -1 -1 2.7299 397.3949 180.7231 481.2952 228.1205 1.5308 3.5263 1.6442 -6.2083 1.8337 25.8353 2.4958 0.5395
Car -1 -1 -0.2119 629.2277 178.0556 664.8007 201.8075 1.4917 3.5010 1.6547 2.3920 1.8514 47.9876 -0.1629 0.5238
Car -1 -1 1.1992 50.0654 186.1465 174.9164 241.1971 1.4635 2.3916 2.3714 -14.9393 1.8930 21.6358 0.6005 0.5234
Car -1 -1 0.0645 520.1625 180.1458 568.9146 222.2413 1.5359 3.8394 1.7023 -2.6021 1.8484 28.9367 -0.0250 0.5039
Car -1 -1 -2.3095 234.9037 179.7405 434.8787 263.5071 1.5136 1.6063 3.9759 -5.7639 1.6718 14.9153 -2.6729 0.4817
Car -1 -1 3.0008 558.1705 177.1110 586.6251 197.8584 1.5526 3.7184 1.7264 -3.0181 1.8998 56.7998 2.9476 0.4766
Car -1 -1 -2.6883 641.4395 177.4669 749.3594 230.1487 1.5688 2.8611 2.5271 2.7993 1.7328 23.7000 -2.5729 0.4664
Car -1 -1 -0.5773 453.7653 178.3205 522.7189 211.2211 1.5131 3.5529 1.6953 -6.0953 1.7981 35.6858 -0.7457 0.4609
