Pedestrian -1 -1 0.8430 634.1246 170.9762 647.5621 191.3432 1.8264 1.0774 0.6172 2.7716 1.6584 65.2803 0.8849 0.2431
Pedestrian -1 -1 2.2081 652.8133 167.6767 669.5482 198.9974 1.8324 0.7383 0.6635 2.9956 1.5299 42.7027 2.2772 0.2411
Pedestrian -1 -1 -1.3681 330.1578 176.2893 339.7887 197.7821 1.7141 0.6000 0.6769 -22.1481 1.9927 58.0459 -1.7313 0.2165
Pedestrian -1 -1 1.2111 532.5718 173.7771 555.9840 214.3495 1.7677 0.8665 0.6257 -2.9501 1.8095 31.9256 1.1192 0.2124
Cyclist -1 -1 3.3222 270.5236 177.0829 290.5402 211.4468 1.7821 1.8136 0.6575 -17.6551 2.0144 38.6118 2.8956 0.4794
Cyclist -1 -1 1.5443 580.7266 177.0426 748.0922 343.2191 1.6729 1.6926 0.6887 0.5046 1.7199 7.6534 1.6056 0.3200
Cyclist -1 -1 0.2884 535.8920 175.3150 558.8867 215.5491 1.7314 1.7445 0.5468 -2.8104 1.8443 32.0682 0.2011 0.2204
Cyclist -1 -1 3.3037 335.9803 178.8463 348.0609 200.8547 1.7853 2.0012 0.6286 -22.3499 2.2937 60.1359 2.9490 0.1997
Cyclist -1 -1 -0.4701 632.6278 172.2013 647.0286 191.4850 1.7238 1.7176 0.5880 2.6773 1.6658 65.4010 -0.4298 0.1876
Car -1 -1 -1.6590 561.7724 184.6943 728.4571 339.5929 1.5016 1.6909 4.0742 0.1760 1.6907 9.4042 -1.6426 0.5242
Car -1 -1 -0.3360 428.4459 180.6703 466.2517 201.9566 1.5298 3.8466 1.6560 -12.5560 2.1532 55.4432 -0.5580 0.4438
Car -1 -1 -2.4863 307.4547 179.5820 355.2227 199.8851 1.5932 3.9192 1.6699 -23.1939 2.1740 60.1340 -2.8532 0.3407
Car -1 -1 3.2750 396.4173 183.8255 421.7868 202.1369 1.4885 3.5613 1.6670 -17.4686 2.4720 62.7783 3.0043 0.2690
Car -1 -1 -1.4423 580.9419 172.8632 648.6899 229.1530 1.6414 1.7017 3.6607 0.1872 1.6420 22.9660 -1.4351 0.2180
Car -1 -1 1.8471 677.4114 177.6942 725.8292 196.6400 1.5334 3.7274 1.6578 7.6796 1.9506 60.6468 1.9720 0.1867
