Pedestrian -1 -1 0.9112 1012.7895 138.1647 1162.1083 344.9996 1.8165 1.0197 0.5733 4.3370 1.5122 6.6720 1.4668 0.4094
Pedestrian -1 -1 -0.6119 789.6517 164.8977 815.0157 210.7059 1.7899 0.7425 0.6665 7.5924 1.4794 28.6543 -0.3559 0.3268
Pedestrian -1 -1 1.2054 1012.7562 163.4306 1070.9889 250.4821 1.7566 0.8613 0.6338 8.8774 1.5668 14.9393 1.7324 0.2836
Pedestrian -1 -1 -0.4166 35.3235 167.8441 60.7135 208.7839 1.8943 0.8023 0.6749 -26.4196 1.6628 33.8699 -1.0753 0.2674
Cyclist -1 -1 2.7404 544.0233 178.5795 559.7780 199.8391 1.7722 1.8485 0.6715 -4.9932 2.2694 61.6428 2.6595 0.2541
Car -1 -1 3.4941 217.4340 183.3938 270.9301 211.1017 1.4876 3.1410 1.7750 -21.0958 2.1208 41.6602 3.0277 0.5708
Car -1 -1 3.3349 303.0067 180.4871 336.9371 202.7915 1.5284 3.4524 1.6579 -21.1113 2.1044 52.5575 2.9544 0.5508
Car -1 -1 1.8302 155.5738 184.6922 214.4164 217.9834 1.5242 1.7147 3.4382 -21.3191 2.1504 36.2575 1.3016 0.5498
Car -1 -1 2.0723 65.8767 184.9939 163.2094 225.7762 1.5651 1.9042 3.6045 -20.9918 2.1136 30.6930 1.4763 0.5063
Car -1 -1 2.9413 439.3135 179.0437 466.9458 197.5010 1.5384 3.6959 1.6733 -13.8589 2.1012 63.5261 2.7270 0.3751
Car -1 -1 2.9149 315.5646 184.2120 350.4055 205.3718 1.5342 4.0098 1.7004 -21.8407 2.4615 56.7452 2.5487 0.2719
Car -1 -1 -0.9814 0.0000 191.7888 40.5183 245.6864 1.4918 1.6119 3.8583 -20.6601 2.1592 23.4012 -1.6991 0.2656
Car -1 -1 -0.6215 738.8455 178.3173 801.1699 206.9347 1.5505 3.8239 1.6003 9.2080 1.8842 41.9543 -0.4074 0.2630
Car -1 -1 -0.1034 631.7714 175.4542 671.0822 207.1347 1.5256 3.7604 1.6177 2.0359 1.6662 36.9773 -0.0494 0.2565
