Pedestrian -1 -1 2.6278 803.4264 159.9149 833.5151 218.9788 1.7730 0.6401 0.6479 6.4866 1.1566 21.6038 2.9172 0.4444
Car -1 -1 -1.7577 690.7717 177.0421 780.7776 240.7422 1.5165 1.6146 3.9237 3.3181 1.4358 18.8007 -1.5842 0.7598
Car -1 -1 -1.6582 684.0440 176.4504 740.2825 223.9774 1.5594 1.6268 3.8799 3.7101 1.4280 25.1775 -1.5121 0.7454
Car -1 -1 -2.0053 802.7188 179.7403 1136.9331 361.5978 1.4822 1.6414 3.6615 3.4487 1.4778 7.6066 -1.5934 0.7250
Car -1 -1 2.0779 133.6070 185.0643 273.5819 246.1080 1.5074 1.7239 3.7981 -11.0015 1.6481 19.6422 1.5759 0.6919
Car -1 -1 -1.7814 731.3486 175.8055 859.7606 265.4955 1.4791 1.5728 3.6812 3.4332 1.4034 13.5219 -1.5366 0.6581
Car -1 -1 -1.6453 661.6733 170.3140 708.1615 209.4566 1.5766 1.6861 4.0044 3.3610 1.1678 30.5052 -1.5350 0.6576
Car -1 -1 2.9696 556.8517 173.8804 583.5400 192.4887 1.5600 3.9168 1.6695 -3.0341 1.0062 61.3616 2.9221 0.5747
Car -1 -1 -2.4011 976.7866 196.2935 1224.0000 370.0000 1.5291 1.6565 3.8707 3.0413 1.6281 2.4043 -1.5598 0.4605
Car -1 -1 -0.2643 652.3438 172.4057 704.1902 204.1784 1.5239 3.8502 1.6648 3.6463 1.1371 35.9404 -0.1624 0.3533
