Pedestrian -1 -1 0.0324 148.5341 151.0783 185.6411 244.2613 1.8254 0.9193 0.6094 -9.0506 1.3992 14.6815 -0.5122 0.3730
Pedestrian -1 -1 -0.7203 85.7003 178.4801 128.3479 238.0902 1.7465 0.8275 0.6716 -15.1295 1.9189 21.6438 -1.3248 0.3212
Pedestrian -1 -1 1.4260 29.9359 210.5591 82.5120 288.5632 1.6955 0.8706 0.8060 -12.9807 2.6074 16.8471 0.7769 0.3031
Pedestrian -1 -1 2.2881 969.6065 143.6909 1005.5188 209.6414 1.9019 0.7122 0.6088 11.0682 1.0613 21.2490 2.7624 0.2804
Pedestrian -1 -1 2.4467 1008.4692 153.5403 1037.1854 204.0832 1.8877 0.6479 0.6881 15.5879 1.1667 27.3260 2.9602 0.2386
Pedestrian -1 -1 2.8312 815.7628 172.8435 833.1492 207.7173 1.7261 0.6898 0.6514 10.6778 1.7260 36.0637 3.1163 0.2255
Pedestrian -1 -1 2.7733 856.2950 157.4753 886.3588 216.1298 1.8164 0.8217 0.6345 8.1903 1.3405 22.7610 3.1141 0.2226
Pedestrian -1 -1 2.0381 251.9219 198.7292 299.2317 263.5669 1.8204 0.9839 0.8267 -9.7823 2.5904 21.0297 1.6069 0.2220
Pedestrian -1 -1 2.5619 985.2655 149.7307 1013.7371 203.3274 1.8518 0.7093 0.5835 13.6119 1.0533 25.3070 3.0504 0.2051
Cyclist -1 -1 0.3216 432.0316 170.2582 450.3889 201.4343 1.8860 1.8671 0.5430 -10.4554 1.7293 44.6016 0.0923 0.3921
Cyclist -1 -1 -0.4503 1094.9393 180.8585 1181.2805 300.6317 1.5917 1.5863 0.3303 7.5878 1.7176 10.5034 0.1612 0.3232
Cyclist -1 -1 -2.9147 465.7663 180.3148 481.0970 206.1620 1.7322 1.7864 0.6552 -9.4430 2.2567 49.7815 -3.1017 0.2675
Cyclist -1 -1 -3.1315 816.8278 173.7364 829.5253 209.6301 1.7452 1.8273 0.5942 10.6296 1.7908 36.0866 -2.8478 0.2655
Cyclist -1 -1 0.2592 86.0937 178.5947 127.8892 241.1407 1.7840 1.8209 0.5772 -15.1537 1.9647 21.7072 -0.3447 0.2540
Cyclist -1 -1 0.3852 0.0000 197.7838 92.7963 316.1353 1.7776 1.8237 0.6019 -9.5336 2.2327 12.1978 -0.2679 0.2220
Cyclist -1 -1 -0.3864 693.0252 187.7798 715.7402 221.8524 1.7374 1.6375 0.6238 4.9788 2.5506 38.4231 -0.2592 0.2156
Cyclist -1 -1 1.3870 877.4941 186.8643 1041.3438 318.9135 1.7115 1.9412 0.8128 4.7731 1.9204 10.1119 1.8155 0.2107
Car -1 -1 -0.1361 403.7482 181.5780 442.1463 210.4940 1.5582 3.9731 1.6530 -11.0488 2.0964 42.3296 -0.3903 0.3847
Car -1 -1 -2.8680 530.7936 180.4851 577.3851 210.4962 1.5302 3.3449 1.7047 -3.0501 1.9676 39.5132 -2.9451 0.3285
Car -1 -1 0.0690 689.7629 183.7602 722.9963 212.7124 1.4712 3.4578 1.5947 5.3312 2.1028 39.9099 0.2002 0.2780
Car -1 -1 2.5806 645.0874 182.9815 691.3184 205.7901 1.4779 3.4767 1.6069 3.9962 2.2121 50.3623 2.6588 0.2779
Car -1 -1 -0.2662 810.4669 176.8914 854.1953 203.0466 1.5274 3.7688 1.6355 13.6618 1.7881 44.6276 0.0285 0.2345
Car -1 -1 1.7220 302.6935 180.3392 393.9510 218.2122 1.6793 3.7883 1.6944 -12.1714 2.0412 33.6582 1.3771 0.2297
Car -1 -1 2.8242 667.8235 177.4601 706.4341 199.5572 1.5414 4.0164 1.6586 5.6290 1.8961 53.3588 2.9283 0.2271
