Pedestrian -1 -1 3.0904 566.8181 144.8755 592.0613 218.7608 1.8924 0.6532 0.6236 -0.8513 1.1761 18.8325 3.0452 0.3109
Pedestrian -1 -1 2.7824 568.2601 171.9867 613.8380 263.1990 1.7297 0.7699 0.6636 -0.4305 1.7136 14.1627 2.7513 0.2391
Cyclist -1 -1 -2.8637 408.4851 163.1060 447.5236 232.6444 1.8024 1.8924 0.5309 -4.9804 1.5501 19.6531 -3.1093 0.3115
Car -1 -1 -0.1870 476.8267 166.9039 718.8157 265.9565 1.6703 1.6957 4.2597 -0.3420 1.5703 13.4434 -0.2131 0.6355
Car -1 -1 -1.6724 856.7386 172.6172 946.9249 234.5637 1.5689 1.9848 3.0137 7.9309 1.5633 19.9890 -1.3004 0.4928
Car -1 -1 -1.4580 990.8428 170.6886 1052.0632 212.3155 1.5386 1.6951 4.0748 16.4396 1.4590 28.8146 -0.9443 0.4556
Car -1 -1 -2.4007 1062.8372 191.5194 1242.0000 375.0000 1.5550 1.6549 3.9193 3.3983 1.6694 2.3934 -1.5008 0.3656
Car -1 -1 -3.5676 1051.7744 170.0759 1118.4258 200.1514 1.5037 3.5053 1.6040 24.8515 1.3652 37.9251 -2.9913 0.3585
Car -1 -1 -2.0724 1183.0260 182.3999 1242.0000 331.2722 1.5101 1.6274 3.8530 9.5473 1.6656 9.6536 -1.3083 0.3453
Car -1 -1 -3.4691 1108.6190 167.9756 1168.8527 195.9843 1.5647 3.8565 1.6852 30.9492 1.2925 42.3974 -2.8421 0.2835
Car -1 -1 -3.1544 1033.1846 172.3033 1080.1875 207.6088 1.4918 3.5283 1.7127 19.9890 1.4689 32.4395 -2.6065 0.2679
Car -1 -1 3.3107 137.8917 182.7280 192.6339 216.5448 1.4528 3.4914 1.6237 -20.9488 1.9453 34.0394 2.7623 0.2616
Car -1 -1 -3.5435 1144.1597 169.2371 1198.9011 191.9140 1.5188 3.4702 1.7791 38.9883 1.2769 50.2254 -2.8865 0.2594
Car -1 -1 1.0662 919.1801 174.2747 997.9644 201.6568 1.4855 3.5725 1.7075 19.3445 1.5669 40.1974 1.5115 0.2524
Car -1 -1 2.7561 390.9601 179.2612 449.1409 210.6849 1.5224 3.7732 1.6446 -10.0228 1.8760 37.7744 2.4980 0.2330
Car -1 -1 -1.1858 895.1833 173.4701 946.1680 191.8261 1.5490 3.7378 1.6481 27.0447 1.6047 62.9190 -0.7818 0.2318
