Pedestrian -1 -1 -0.4824 699.7166 168.6370 722.6978 211.3457 1.7872 0.8032 0.6701 4.2588 1.6111 30.6827 -0.3464 0.5376
Pedestrian -1 -1 -0.1105 776.9320 130.5229 824.8380 265.2994 1.8442 0.8810 0.5586 2.6681 1.2653 10.3443 0.1343 0.4071
Cyclist -1 -1 3.2411 456.8415 173.7126 488.7235 245.3413 1.7755 1.9354 0.6316 -3.6209 1.7996 18.8982 3.0536 0.6048
Cyclist -1 -1 2.9173 521.4348 174.7117 543.3986 214.9467 1.7919 1.8500 0.6054 -3.6209 1.8802 33.1947 2.8089 0.5703
Cyclist -1 -1 3.1297 494.4032 176.1248 521.3193 245.3571 1.7648 1.8603 0.6848 -2.8147 1.8578 19.4536 2.9871 0.5187
Cyclist -1 -1 -0.9608 821.7225 149.7357 912.7677 234.5156 1.7605 1.7392 0.8085 5.5980 1.2808 15.9217 -0.6290 0.3429
Cyclist -1 -1 -0.2695 630.5629 173.6793 644.3788 197.2016 1.7412 1.8203 0.5745 2.0378 1.8049 54.4253 -0.2327 0.2740
Cyclist -1 -1 -0.2025 700.9391 168.7090 721.5558 211.3921 1.7694 1.6851 0.5363 4.2649 1.5979 30.7670 -0.0666 0.2591
Cyclist -1 -1 3.0745 539.5186 170.7764 547.5411 191.0440 1.7848 1.8590 0.5891 -5.9677 1.6022 64.5025 2.9823 0.2276
Car -1 -1 -2.0430 785.3899 184.9877 1242.0000 375.0000 1.4961 1.6157 3.9531 2.6130 1.6206 5.3715 -1.6129 0.8016
Car -1 -1 1.9862 34.3035 189.3503 326.9965 353.5420 1.5341 1.6880 3.7450 -5.0562 1.7859 9.0627 1.4891 0.7220
Car -1 -1 1.6776 415.8426 183.7092 477.7161 233.8951 1.5163 1.6520 3.8764 -5.5438 1.9185 24.6892 1.4584 0.6217
Car -1 -1 -0.2010 637.0838 175.7447 674.3263 201.0465 1.5142 3.6965 1.6316 2.8102 1.7049 45.5660 -0.1403 0.4860
Car -1 -1 1.4199 766.9536 175.2901 874.0761 217.9639 1.5278 3.6306 1.6622 7.7572 1.6229 27.0013 1.6962 0.2974
Car -1 -1 0.2054 506.9673 180.7463 547.8414 207.9635 1.5284 3.8728 1.7047 -4.9819 2.0286 43.6859 0.0921 0.2419
Car -1 -1 -0.3124 802.6611 175.9740 887.7293 225.6929 1.4809 3.5634 1.5853 7.5109 1.5906 23.5001 -0.0072 0.2313
