Pedestrian -1 -1 2.9975 360.2173 144.5760 428.5209 302.3166 1.8248 0.9756 0.6768 -2.7378 1.4980 8.9290 2.7072 0.5428
Pedestrian -1 -1 1.7269 293.1688 143.1039 410.1237 343.3592 1.8340 0.9866 0.5576 -2.5221 1.5619 6.9679 1.3905 0.5074
Pedestrian -1 -1 -0.3048 603.1436 170.8780 624.8734 214.8770 1.7957 0.7955 0.6930 0.1205 1.7154 29.9277 -0.3014 0.4535
Pedestrian -1 -1 3.2374 51.8875 163.8014 79.1191 222.3273 1.8384 0.8109 0.6206 -17.5232 1.5544 23.1702 2.5953 0.3281
Pedestrian -1 -1 2.1174 960.9911 162.7596 983.9696 198.6440 1.8256 0.8529 0.6374 18.6672 1.3124 37.2352 2.5787 0.2436
Cyclist -1 -1 -3.5210 1111.2271 170.5132 1166.3386 245.7610 1.5855 1.5569 0.4230 11.6519 1.5366 16.0069 -2.9010 0.2614
Car -1 -1 -1.8467 731.8746 184.2034 902.2756 298.4631 1.4832 1.6113 3.6151 3.0529 1.6941 11.5540 -1.5959 0.8181
Car -1 -1 -1.8236 740.2690 177.4168 796.3754 213.3425 1.5302 1.6323 3.6422 7.1445 1.7513 33.0548 -1.6131 0.7293
Car -1 -1 -1.7162 651.3334 178.6603 692.8748 210.9294 1.5016 1.5547 3.5617 3.0160 1.8068 36.0557 -1.6340 0.6598
Car -1 -1 -1.9015 840.3892 178.8169 948.2880 239.7856 1.4616 1.5595 3.6915 7.5091 1.6388 19.5285 -1.5401 0.6119
Car -1 -1 -0.4480 701.7041 178.2641 740.0204 197.2272 1.5049 3.7418 1.7146 9.2265 1.9739 60.4617 -0.2977 0.2589
Car -1 -1 -1.0688 236.7333 176.9706 284.5023 193.4937 1.4997 3.5701 1.7915 -32.4210 1.8878 66.9681 -1.5183 0.2585
Car -1 -1 -0.0512 218.7358 175.7038 247.6179 198.7122 1.5509 3.6548 1.6314 -26.7481 1.7610 51.1149 -0.5314 0.2246
