Pedestrian -1 -1 -0.0100 263.5240 150.5019 292.5187 226.9733 1.8643 0.8242 0.6474 -8.3778 1.3198 18.0985 -0.4382 0.2640
Pedestrian -1 -1 2.7298 463.7011 165.0242 479.5193 198.8812 1.8988 0.6621 0.6723 -7.8860 1.4601 40.9269 2.5403 0.2607
Pedestrian -1 -1 -0.7779 965.1639 132.6224 1043.0806 255.4442 1.8027 0.8299 0.6534 5.9838 1.2125 11.0792 -0.2942 0.2395
Cyclist -1 -1 -1.3051 324.0215 186.7890 355.9294 216.1459 1.9176 1.8673 0.7079 -17.9787 2.8532 47.9827 -1.6622 0.2257
Cyclist -1 -1 -1.6358 517.8751 172.6750 538.5299 193.3680 1.8273 1.7904 0.5896 -7.2967 1.8119 64.1632 -1.7489 0.2102
Cyclist -1 -1 0.1231 311.6313 177.9083 321.5961 197.9599 1.7022 1.8191 0.5823 -25.5051 2.1484 62.6861 -0.2621 0.1827
Cyclist -1 -1 0.6358 92.1479 195.3426 139.5893 253.6926 1.6093 1.5272 0.3011 -14.5825 2.2963 21.2587 0.0402 0.1811
Car -1 -1 3.3090 334.2363 183.6808 368.9836 206.9213 1.4826 3.7443 1.6568 -17.8397 2.2610 49.8650 2.9668 0.5799
Car -1 -1 -1.8905 423.0044 183.9828 487.3396 214.8130 1.4833 2.6689 2.3774 -8.1300 2.0905 37.6408 -2.1022 0.4964
Car -1 -1 1.7473 368.0312 180.6333 414.3014 200.1376 1.6130 3.5311 1.7248 -18.6647 2.2887 61.5775 1.4539 0.2966
Car -1 -1 -0.2458 224.6120 179.7276 273.0607 208.2618 1.5359 3.7051 1.6558 -20.9463 1.9522 41.7172 -0.7088 0.2331
Car -1 -1 -0.3339 652.8678 178.5141 689.8339 199.6327 1.5322 3.6213 1.7276 4.6428 1.9824 55.3707 -0.2511 0.2229
Car -1 -1 2.4839 752.3863 175.5686 791.7533 193.6539 1.5320 3.3827 1.6570 14.2260 1.7786 63.5683 2.7027 0.1991
Car -1 -1 -0.1356 545.8397 181.8586 571.2219 198.4859 1.4980 2.9982 2.0129 -4.9258 2.3740 68.4882 -0.2076 0.1902
Car -1 -1 -0.4429 491.9807 183.5069 527.4795 202.1232 1.5075 3.4232 1.7457 -8.7340 2.4592 62.5228 -0.5816 0.1810
