Pedestrian -1 -1 3.2260 150.0273 178.1971 226.9443 306.9702 1.6785 0.9274 0.8429 -5.8946 1.7578 10.0501 2.7066 0.5458
Pedestrian -1 -1 2.4492 834.1238 140.3288 917.2039 286.7051 1.7671 0.7723 0.6446 3.3134 1.3748 9.1825 2.7844 0.3458
Pedestrian -1 -1 -0.7208 938.6296 144.7994 991.6060 229.9538 1.8314 0.8612 0.6446 7.8224 1.2284 16.0171 -0.2741 0.3133
Car -1 -1 3.1686 493.7562 175.0419 528.4587 207.8342 1.5391 3.8033 1.6178 -4.9391 1.6550 36.1052 3.0332 0.5085
Car -1 -1 1.8124 403.9709 171.1655 504.1239 212.3768 1.6012 3.6250 1.6962 -6.2418 1.5360 28.9349 1.6014 0.4772
Car -1 -1 -0.4918 879.2646 165.6393 953.5104 201.1157 1.5354 3.5743 1.6199 13.9219 1.2235 33.0825 -0.0970 0.4730
Car -1 -1 -0.1411 786.4328 173.3833 831.2518 205.9240 1.5712 3.9671 1.6519 10.0882 1.6002 36.9728 0.1228 0.4389
Car -1 -1 -2.8106 358.0932 180.4379 485.7728 229.5078 1.5445 1.5200 3.8049 -6.2203 1.8056 23.8950 -3.0631 0.4378
Car -1 -1 2.1407 181.4770 179.1249 394.4979 262.2007 1.4986 3.4840 1.7224 -6.3531 1.6332 14.3086 1.7293 0.4172
Car -1 -1 -1.7802 360.1272 182.4461 448.9272 245.5447 1.5033 1.6064 3.6567 -5.7586 1.7932 19.7845 -2.0605 0.3680
Car -1 -1 3.3559 0.0000 188.6635 181.9200 359.7304 1.4996 3.4829 1.6309 -6.3556 1.7305 8.5996 2.7339 0.3533
