Pedestrian -1 -1 2.3315 1047.7390 158.6553 1098.1207 231.9486 1.8265 0.8798 0.6492 11.8008 1.4730 18.4850 2.8920 0.2254
Pedestrian -1 -1 2.3620 1044.3041 153.9506 1086.0380 217.1930 1.8486 0.8114 0.6796 13.5464 1.2964 21.5596 2.9165 0.2004
Pedestrian -1 -1 3.2152 139.9401 156.2058 178.4724 241.6383 1.7861 0.7201 0.6499 -9.7555 1.4384 15.5512 2.6624 0.1912
Cyclist -1 -1 -3.1911 693.8322 182.0738 706.3230 222.1059 1.6120 1.6557 0.4321 3.7319 2.0100 30.2801 -3.0704 0.4087
Cyclist -1 -1 1.0175 1095.2112 207.3026 1242.0000 375.0000 1.6694 1.6050 0.6575 5.6830 2.0231 6.9834 1.6787 0.3019
Cyclist -1 -1 -2.6904 439.4134 182.3629 465.6002 217.7746 1.6724 1.6315 0.6049 -7.7531 2.1508 35.4022 -2.9049 0.3007
Cyclist -1 -1 0.3921 471.4523 185.7799 495.3075 225.4101 1.6865 1.7004 0.4311 -5.6700 2.2786 32.1519 0.2183 0.2652
Cyclist -1 -1 -1.0493 991.9380 191.3264 1086.4302 276.6320 1.6771 1.7503 0.4229 9.0802 2.0944 15.4191 -0.5264 0.2528
Cyclist -1 -1 -0.1933 795.0985 171.9789 814.5697 206.4572 1.7020 1.6909 0.6306 9.8022 1.6592 36.4804 0.0667 0.2453
Cyclist -1 -1 -0.1690 489.3832 172.9636 500.5308 194.5127 1.7508 1.8184 0.6109 -9.5309 1.7604 59.5899 -0.3272 0.2425
Cyclist -1 -1 -1.9356 836.2543 178.3035 873.5490 212.1670 1.8194 1.8018 0.6669 13.2807 2.1190 39.2535 -1.6123 0.2288
Cyclist -1 -1 -2.8590 492.1978 176.1954 511.2290 207.2250 1.7325 1.7439 0.6190 -6.2349 1.9287 41.3839 -3.0081 0.2242
Cyclist -1 -1 1.0181 1085.6453 159.2828 1191.6432 233.7590 1.7323 1.9180 0.7892 12.5496 1.4170 17.2394 1.6389 0.2174
Cyclist -1 -1 -3.3125 1004.0591 164.9698 1034.7185 218.1010 1.7800 1.9100 0.6001 14.2170 1.5162 25.1703 -2.8038 0.2084
Cyclist -1 -1 -0.3252 746.4919 180.2389 771.4464 218.3821 1.7180 1.7360 0.6140 6.9138 2.0729 33.7436 -0.1255 0.2074
Cyclist -1 -1 2.7656 873.7000 162.3708 920.9432 225.5906 1.7450 1.7833 0.6428 8.2099 1.4560 20.8060 3.1360 0.1998
Cyclist -1 -1 -0.8316 1038.4302 158.4554 1119.4741 230.4762 1.7602 1.7124 0.7040 11.9687 1.4087 18.5505 -0.2662 0.1885
Car -1 -1 0.0400 586.9807 179.3063 619.5855 207.4986 1.5239 3.8439 1.7418 -0.3810 1.9158 41.8383 0.0304 0.5796
Car -1 -1 1.5597 790.8454 172.6565 860.9437 203.1788 1.6350 3.6434 1.6454 11.8770 1.6248 39.9355 1.8463 0.4220
Car -1 -1 2.4952 771.2396 178.3923 841.7936 210.1766 1.4819 3.5047 1.6254 9.7688 1.7753 36.2397 2.7559 0.2770
Car -1 -1 0.7190 1079.7426 165.9996 1170.2098 199.6488 1.6351 3.6975 1.7008 25.8617 1.3024 36.3196 1.3337 0.2271
Car -1 -1 -2.7453 483.6649 180.7955 537.9230 209.6618 1.4967 3.8840 1.6565 -5.5617 1.9675 40.6483 -2.8809 0.1982
