Pedestrian -1 -1 2.0271 14.6453 132.7526 136.6586 300.3971 1.8846 1.0053 0.5645 -6.2995 1.4342 8.4711 1.4024 0.3339
Pedestrian -1 -1 1.0663 749.0668 151.5771 815.4113 256.6440 1.8474 1.0024 0.6106 3.0727 1.4737 13.1163 1.2905 0.2897
Cyclist -1 -1 -1.5060 500.9999 186.5796 532.3184 219.0460 1.8771 1.7877 0.6838 -5.5172 2.6927 42.4508 -1.6351 0.3155
Cyclist -1 -1 3.3821 0.0000 208.2028 55.8433 321.9633 1.6299 1.5293 0.4356 -9.4512 2.2376 11.6086 2.7098 0.3152
Car -1 -1 -0.1689 686.9349 177.1509 790.0776 250.7110 1.5600 3.8470 1.7845 2.9228 1.6758 17.4540 -0.0067 0.7722
Car -1 -1 3.3751 333.7669 191.2917 432.9541 255.6649 1.4623 3.9507 1.6753 -6.0571 2.0145 19.5714 3.0782 0.7174
Car -1 -1 1.9079 209.4291 196.5065 363.8870 291.2791 1.4606 1.5658 3.6221 -6.0854 1.9779 13.9066 1.5017 0.6977
Car -1 -1 3.3002 416.6353 180.4226 479.3405 225.1852 1.5617 4.1296 1.7343 -6.2380 1.8779 27.9974 3.0825 0.6146
Car -1 -1 2.8825 553.5815 178.7325 583.8839 197.3629 1.5247 3.3842 1.7933 -3.6031 2.0466 62.1248 2.8244 0.4735
Car -1 -1 3.2223 494.7491 178.6048 525.2744 203.5702 1.4854 3.6963 1.6225 -6.3237 1.8650 45.6889 3.0851 0.4553
Car -1 -1 -0.8165 744.1428 166.6377 821.1113 198.9433 1.5833 3.7113 1.7033 8.8489 1.2790 37.3778 -0.5862 0.3597
Car -1 -1 -1.4644 432.5010 169.7601 484.7771 191.0504 1.6324 3.8223 1.9095 -11.8284 1.3955 56.4593 -1.6702 0.3022
Car -1 -1 1.6855 455.9110 184.0061 501.6853 219.3495 1.5297 1.7252 3.7440 -6.2267 2.0909 34.3622 1.5070 0.2881
