Pedestrian -1 -1 1.7081 399.4040 174.5676 435.0714 242.1810 1.7261 0.8178 0.6437 -5.0641 1.7720 18.8061 1.4480 0.3621
Pedestrian -1 -1 3.1414 426.2937 175.4287 453.0211 234.5006 1.7022 0.8680 0.7544 -5.0846 1.7805 21.3418 2.9097 0.3389
Pedestrian -1 -1 2.0211 760.3895 169.7304 775.1536 197.3193 1.7604 0.7203 0.6480 10.1402 1.5614 46.5137 2.2340 0.2670
Cyclist -1 -1 -0.6005 802.9079 178.5700 845.5411 225.4560 1.7203 1.8824 0.6031 8.1584 1.9479 27.7001 -0.3177 0.4640
Cyclist -1 -1 0.8099 976.0677 168.3550 1106.4680 263.6744 1.6752 2.0491 0.8653 7.9060 1.5965 13.3384 1.3346 0.4344
Cyclist -1 -1 3.1715 420.8243 176.9653 445.1455 239.0540 1.7438 1.7865 0.6447 -5.2639 1.8710 21.3274 2.9318 0.3922
Cyclist -1 -1 3.2097 442.1062 177.7137 451.2304 199.9791 1.6844 1.7686 0.5710 -12.6745 2.0675 55.9003 2.9874 0.2659
Car -1 -1 -2.2799 965.6619 197.0325 1242.0000 375.0000 1.4999 1.6450 3.9777 3.7012 1.7002 3.9734 -1.5674 0.7265
Car -1 -1 -1.0190 163.2612 182.4980 327.5032 257.3973 1.5506 1.7926 3.7865 -8.6457 1.8101 17.4136 -1.4742 0.6202
Car -1 -1 -0.3893 806.9792 173.0868 897.9283 205.4156 1.5901 1.8339 3.9670 12.1977 1.6026 36.5546 -0.0701 0.5452
Car -1 -1 -0.4817 565.2397 175.6121 658.4194 212.0261 1.5324 1.6491 3.8349 0.0516 1.6621 32.2242 -0.4807 0.4433
Car -1 -1 -0.6900 210.1735 180.9574 265.6408 201.9888 1.5431 3.6550 1.9287 -28.7881 2.1880 55.7835 -1.1647 0.3674
Car -1 -1 1.2258 1067.4885 166.6030 1167.2941 202.0409 1.6264 3.5372 1.6446 24.0410 1.3399 34.3632 1.8320 0.3662
Car -1 -1 -2.3145 248.1654 181.2370 334.9371 217.4794 1.5204 3.2511 1.8235 -14.5291 1.9255 32.9799 -2.7268 0.3575
