Pedestrian -1 -1 -3.7294 1185.5361 127.5183 1242.0000 252.2520 1.8498 0.7532 0.6084 9.3939 1.1779 11.1033 -3.0404 0.2611
Pedestrian -1 -1 2.4417 820.2779 172.7306 846.6497 214.6229 1.6927 0.7535 0.7175 9.1348 1.6881 29.6394 2.7373 0.2047
Pedestrian -1 -1 1.7953 774.8582 158.2989 795.7194 194.7366 1.8607 0.9278 0.6562 9.0368 1.1178 37.3424 2.0306 0.1890
Pedestrian -1 -1 2.7127 175.1800 163.3026 194.7695 199.7499 1.9559 0.7659 0.6594 -23.1326 1.4437 39.2081 2.1825 0.1803
Pedestrian -1 -1 2.4231 999.1122 164.3614 1035.6434 222.4118 1.7828 0.7457 0.6696 12.7035 1.5224 22.5921 2.9293 0.1763
Pedestrian -1 -1 2.5754 886.8245 158.1798 920.7972 216.4605 1.7899 0.7994 0.6572 9.1543 1.3396 22.6107 2.9552 0.1611
Pedestrian -1 -1 1.1317 845.2366 182.7282 889.1562 253.4664 1.7590 0.8292 0.7166 6.5200 2.0174 18.4513 1.4654 0.1561
Cyclist -1 -1 -0.5070 775.2321 159.2423 806.6147 198.4137 1.8668 1.9803 0.6021 8.8242 1.2184 35.4174 -0.2651 0.3333
Cyclist -1 -1 -3.7226 1148.9811 144.4581 1242.0000 268.8936 1.8146 1.8622 0.5539 9.4200 1.4009 11.4723 -3.0481 0.3081
Cyclist -1 -1 -0.3889 772.8029 158.7450 797.4069 195.9455 1.8791 1.9362 0.5405 9.0349 1.1668 37.4430 -0.1543 0.2947
Cyclist -1 -1 -0.7594 723.1954 168.1011 749.3114 194.9936 1.8600 1.9886 0.6105 8.8662 1.5317 50.8997 -0.5882 0.2267
Cyclist -1 -1 -0.3352 702.5159 176.0610 716.3621 195.8477 1.7154 1.8723 0.6295 8.7704 2.0039 63.8472 -0.1998 0.2021
Cyclist -1 -1 2.5150 1098.2252 139.6945 1175.2573 217.4963 1.7857 1.7358 0.5827 12.6296 1.0250 17.4282 3.1339 0.1918
Cyclist -1 -1 2.4833 1056.7815 167.0975 1110.3900 217.5846 1.7995 1.9319 0.5907 17.4501 1.5947 26.7029 3.0567 0.1879
Cyclist -1 -1 1.3326 807.6009 170.7456 860.7463 212.8198 1.7032 1.9481 0.8126 9.1596 1.6182 29.6679 1.6288 0.1544
Car -1 -1 -2.1354 750.9875 185.6209 939.0627 284.3531 1.4774 1.5802 3.5217 4.0547 1.7451 13.1971 -1.8446 0.8000
Car -1 -1 0.4097 151.0022 185.9194 246.9030 230.0569 1.5986 4.4431 1.8018 -16.8637 2.1802 29.7945 -0.1018 0.5697
Car -1 -1 3.2690 315.4323 191.5833 375.9436 236.4121 1.5297 3.9722 1.7439 -10.4038 2.3259 28.5261 2.9218 0.3005
Car -1 -1 2.0575 79.2543 200.5096 157.7451 230.1705 1.6467 3.4557 1.7557 -29.3300 3.3393 43.0899 1.4625 0.2784
Car -1 -1 0.6355 0.0000 188.1026 43.0928 257.4207 1.5664 3.8011 1.8320 -17.3831 2.0134 19.1514 -0.0946 0.1909
Car -1 -1 0.1336 42.8061 198.7764 85.6607 224.4433 1.4623 3.9118 1.7380 -35.9285 3.2473 47.5400 -0.5111 0.1765
