Pedestrian -1 -1 2.7256 376.9107 180.4804 405.8548 228.4467 1.7319 0.6916 0.8174 -8.1480 2.0206 26.7459 2.4321 0.3934
Pedestrian -1 -1 3.1339 496.1747 164.6877 528.2425 243.4593 1.8213 0.9175 0.7372 -2.3826 1.6329 17.1873 2.9974 0.3362
Pedestrian -1 -1 0.3201 537.4680 165.3389 566.7920 225.0037 1.7841 0.7699 0.6862 -1.8073 1.5597 22.0273 0.2385 0.2809
Cyclist -1 -1 -1.6320 784.3167 162.1918 835.4969 210.5478 1.8109 1.8428 0.6254 7.5625 1.4120 27.5117 -1.3669 0.4510
Cyclist -1 -1 0.1867 526.9166 164.9323 554.9340 227.5345 1.8023 1.8006 0.5158 -2.1063 1.5746 21.6895 0.0904 0.3246
Cyclist -1 -1 -0.1037 515.5467 164.7424 530.0289 198.5657 1.8460 1.9935 0.5998 -4.9297 1.4037 40.4162 -0.2247 0.2676
Cyclist -1 -1 -2.9860 491.5103 164.8557 527.8847 244.3139 1.7998 1.7172 0.6018 -2.4199 1.6190 17.2048 -3.1244 0.2636
Cyclist -1 -1 2.9842 645.9563 178.1005 659.4858 206.6282 1.6008 1.5822 0.5335 2.4216 1.9096 41.5990 3.0414 0.2261
Car -1 -1 -2.8038 358.6996 179.1885 501.3293 262.7607 1.5589 4.3335 1.6971 -3.8478 1.7198 16.0403 -3.0362 0.6400
Car -1 -1 0.7390 1122.1349 162.9158 1242.0000 208.8294 1.6384 3.3217 1.9827 21.4223 1.2841 26.9978 1.4042 0.4884
Car -1 -1 3.3825 0.0000 149.6509 211.1267 375.0000 1.6350 3.8323 1.6980 -4.8273 1.4964 6.4136 2.7568 0.3603
Car -1 -1 -3.1888 784.9427 168.1132 831.3975 208.9816 1.5371 3.5639 1.6130 7.8750 1.3591 29.0478 -2.9271 0.2252
Car -1 -1 2.7867 719.5943 176.8988 774.9229 206.8204 1.5432 4.1116 1.6692 7.4956 1.7798 39.9656 2.9702 0.2105
