Pedestrian -1 -1 0.9041 889.2254 190.1584 902.3794 209.4233 1.7277 0.8036 0.7892 26.1566 3.3250 66.0876 1.2788 0.3172
Pedestrian -1 -1 0.9235 1082.6080 138.5190 1242.0000 375.0000 1.7752 0.9058 0.6510 4.1059 1.5375 5.3343 1.5523 0.2874
Pedestrian -1 -1 -0.4267 783.5308 143.5465 825.9086 223.9449 1.8553 0.8409 0.6796 4.5609 1.1793 17.1197 -0.1711 0.2478
Pedestrian -1 -1 -1.0767 1059.0005 172.0464 1079.7880 204.6887 1.7456 0.7277 0.6527 24.8329 1.7028 39.0606 -0.5142 0.2399
Pedestrian -1 -1 -0.6908 711.6641 154.6598 737.0202 201.0081 1.8781 0.8438 0.6414 4.6715 1.1412 29.7611 -0.5370 0.2160
Cyclist -1 -1 -3.7542 1212.9832 184.9592 1242.0000 232.3208 1.7372 1.5239 0.5590 23.9277 2.2146 27.6487 -3.0467 0.2381
Cyclist -1 -1 -0.6961 661.2442 166.8764 684.0320 192.3158 1.8584 1.9153 0.5968 4.6221 1.4221 53.6630 -0.6110 0.1985
Cyclist -1 -1 -0.1967 998.4398 176.7552 1012.1404 198.9892 1.7689 1.8911 0.6145 32.1516 2.0923 58.7457 0.3016 0.1945
Cyclist -1 -1 -0.6807 846.4957 175.2567 867.2113 196.3967 1.7374 1.8830 0.5857 20.6674 1.9426 60.5064 -0.3534 0.1886
Cyclist -1 -1 -0.8625 1202.4167 170.7385 1242.0000 215.8029 1.7934 1.8602 0.6109 25.4916 1.7096 29.6789 -0.1582 0.1805
Car -1 -1 3.4309 266.4895 191.4833 329.2959 226.7559 1.5006 3.8955 1.7382 -15.0378 2.4541 34.8777 3.0262 0.6100
Car -1 -1 1.7688 359.4343 184.5736 397.5112 207.2692 1.5537 1.9902 3.6957 -17.0953 2.4522 53.3486 1.4598 0.4449
Car -1 -1 -0.0432 766.7167 175.1484 793.1953 197.6444 1.5592 3.6973 1.7005 12.2753 1.7324 52.3833 0.1853 0.3220
Car -1 -1 3.2522 60.8218 186.3607 107.7029 218.4035 1.5566 3.6460 1.6304 -28.1808 2.3189 38.7123 2.6260 0.2647
Car -1 -1 1.9750 113.0014 179.3093 181.6922 202.2812 1.5693 3.7172 1.7231 -32.7336 2.0371 51.0883 1.4074 0.2231
Car -1 -1 -0.9373 978.6763 184.6050 1045.0907 206.6226 1.5033 4.0739 1.7590 29.8993 2.4169 53.8488 -0.4333 0.2026
Car -1 -1 -2.9725 585.2899 172.4301 631.2933 204.1165 1.6120 4.2943 1.7894 -0.0656 1.5908 38.9704 -2.9747 0.1975
Car -1 -1 -0.7464 923.3173 181.6474 981.3107 202.9181 1.4779 4.0226 1.6164 25.5629 2.1636 54.0775 -0.3074 0.1956
Car -1 -1 -3.4161 969.8120 172.1146 1012.5087 196.6355 1.6945 4.0025 1.6826 27.3744 1.6437 51.9897 -2.9341 0.1858
Car -1 -1 2.8053 724.0056 176.1566 772.3864 203.0951 1.5268 3.7575 1.6980 8.2147 1.7348 43.3641 2.9908 0.1811
