Pedestrian -1 -1 2.5944 724.1222 150.8353 818.1620 304.1066 1.7835 0.9170 0.7665 1.9947 1.4400 8.7802 2.8119 0.7400
Pedestrian -1 -1 1.3779 54.9221 194.9628 101.9210 259.1672 1.7698 0.9578 0.7915 -15.2163 2.2011 20.3844 0.7455 0.3948
Pedestrian -1 -1 3.0250 252.6344 168.7447 304.6487 262.2972 1.7264 0.9215 0.8160 -6.3514 1.5111 13.6478 2.6001 0.3169
Pedestrian -1 -1 3.0704 14.5941 173.4889 68.5523 262.3395 1.7281 0.8595 0.8051 -11.4713 1.5934 14.3356 2.4080 0.2945
Pedestrian -1 -1 -1.7384 1123.6809 193.0959 1224.0000 370.0000 1.6924 0.6703 0.7455 4.3514 1.7981 5.3473 -1.0825 0.2918
Pedestrian -1 -1 0.9836 965.9045 184.8946 1132.7866 370.0000 1.6392 0.8227 0.6823 3.2645 1.6764 5.3339 1.5085 0.2896
Pedestrian -1 -1 2.7206 640.6788 163.6287 694.9701 261.6680 1.7343 0.8269 0.7176 1.1026 1.4375 13.0116 2.8049 0.2613
Pedestrian -1 -1 2.8435 515.4745 164.2695 567.3365 262.7753 1.7311 0.8889 0.7175 -1.2205 1.4475 12.9674 2.7537 0.2559
Pedestrian -1 -1 2.3687 831.5217 174.3670 875.8307 243.5450 1.6975 0.7110 0.7794 6.2316 1.5486 17.8329 2.7009 0.2514
Pedestrian -1 -1 -0.1511 93.8791 158.5026 140.2594 252.2179 1.7997 0.8160 0.6528 -9.7744 1.3789 14.0941 -0.7450 0.2096
Pedestrian -1 -1 0.7079 1042.6854 190.4050 1117.3547 283.4095 1.7045 0.9032 0.7953 9.0634 1.9034 13.5694 1.2874 0.1887
Pedestrian -1 -1 -1.8440 992.7949 165.0879 1064.9911 270.2721 1.7323 0.9125 0.6387 7.1687 1.4801 12.0631 -1.3177 0.1812
Pedestrian -1 -1 1.7198 607.2510 170.4831 655.8204 256.1489 1.7269 0.9153 0.7010 0.5186 1.5266 14.6770 1.7560 0.1683
Pedestrian -1 -1 -1.2754 792.7286 165.4677 805.1819 192.8377 1.7507 0.6144 0.6462 12.5259 0.7905 45.6578 -1.0077 0.1592
Cyclist -1 -1 0.2932 0.0000 174.1742 65.6962 266.7066 1.7477 1.8411 0.6701 -11.6915 1.6299 14.3287 -0.3786 0.2704
Cyclist -1 -1 -0.0553 520.0126 163.1375 559.1509 267.3723 1.7697 1.8377 0.6093 -1.2665 1.4766 12.9533 -0.1487 0.2456
Cyclist -1 -1 -0.5155 641.7205 163.4912 719.1609 263.6739 1.7488 1.8634 0.5985 1.3375 1.4535 13.3103 -0.4160 0.2445
Cyclist -1 -1 0.0639 252.3194 169.5842 301.8600 264.7944 1.7200 1.7297 0.7486 -6.3701 1.5245 13.7097 -0.3605 0.2330
Cyclist -1 -1 -2.0872 1020.8483 190.6883 1135.9956 284.8680 1.7478 1.7295 0.6873 9.0328 1.9511 13.5973 -1.5102 0.2200
Cyclist -1 -1 -1.5623 556.3506 149.0515 631.4579 221.9683 1.8038 1.8585 0.6288 -0.3141 1.0274 17.8066 -1.5777 0.2095
Cyclist -1 -1 1.8391 312.1541 181.1631 448.7935 290.9078 1.7037 1.9685 0.7473 -3.6219 1.7164 11.3794 1.5405 0.2076
Cyclist -1 -1 -0.4154 854.0746 172.0818 941.5398 295.6360 1.6556 1.7976 0.4746 4.1974 1.5444 10.3766 -0.0399 0.2035
Cyclist -1 -1 1.4520 680.7592 163.2479 757.2624 232.6015 1.7358 1.8631 0.6369 2.8543 1.3056 18.0439 1.6079 0.1681
Cyclist -1 -1 -0.7220 1127.5824 145.0645 1224.0000 252.2045 1.7255 1.7732 0.6504 10.0486 1.1564 12.2830 -0.0473 0.1677
Car -1 -1 0.2886 28.9850 185.8029 121.1427 232.2558 1.5428 3.8145 1.6711 -19.4037 1.7551 26.0288 -0.3445 0.2303
Car -1 -1 -0.8838 1141.4562 186.9390 1224.0000 370.0000 1.5021 1.5762 3.8806 7.4047 1.5715 6.5348 -0.0586 0.2100
