Pedestrian -1 -1 -0.9822 1038.6497 164.7572 1109.8013 258.8308 1.7395 0.8424 0.8183 8.8772 1.5901 13.8913 -0.4238 0.5979
Pedestrian -1 -1 -0.8802 865.2900 165.9216 929.9600 259.7130 1.7035 0.8312 0.7805 5.3854 1.5779 13.6556 -0.5127 0.5472
Pedestrian -1 -1 -0.6666 593.3344 179.4343 611.5641 210.6901 1.6836 0.7479 0.6837 -0.4509 2.0496 39.5826 -0.6785 0.3579
Pedestrian -1 -1 -1.3205 530.1108 178.9281 542.1553 201.4424 1.7070 0.7735 0.6852 -5.6865 2.1763 55.3116 -1.4229 0.3407
Pedestrian -1 -1 3.1661 0.0000 186.4911 38.9119 268.2643 1.6565 0.6684 0.7559 -12.6286 1.9549 15.2741 2.4837 0.3089
Pedestrian -1 -1 2.5996 38.8729 182.5563 109.3226 281.0221 1.6969 0.8772 0.6653 -9.7040 1.8785 13.0018 1.9680 0.2745
Pedestrian -1 -1 3.2608 89.5968 173.5141 134.9130 263.2569 1.7425 0.8247 0.6536 -10.0605 1.7566 14.5307 2.6635 0.2674
Cyclist -1 -1 3.3792 316.5762 192.5068 348.7155 261.0395 1.6459 1.5221 0.4224 -7.1648 2.1730 18.5556 3.0149 0.3365
Cyclist -1 -1 -0.2021 593.7518 180.4987 610.4916 211.6196 1.6518 1.6714 0.5921 -0.4769 2.0812 39.6070 -0.2146 0.3075
Cyclist -1 -1 3.2330 468.3445 187.6256 483.1988 228.0905 1.7041 1.6970 0.4938 -5.9636 2.3751 31.8852 3.0489 0.2801
Cyclist -1 -1 -0.1125 527.8710 178.7690 539.0049 202.0779 1.7417 1.7546 0.6541 -5.9013 2.2031 55.3099 -0.2187 0.2683
Cyclist -1 -1 2.2034 278.6841 176.9067 342.8747 229.4144 1.7343 1.9403 0.7647 -10.2105 1.8758 24.5254 1.8123 0.2679
Car -1 -1 1.6529 409.5916 187.4194 472.2842 236.2233 1.4908 1.8300 3.3743 -5.8049 2.0306 24.9155 1.4257 0.7727
Car -1 -1 2.8651 631.3719 168.1964 714.9572 224.9358 1.7548 4.1838 1.7247 1.9939 1.6111 24.5322 2.9446 0.5625
Car -1 -1 3.2958 442.2791 184.1944 490.6435 219.6930 1.4858 3.7230 1.6337 -6.6012 2.0394 33.3003 3.1010 0.4087
Car -1 -1 -2.6100 299.3638 182.2892 396.1573 229.4331 1.5294 3.7021 1.6389 -9.4430 1.8977 26.1657 -2.9536 0.2867
Car -1 -1 -2.9006 546.5693 178.6010 577.4667 199.4377 1.5202 3.5665 1.5708 -3.6872 1.9783 55.5755 -2.9670 0.2734
Car -1 -1 -0.3713 291.4309 176.6937 336.9053 200.5882 1.5511 3.7603 1.6269 -20.3003 1.8244 49.3759 -0.7598 0.2285
