Cyclist -1 -1 0.3271 24.0687 166.9659 74.9461 230.7795 1.8419 1.9045 0.6299 -16.8995 1.3163 21.7481 -0.3277 0.3923
Car -1 -1 3.6679 0.0000 193.2368 215.4771 301.2070 1.4841 3.5011 1.7488 -8.3092 1.6388 11.9536 3.0707 0.7024
Car -1 -1 -1.3105 309.6056 188.4532 444.8537 277.9744 1.5150 1.6012 3.7139 -4.4212 1.5886 14.1836 -1.6077 0.6908
Car -1 -1 1.7387 424.0628 182.5621 496.8570 232.2650 1.5303 1.7532 3.9002 -4.8809 1.4497 24.1048 1.5406 0.6777
Car -1 -1 1.6552 480.0734 179.8620 523.5395 213.8572 1.4935 1.7207 3.2392 -4.8839 1.2594 33.2455 1.5101 0.6720
Car -1 -1 -0.1437 571.5633 179.3976 615.1696 210.2036 1.5404 3.6461 1.7837 -0.8388 1.2506 37.8871 -0.1661 0.5430
Car -1 -1 -1.2039 280.8650 181.4237 381.0103 235.6896 1.5441 1.6443 3.7696 -8.5162 1.4374 22.3413 -1.5644 0.5363
Car -1 -1 3.0525 465.5490 175.7749 493.1884 197.7561 1.5491 3.5447 1.6783 -9.4403 0.8849 52.5883 2.8754 0.4443
Car -1 -1 0.3589 72.8650 165.4315 217.1732 237.2352 1.7183 4.3372 1.8476 -12.3728 1.2460 19.5079 -0.2003 0.4231
Car -1 -1 -1.0195 374.8722 176.8886 454.2150 214.2441 1.5070 1.8176 3.3150 -8.2540 1.1722 30.8447 -1.2791 0.3306
Car -1 -1 3.2790 424.7692 177.6093 463.0938 205.3151 1.5315 3.5372 1.6900 -9.4520 1.1121 41.5658 3.0565 0.3221
Car -1 -1 -0.9105 0.0000 203.1548 166.6556 376.0000 1.5596 1.6776 4.0556 -3.6198 1.6875 2.9255 -1.7573 0.2895
