Pedestrian -1 -1 2.0324 812.1614 180.1561 840.8724 231.4771 1.6993 0.6881 0.7203 7.3166 1.9529 24.5273 2.3182 0.3013
Pedestrian -1 -1 2.8565 418.8112 167.8048 432.5820 198.1387 1.8552 0.7443 0.6415 -11.4293 1.5467 44.6090 2.6068 0.2647
Cyclist -1 -1 3.5315 53.1394 193.5018 75.4885 227.2380 1.6905 1.6081 0.3505 -28.7501 2.8013 37.9807 2.8868 0.3139
Car -1 -1 -1.8147 750.5099 183.6380 913.0167 290.3452 1.5102 1.7061 4.0216 3.6087 1.7301 12.6529 -1.5441 0.8273
Car -1 -1 -1.7295 721.0353 179.9431 816.6709 250.6495 1.5608 1.7034 4.1168 3.8728 1.7630 18.4392 -1.5266 0.7837
Car -1 -1 1.7886 478.7135 185.2430 541.1185 228.5736 1.5238 1.6386 3.8832 -3.9177 2.0482 28.5179 1.6527 0.7139
Car -1 -1 1.6957 507.5606 183.6078 553.7914 218.2952 1.4743 1.7021 3.6346 -3.6792 2.0033 33.6315 1.5870 0.6265
Car -1 -1 -0.2090 1121.0109 175.9483 1242.0000 263.4851 1.4971 1.5589 3.6941 12.2378 1.5643 14.0152 0.4979 0.4264
Car -1 -1 -1.2595 245.4701 183.8846 346.2068 218.9327 1.5284 3.8907 1.7896 -14.4287 2.0531 33.2177 -1.6667 0.4021
Car -1 -1 0.7281 1017.9982 169.2363 1197.5494 237.8009 1.5180 2.5663 2.5228 11.9234 1.4382 17.5141 1.3176 0.3798
Car -1 -1 2.9400 685.1808 174.9844 722.8606 200.1079 1.5460 3.6126 1.7123 5.9930 1.6894 46.5783 3.0667 0.3360
