Pedestrian -1 -1 0.0733 35.3351 143.4947 88.8436 257.8497 1.8238 0.8135 0.6462 -9.1639 1.3559 12.0212 -0.5675 0.4785
Pedestrian -1 -1 -0.7046 830.7275 167.6393 853.7911 205.3066 1.8349 0.8447 0.7053 11.4416 1.5813 35.6727 -0.3971 0.4585
Pedestrian -1 -1 1.0276 819.6299 165.2124 842.6111 203.3158 1.9154 0.9457 0.5940 11.1993 1.5316 36.6728 1.3214 0.2879
Pedestrian -1 -1 -0.3945 719.2163 148.6565 756.3876 219.6882 1.8425 0.9088 0.6743 3.3493 1.2152 19.2318 -0.2252 0.2305
Pedestrian -1 -1 0.4541 658.6898 183.4139 672.0752 208.1833 1.7491 0.8124 0.6730 3.9584 2.5169 51.9128 0.5292 0.1972
Cyclist -1 -1 -1.6018 583.0534 173.6760 604.9991 195.7232 1.8149 1.7995 0.5719 -1.3499 1.8837 59.7534 -1.6247 0.3342
Cyclist -1 -1 0.1440 0.0000 144.6917 46.1766 274.6304 1.8340 1.8684 0.4615 -9.1730 1.4369 11.1028 -0.5349 0.2689
Cyclist -1 -1 -0.1132 660.4499 183.7051 670.7368 208.8111 1.7503 1.7488 0.5404 3.9684 2.5452 51.9475 -0.0380 0.2203
Cyclist -1 -1 -0.1520 517.5710 177.7786 528.0991 198.0804 1.7955 1.9550 0.6565 -7.9200 2.2489 65.3416 -0.2725 0.1984
Cyclist -1 -1 -0.0930 269.7205 172.9040 281.1348 195.6272 1.7788 2.0611 0.6384 -26.7108 1.7832 57.5358 -0.5261 0.1925
Car -1 -1 -1.4297 455.4528 184.3987 530.9354 242.6401 1.4988 1.6582 3.8923 -3.3931 1.8713 21.3007 -1.5865 0.6830
Car -1 -1 -1.3436 335.6556 184.8350 424.9189 243.1576 1.5031 1.7465 3.4207 -6.6532 1.8831 21.0918 -1.6462 0.6496
Car -1 -1 3.0743 542.9612 180.5340 569.0344 202.9603 1.5087 3.4630 1.6251 -3.9209 2.0780 51.6212 2.9984 0.5910
Car -1 -1 2.8763 431.5585 181.4671 471.1117 205.7474 1.5255 3.6588 1.7091 -10.7903 2.1322 48.7776 2.6593 0.3535
Car -1 -1 -0.4774 502.7362 178.6479 535.6199 195.7774 1.5068 3.2020 1.7270 -8.4088 2.0556 66.4980 -0.6030 0.2475
Car -1 -1 0.1684 671.1063 177.4413 705.2006 202.4108 1.6145 3.8878 1.7045 5.3737 1.9431 49.5244 0.2754 0.2329
Car -1 -1 1.8375 216.3800 174.7165 280.1849 201.7980 1.8320 3.6428 1.7144 -25.1278 1.9650 50.1682 1.3751 0.2310
