Car -1 -1 -1.6823 663.8541 174.7071 736.1671 231.1770 1.5967 1.7761 3.9420 2.6626 1.6600 22.5035 -1.5669 0.6845
Car -1 -1 -0.2469 723.0873 173.2545 830.9340 219.7878 1.7182 1.5165 3.7374 6.2603 1.7342 27.4589 -0.0257 0.5510
Car -1 -1 0.3706 196.1151 177.5209 415.7717 263.6849 1.5973 1.7706 3.6409 -5.9762 1.6967 14.3889 -0.0171 0.5425
Car -1 -1 3.7306 0.0000 187.4769 260.4006 375.0000 1.5185 3.5502 1.8447 -5.5278 1.7106 7.6696 3.1222 0.4984
Car -1 -1 1.6468 403.8936 169.5226 503.7117 226.2484 1.9698 3.4082 1.8990 -5.6400 1.8545 26.2216 1.4364 0.4929
Car -1 -1 -1.9212 299.8937 176.8003 426.9460 242.5430 1.5572 2.5057 2.3729 -6.5555 1.6709 19.0033 -2.2496 0.4124
Car -1 -1 1.7986 383.9117 173.6853 494.2523 224.9355 1.6323 3.2408 1.7538 -5.6369 1.6612 23.8866 1.5688 0.4114
Car -1 -1 1.6389 457.8958 173.8557 530.3821 206.5968 1.6031 3.5023 1.6813 -5.8299 1.6553 36.3806 1.4807 0.3853
Car -1 -1 1.2608 719.3096 173.2839 806.2048 210.7494 1.5988 3.3664 1.7916 6.6670 1.6188 31.8818 1.4646 0.3555
Car -1 -1 -0.5060 533.5448 176.2725 573.2512 195.7408 1.6149 4.0094 1.7094 -4.9767 1.9226 62.7430 -0.5852 0.3519
Car -1 -1 -0.2162 662.9857 170.1212 696.0591 192.6056 1.5680 3.4596 1.6671 4.9585 1.3778 52.1335 -0.1223 0.3281
Car -1 -1 -2.6415 294.3232 169.2156 435.6162 224.6118 1.5705 1.6879 3.6447 -7.3338 1.4677 21.6031 -2.9654 0.3161
