Pedestrian -1 -1 2.2719 1079.3091 28.9500 1242.0000 375.0000 1.8047 0.7147 0.5819 3.0934 1.0905 3.9978 2.8959 0.4508
Pedestrian -1 -1 3.2956 250.7574 179.5284 305.5723 287.0985 1.7635 0.6749 0.7525 -5.6966 1.8817 12.3052 2.8697 0.3905
Pedestrian -1 -1 2.9336 741.2021 126.6538 777.1486 219.8419 1.8567 0.6319 0.5950 2.9797 0.9366 14.6931 3.1294 0.3328
Cyclist -1 -1 -0.0109 577.1995 180.4951 585.9874 204.1057 1.7277 1.7991 0.6387 -2.1700 2.3128 54.3026 -0.0511 0.4908
Cyclist -1 -1 -0.1236 616.7297 177.5246 626.7623 198.1014 1.7909 1.9048 0.6602 1.0186 2.2133 64.2231 -0.1083 0.4451
Cyclist -1 -1 0.1251 563.9926 178.7460 576.1871 203.1456 1.7746 1.9793 0.6713 -3.0042 2.2239 53.9723 0.0693 0.3407
Car -1 -1 -1.6875 657.2701 179.3177 711.8052 222.3636 1.4801 1.6051 3.7002 2.7010 1.7412 27.2327 -1.5904 0.7442
Car -1 -1 -1.7992 713.7222 180.5571 868.6068 292.0821 1.4796 1.5730 3.5226 2.6677 1.6225 11.5823 -1.5795 0.7065
Car -1 -1 1.7357 469.7090 185.8080 523.2271 224.9714 1.5002 1.6493 3.8328 -4.8225 2.0888 30.8350 1.5812 0.6968
Car -1 -1 -1.3368 360.7952 183.1134 473.6387 259.9825 1.5293 1.6772 3.7778 -4.3805 1.7951 16.7641 -1.5893 0.6813
Car -1 -1 -1.2033 32.9405 206.0776 349.6778 375.0000 1.4776 1.7024 3.5254 -4.1988 1.9239 7.8366 -1.6820 0.6420
Car -1 -1 -0.1495 543.1807 183.2746 568.1899 201.2476 1.5241 3.5087 1.7493 -4.9618 2.4951 65.2983 -0.2255 0.4166
Car -1 -1 2.7694 623.6394 184.2568 663.6645 205.9551 1.5155 3.3833 1.9030 2.4703 2.4043 54.3063 2.8141 0.3536
Car -1 -1 -0.1413 728.6932 173.8071 783.7068 215.4064 1.6028 4.0130 1.6630 5.9474 1.6455 29.9395 0.0523 0.2781
