Pedestrian -1 -1 1.6821 493.5854 177.0480 520.9039 233.1861 1.7339 0.7853 0.6282 -3.2670 1.8679 22.6579 1.5398 0.6306
Pedestrian -1 -1 3.3208 443.1877 180.6441 482.3969 249.8194 1.6904 0.8205 0.8337 -3.7394 1.8912 18.1425 3.1196 0.6268
Pedestrian -1 -1 -0.8990 639.6910 179.4459 653.7704 205.2801 1.6774 0.6087 0.7244 2.3911 2.1166 47.5598 -0.8496 0.2961
Pedestrian -1 -1 1.0167 534.5240 169.5179 550.1735 195.4923 1.8581 0.9738 0.5662 -4.9156 1.6198 52.1339 0.9228 0.2863
Cyclist -1 -1 0.8755 802.6049 181.5627 882.9788 242.1842 1.6588 2.1223 0.9061 6.6636 1.9202 20.8000 1.1806 0.5486
Car -1 -1 -1.6402 598.5552 184.1092 680.8367 256.1731 1.4627 1.6567 3.7851 0.5513 1.7609 17.1669 -1.6097 0.6678
Car -1 -1 3.2371 405.8387 181.5985 441.5936 208.7002 1.5414 3.8908 1.7656 -11.4509 2.1051 44.4213 2.9859 0.6648
Car -1 -1 1.8147 302.7843 187.3008 363.1346 226.8139 1.4635 1.5161 3.5493 -11.4565 2.1002 29.9285 1.4517 0.6304
Car -1 -1 1.4790 666.4810 176.4701 720.4125 219.0350 1.5711 1.7606 4.1409 3.2421 1.7276 29.0687 1.5883 0.5583
Car -1 -1 -1.8640 466.7277 182.1104 528.4321 219.5661 1.4919 1.9388 2.6766 -4.9309 1.9130 31.1677 -2.0202 0.5013
Car -1 -1 -1.7929 722.7294 177.5874 773.6454 196.1048 1.5342 3.9412 1.8042 11.6778 1.9427 61.2430 -1.6058 0.4212
Car -1 -1 3.0377 552.8546 180.7790 578.4041 200.5975 1.5191 3.9655 1.6793 -3.6888 2.1913 59.0730 2.9752 0.3978
Car -1 -1 -0.4813 512.0300 179.9608 563.8097 206.0338 1.5296 3.5881 1.7784 -4.6037 1.9967 45.3973 -0.5823 0.3341
Car -1 -1 -1.3432 583.6519 180.7867 646.1396 222.9716 1.5273 1.6712 3.9262 0.2290 1.8698 29.0146 -1.3361 0.2973
