Pedestrian -1 -1 2.7662 664.3991 170.0679 683.8688 207.7056 1.8044 0.8591 0.6736 3.0771 1.6712 35.0962 2.8524 0.3143
Pedestrian -1 -1 -0.8835 524.9492 177.0829 538.6077 203.9604 1.7495 0.5995 0.6806 -5.1852 2.0312 47.5538 -0.9920 0.2941
Pedestrian -1 -1 0.6510 430.3055 188.8977 445.6741 214.1629 1.7507 0.8037 0.7206 -12.2232 2.9001 51.1602 0.4172 0.2798
Pedestrian -1 -1 2.9169 509.2915 172.5294 527.2979 211.1480 1.8019 0.8239 0.6785 -4.3852 1.7871 34.1671 2.7897 0.2721
Pedestrian -1 -1 2.0576 1182.7228 151.7863 1237.1107 224.2137 1.7982 0.8503 0.6820 15.2725 1.2755 18.4361 2.7413 0.2648
Cyclist -1 -1 2.0526 1189.6571 152.9274 1242.0000 205.4108 1.8426 1.8512 0.5823 22.3048 1.1434 26.2964 2.7504 0.3289
Cyclist -1 -1 -0.6034 1062.9586 176.2095 1166.5763 277.4189 1.6685 1.7275 0.6181 8.8541 1.7325 12.8164 -0.0103 0.3283
Cyclist -1 -1 3.0407 525.0685 178.8303 537.6257 205.4043 1.7050 1.7330 0.6505 -5.2285 2.1073 47.6174 2.9314 0.3189
Cyclist -1 -1 -0.4082 659.4017 170.6525 686.1993 207.3768 1.7445 1.8357 0.6216 3.0149 1.6403 35.2412 -0.3241 0.3105
Cyclist -1 -1 0.1094 433.6228 188.8867 443.5934 214.2489 1.7390 1.5661 0.5225 -12.2100 2.8974 51.3031 -0.1235 0.2656
Cyclist -1 -1 3.2281 504.0067 171.2500 521.0226 209.8537 1.7814 1.7658 0.6506 -4.6482 1.7077 34.1908 3.0935 0.2512
Car -1 -1 1.8103 243.4438 195.9497 344.3798 260.5112 1.4709 1.6589 3.8767 -8.6454 2.1756 19.9504 1.4057 0.7287
Car -1 -1 1.9797 146.3329 201.5691 261.2732 260.5150 1.4969 1.6454 3.9515 -12.4716 2.4686 22.3581 1.4755 0.6865
Car -1 -1 1.6046 451.7258 181.3650 490.8343 214.9938 1.5473 1.7988 3.7969 -6.9490 1.9988 36.2295 1.4160 0.6104
Car -1 -1 3.2899 390.7845 179.4054 423.1888 203.6531 1.6735 4.0754 1.7087 -14.9132 2.1751 53.0734 3.0169 0.4428
Car -1 -1 -2.9710 909.4798 174.0620 947.1898 197.2166 1.5499 3.3021 1.8849 22.2262 1.6378 50.3902 -2.5581 0.4155
Car -1 -1 -1.3032 216.7052 186.0694 276.3792 208.5477 1.4687 3.3207 1.7852 -25.0433 2.4024 49.7532 -1.7676 0.3784
Car -1 -1 -1.2871 716.5989 169.5565 783.9426 196.2711 1.7061 4.0480 1.7612 9.2527 1.4958 47.7832 -1.0973 0.2961
Car -1 -1 0.2406 362.9663 183.4008 393.8075 202.6139 1.4977 3.7051 1.6135 -19.3191 2.4064 60.2366 -0.0688 0.2620
Car -1 -1 -0.2017 589.2540 179.2878 621.8665 200.8178 1.5487 3.9501 1.7342 -0.4058 2.0608 55.2742 -0.2095 0.2579
