Pedestrian -1 -1 1.7145 0.0000 175.4327 61.8832 329.8936 1.7289 0.7804 0.6699 -7.1072 1.7617 8.5766 1.0375 0.2929
Pedestrian -1 -1 2.9543 513.0651 166.5425 533.4257 212.3964 1.8553 0.9282 0.6709 -3.6221 1.6003 29.7354 2.8336 0.2798
Pedestrian -1 -1 3.1351 475.8097 158.0522 494.2562 216.7936 1.8335 0.8186 0.5687 -4.0275 1.3719 22.9720 2.9630 0.2655
Pedestrian -1 -1 2.5209 770.0789 166.5509 796.3260 213.3351 1.7624 0.7493 0.6652 6.5914 1.5254 27.6518 2.7519 0.2036
Pedestrian -1 -1 2.0184 761.0486 164.5196 773.1086 191.9794 1.8571 0.5997 0.6098 10.6861 1.2938 49.2183 2.2307 0.1628
Pedestrian -1 -1 -1.0513 88.5839 174.6979 170.3885 287.7433 1.6872 0.8261 0.6708 -7.4513 1.7169 11.1371 -1.6302 0.1583
Pedestrian -1 -1 2.1811 306.4533 156.2325 384.6137 281.0594 1.7771 0.8462 0.6917 -3.9689 1.5408 10.7132 1.8336 0.1552
Cyclist -1 -1 -1.0781 812.4555 160.1604 887.9223 228.0872 1.7607 1.8075 0.7438 6.4603 1.4321 19.6100 -0.7649 0.2308
Cyclist -1 -1 0.4449 362.9007 197.5391 412.5749 293.2305 1.5537 1.3926 0.2655 -3.9685 2.0158 12.7863 0.1489 0.2076
Cyclist -1 -1 -1.9496 731.9499 154.3460 785.1395 204.8928 1.8463 1.8310 0.6394 5.4754 1.1706 26.8314 -1.7508 0.1927
Cyclist -1 -1 -0.7398 818.7011 169.9192 844.3040 195.9897 1.7606 1.7865 0.6464 15.2073 1.5627 49.6693 -0.4447 0.1863
Cyclist -1 -1 -1.6896 697.7897 165.2896 760.4057 222.8626 1.7794 1.8775 0.6067 3.6764 1.5460 22.6383 -1.5314 0.1728
Cyclist -1 -1 1.3458 761.3362 164.9471 814.4990 211.1028 1.7501 1.8570 0.7775 6.7872 1.4507 27.7562 1.5827 0.1607
Cyclist -1 -1 3.4663 304.4569 157.8097 379.9965 283.4257 1.7153 1.7280 0.5196 -3.9870 1.5102 10.7197 3.1175 0.1556
Cyclist -1 -1 -0.2151 539.7272 178.5217 550.6665 197.6002 1.7110 1.7652 0.6360 -5.9711 2.2388 66.2021 -0.3051 0.1543
Car -1 -1 2.9616 545.9581 177.1458 572.6621 196.0993 1.5495 3.4918 1.6771 -4.3876 1.9285 61.7459 2.8906 0.3919
Car -1 -1 -0.2582 578.3270 178.6749 613.3104 200.3546 1.5535 3.8819 1.7217 -1.1455 2.0140 54.9332 -0.2794 0.3697
Car -1 -1 -0.0322 575.1315 177.0777 596.3823 196.3749 1.5584 3.8100 1.6699 -2.1020 1.9277 61.0783 -0.0668 0.2403
Car -1 -1 -0.1677 451.0309 179.9733 486.4749 205.3266 1.5612 3.9823 1.6580 -9.4258 2.0544 47.7937 -0.3618 0.1808
Car -1 -1 1.0909 694.0317 174.9326 753.1521 200.1453 1.6809 3.6536 1.6973 7.7891 1.8285 49.7180 1.2450 0.1787
Car -1 -1 -2.8608 643.6968 170.9261 711.2313 214.3191 1.6411 4.0697 1.6902 2.7898 1.5685 29.4876 -2.7680 0.1721
