Pedestrian -1 -1 -0.0090 657.4286 159.8017 677.9227 213.8913 1.8836 0.8467 0.7121 1.9940 1.4294 25.5703 0.0673 0.2667
Pedestrian -1 -1 3.3097 253.3369 173.6243 337.2140 312.8353 1.7006 0.9875 0.8425 -4.1203 1.7116 9.3966 2.9060 0.2531
Cyclist -1 -1 0.2469 229.1846 184.6709 339.5914 331.4922 1.6886 1.8158 0.8807 -4.2320 1.8591 9.4195 -0.1657 0.5814
Cyclist -1 -1 -0.3993 645.0025 167.4405 680.8907 220.0797 1.8239 1.8909 0.5940 1.8435 1.6367 25.9890 -0.3300 0.3194
Car -1 -1 -1.7262 705.1885 169.9275 848.0455 281.5532 1.5882 1.6779 4.0059 2.5873 1.5469 12.3027 -1.5248 0.7183
Car -1 -1 -0.8910 0.0000 207.7090 236.7447 375.0000 1.5057 1.6356 4.0737 -3.5683 1.7740 3.4459 -1.6557 0.5836
Car -1 -1 -2.8191 294.2850 176.5739 462.7339 237.3313 1.5674 1.6445 4.0381 -6.2365 1.6731 19.5730 -3.1242 0.5280
Car -1 -1 -2.1885 0.0000 0.0000 1242.0000 375.0000 1.5625 1.6766 3.9530 2.1350 1.6669 1.2948 -1.2601 0.4647
Car -1 -1 3.0618 634.7099 170.0135 663.2134 193.6884 1.6127 3.6582 1.7168 2.6896 1.4195 50.9985 3.1138 0.3437
Car -1 -1 3.0796 543.9467 175.7452 569.5677 197.1915 1.6081 3.9850 1.7600 -4.2465 1.8443 56.7583 3.0048 0.3430
Car -1 -1 0.1132 579.2983 175.5347 602.4590 192.5757 1.5340 3.1089 1.8156 -1.7732 1.7896 67.0860 0.0865 0.2942
