Pedestrian -1 -1 -2.1800 454.1445 172.7287 468.3754 195.3397 1.8358 0.9536 0.6301 -12.2145 1.8259 59.1408 -2.3831 0.2235
Pedestrian -1 -1 -0.5867 727.7751 144.0908 769.9987 220.6333 1.8700 0.8556 0.6810 3.4382 1.1676 18.1521 -0.4030 0.2026
Pedestrian -1 -1 2.6927 810.3423 165.4282 847.9965 231.4904 1.7709 0.8321 0.6929 5.9597 1.5722 19.8051 2.9802 0.1974
Pedestrian -1 -1 2.4010 872.0255 136.3989 918.3791 228.0170 1.8887 0.5955 0.6925 5.9837 1.1376 15.2757 2.7674 0.1927
Cyclist -1 -1 2.6966 800.7900 163.1851 856.7642 229.3145 1.7273 1.9194 0.7028 5.9365 1.4751 19.8476 2.9826 0.2669
Cyclist -1 -1 -3.2890 714.9733 164.9017 728.6785 196.7696 1.8539 1.9202 0.5241 6.6115 1.3916 42.9328 -3.1376 0.2598
Cyclist -1 -1 -0.2368 563.2437 172.4760 577.3241 196.8418 1.8001 1.8472 0.6400 -3.0223 1.7725 54.2793 -0.2925 0.1929
Cyclist -1 -1 -0.2355 702.0125 176.8412 716.2701 201.2699 1.7316 1.8900 0.5976 7.1676 2.0271 52.4304 -0.1009 0.1916
Cyclist -1 -1 0.1173 142.9813 167.5493 190.0258 243.1015 1.6841 1.7245 0.7402 -10.4813 1.5662 17.0188 -0.4279 0.1904
Cyclist -1 -1 -0.3983 452.7238 173.0186 468.4015 194.4951 1.7375 1.7468 0.6330 -12.3086 1.7516 59.2852 -0.6024 0.1873
Car -1 -1 -1.7654 736.3018 170.3089 823.9429 205.7491 1.7818 4.1278 1.7949 8.6845 1.6542 37.2361 -1.5385 0.5012
Car -1 -1 -2.0817 812.0250 169.4722 1242.0000 375.0000 1.5830 1.6742 4.1302 2.8333 1.5693 5.0810 -1.5985 0.4775
Car -1 -1 -0.5587 645.5227 177.3806 688.2824 197.9842 1.5147 3.4591 1.7208 4.3432 1.8774 55.8227 -0.4819 0.2767
Car -1 -1 -1.2388 378.7520 162.1978 464.9741 196.5159 1.6320 3.7123 1.7709 -9.2095 1.1256 35.3393 -1.4922 0.2443
Car -1 -1 -0.6910 758.7702 180.4196 845.7756 214.1671 1.4900 1.5969 3.8375 9.0462 1.8637 34.0725 -0.4342 0.2425
Car -1 -1 -0.4138 564.0029 177.1929 597.4127 195.6803 1.5537 3.5658 1.6393 -2.6286 1.9478 63.5189 -0.4554 0.2394
Car -1 -1 -0.1671 689.6022 178.3901 725.3005 203.9227 1.5503 4.0133 1.6328 6.2307 1.9247 46.7238 -0.0359 0.2314
Car -1 -1 3.5387 0.0000 181.8195 237.4683 375.0000 1.5353 3.7266 1.6539 -4.8841 1.6423 6.5848 2.9193 0.2004
