Pedestrian -1 -1 3.0594 466.2697 157.3253 515.9996 277.8906 1.7986 1.0034 0.6919 -1.8507 1.4546 11.1126 2.9007 0.8066
Pedestrian -1 -1 0.9281 756.1532 148.6902 853.6475 304.5656 1.7964 0.9668 0.6176 2.3790 1.4315 8.6099 1.1902 0.7987
Pedestrian -1 -1 -0.3679 512.1099 155.3180 568.8492 266.3133 1.8151 0.9278 0.6803 -1.1621 1.4049 12.1237 -0.4591 0.7925
Pedestrian -1 -1 -0.2131 435.9865 156.3467 482.2630 259.7265 1.8078 0.8334 0.6656 -2.7090 1.3870 12.8742 -0.4138 0.7588
Pedestrian -1 -1 2.6563 559.3605 153.1127 641.5161 301.7420 1.7581 0.8517 0.7184 -0.1182 1.4358 8.9039 2.6454 0.6794
Pedestrian -1 -1 -0.3984 646.9164 160.8087 717.3696 291.0369 1.7464 0.8876 0.6966 1.0285 1.4840 10.0034 -0.2973 0.6089
Pedestrian -1 -1 -0.1267 245.1556 157.6349 276.6501 220.4104 1.8624 1.0330 0.7463 -10.5557 1.1856 21.6076 -0.5734 0.5399
Pedestrian -1 -1 3.5415 235.1014 162.0092 258.8325 208.1922 1.8493 0.6526 0.6546 -14.5298 1.1104 28.6543 3.0785 0.4317
Pedestrian -1 -1 0.1219 267.7599 158.4811 288.5572 205.3351 1.8810 0.8616 0.6686 -13.3731 0.9985 28.8914 -0.3055 0.3671
Pedestrian -1 -1 -0.8135 468.8754 171.6143 486.0913 201.4226 1.8241 0.8077 0.6729 -7.8970 1.2817 43.7663 -0.9891 0.3518
Pedestrian -1 -1 2.3992 793.7806 156.4976 884.3933 298.3904 1.7509 0.8657 0.7333 3.0061 1.4564 9.2670 2.7047 0.3374
Pedestrian -1 -1 3.3481 191.1772 156.1374 212.5248 202.2813 1.9289 0.7560 0.6432 -17.1274 0.9120 30.0077 2.8359 0.3367
Pedestrian -1 -1 2.3280 909.8813 160.9215 937.9243 210.9365 1.7928 0.7069 0.6084 11.5999 1.0925 25.7825 2.7479 0.3281
Pedestrian -1 -1 0.4816 473.8324 158.1082 521.9660 255.5930 1.7983 0.7481 0.6339 -2.0794 1.3869 13.4955 0.3340 0.3189
Cyclist -1 -1 2.5832 636.4767 154.4647 693.4018 228.4189 1.7415 1.8116 0.5237 1.4247 1.1300 17.5698 2.6645 0.4667
Cyclist -1 -1 -1.0947 1175.8097 167.7272 1224.0000 209.9751 1.7442 1.9626 0.6141 25.6695 1.2184 30.2102 -0.3941 0.4575
Car -1 -1 1.1344 1113.7321 187.1124 1224.0000 236.8254 1.5291 1.5922 3.8660 19.3219 1.7778 24.3553 1.8001 0.6919
Car -1 -1 0.9378 1030.5398 182.3780 1158.2799 229.9342 1.4686 1.5938 3.7892 16.3522 1.5388 23.9047 1.5331 0.5808
Car -1 -1 -0.1185 600.2349 177.0833 639.2512 206.6341 1.4765 3.6313 1.6303 0.7162 1.3072 37.2098 -0.0978 0.4735
Car -1 -1 -0.6079 947.9769 177.2435 1061.9252 227.2240 1.5877 3.5470 1.6601 13.5868 1.4858 24.3046 -0.1022 0.3915
Car -1 -1 2.5837 799.0198 164.7972 859.9634 193.0629 1.5580 3.7541 1.6163 12.9386 0.6939 40.9878 2.8890 0.3325
