Pedestrian -1 -1 -0.9776 964.4890 118.1910 1064.3370 279.2719 1.8478 0.8734 0.6062 4.8635 1.2211 8.8018 -0.4873 0.4855
Pedestrian -1 -1 0.0648 75.0452 144.9147 113.4967 232.8782 1.8594 0.8286 0.6269 -11.3079 1.2692 15.7667 -0.5495 0.1949
Pedestrian -1 -1 -0.4734 710.9749 157.6921 735.4540 205.8898 1.8619 0.9011 0.6051 4.4075 1.2766 28.3941 -0.3215 0.1850
Pedestrian -1 -1 1.4147 669.0510 167.1056 685.4707 194.2574 1.8378 1.0285 0.6263 4.5520 1.4491 49.1819 1.5061 0.1664
Pedestrian -1 -1 -2.3722 1042.8363 147.7959 1079.0062 208.5502 1.8858 0.8857 0.4911 14.1642 1.1083 22.7407 -1.8212 0.1648
Pedestrian -1 -1 3.4831 242.6158 174.9017 265.4889 215.8152 1.7852 0.8103 0.6759 -15.8042 1.8776 31.9662 3.0270 0.1448
Pedestrian -1 -1 -0.6891 844.8016 160.6892 898.1262 252.0325 1.8164 0.8077 0.6677 5.3179 1.5749 14.8396 -0.3521 0.1430
Pedestrian -1 -1 2.7990 179.8151 175.4635 195.4892 203.8528 1.8111 0.6363 0.7012 -27.3025 1.9817 46.5884 2.2712 0.1430
Cyclist -1 -1 -0.5822 661.9698 167.8469 686.0355 195.6969 1.8675 2.0636 0.6038 4.3427 1.5321 49.4324 -0.4955 0.4714
Cyclist -1 -1 -0.8371 52.1071 170.5762 96.7240 208.3530 1.7743 1.7554 0.5978 -25.4718 1.6676 34.2691 -1.4727 0.2336
Cyclist -1 -1 -0.6168 1054.5306 177.5983 1095.4105 218.6702 1.7872 1.8716 0.5640 20.9189 2.0079 32.5615 -0.0504 0.2161
Cyclist -1 -1 3.2473 498.4158 176.2438 507.1481 195.2247 1.7701 1.9083 0.6244 -10.2060 2.0973 68.5982 3.0998 0.1930
Cyclist -1 -1 0.4224 238.1107 175.2088 270.2390 216.5647 1.7791 1.8297 0.5790 -15.8350 1.8872 32.0674 -0.0333 0.1887
Cyclist -1 -1 -1.1779 0.0000 166.8874 63.5042 234.1894 1.8240 1.7988 0.6019 -16.4583 1.6626 20.0950 -1.8578 0.1718
Cyclist -1 -1 0.0846 417.2335 173.0348 427.1062 194.9552 1.7863 1.9952 0.6263 -15.5966 1.8019 59.8482 -0.1695 0.1637
Cyclist -1 -1 -3.6122 945.0135 132.9562 1067.1152 292.4564 1.8268 1.8267 0.5595 4.9068 1.3702 9.1763 -3.1350 0.1637
Cyclist -1 -1 -0.7940 1192.0452 168.2115 1242.0000 221.5745 1.7453 1.9932 0.5630 20.9669 1.5938 24.6142 -0.0947 0.1471
Cyclist -1 -1 0.3904 0.0000 185.1096 24.9208 234.1364 1.5583 1.5140 0.5042 -20.2725 1.9820 24.1270 -0.3031 0.1440
Car -1 -1 -1.5452 574.9580 176.2640 632.0757 230.9078 1.5796 1.6717 3.8478 -0.2066 1.6979 23.0331 -1.5549 0.6736
Car -1 -1 -0.5305 771.3741 196.3633 865.4871 240.0640 1.4811 4.1122 1.7801 8.2355 2.5002 29.0500 -0.2578 0.2382
Car -1 -1 2.5717 947.9055 177.5115 1015.4660 205.5936 1.5444 3.9080 1.6677 21.7109 1.8314 42.3788 3.0418 0.2218
Car -1 -1 -0.6531 830.1192 182.3892 874.3079 201.0071 1.5303 3.6102 1.8626 21.2104 2.3947 63.3725 -0.3320 0.2159
Car -1 -1 2.2733 902.2043 185.4328 963.1687 209.3335 1.4989 3.5437 1.6879 21.9564 2.3925 49.2748 2.6897 0.1781
Car -1 -1 3.0940 632.3877 181.9776 654.9336 201.3306 1.5163 3.8003 1.6926 2.7570 2.3023 60.2248 3.1390 0.1613
Car -1 -1 -1.1391 0.0000 180.0888 89.0381 224.7913 1.5103 3.9348 1.6897 -21.5360 1.7856 26.1095 -1.8239 0.1564
Car -1 -1 -0.9312 888.6199 187.9297 946.0898 208.2838 1.4592 3.8634 1.7960 24.2030 2.6946 56.9875 -0.5320 0.1436
