Pedestrian -1 -1 3.5140 142.8222 163.8047 234.3112 323.2029 1.7545 0.7958 0.6699 -4.8971 1.5200 8.3508 2.9974 0.2163
Cyclist -1 -1 0.0955 159.7373 187.7558 204.8800 274.0589 1.7373 1.7593 0.6618 -9.1703 1.7964 15.4597 -0.4327 0.2348
Cyclist -1 -1 3.5955 0.0000 175.1080 97.4529 316.7069 1.6961 1.8926 0.5499 -7.6356 1.5762 9.5894 2.9366 0.2325
Cyclist -1 -1 2.9675 687.1891 180.8616 704.0121 213.0173 1.6888 1.6937 0.6079 4.6796 1.4613 38.6127 3.0867 0.2158
Cyclist -1 -1 0.1621 166.0850 175.8052 191.5021 222.2103 1.6957 1.7995 0.5381 -16.2555 1.3530 27.2003 -0.3725 0.2136
Cyclist -1 -1 -0.4135 789.5751 148.7682 878.4124 276.3144 1.7896 1.7687 0.6152 3.3594 1.2793 10.9983 -0.1245 0.2016
Car -1 -1 1.4871 573.7073 176.8657 620.6656 216.5973 1.5497 1.6472 3.5491 -0.5309 1.2252 29.8841 1.4690 0.6177
Car -1 -1 1.6391 463.2369 178.2454 513.7245 218.8876 1.5606 1.7896 3.7976 -4.8750 1.2941 29.5735 1.4768 0.5765
Car -1 -1 0.5637 0.0000 185.8159 167.1587 319.4965 1.5879 3.5141 1.8801 -8.3135 1.5993 10.3929 -0.0986 0.5116
Car -1 -1 3.4538 176.7909 172.7068 395.1909 312.1691 1.5880 3.5456 1.6947 -4.2585 1.4467 10.0166 3.0612 0.3691
Car -1 -1 -0.0913 501.0030 179.3840 534.8292 206.7712 1.5138 3.5725 1.6196 -5.2697 1.1926 41.6479 -0.2167 0.3611
Car -1 -1 -0.6969 638.3618 178.6007 678.4561 195.7628 1.5084 3.6170 1.6942 4.5543 0.9281 65.1391 -0.6279 0.3188
Car -1 -1 -0.5357 649.5303 176.0965 694.7640 196.5441 1.5989 4.2520 1.7310 5.1778 0.8870 58.4989 -0.4483 0.2784
Car -1 -1 2.9981 680.9897 176.8796 720.5300 204.9892 1.5055 4.0047 1.6391 5.1592 1.0602 40.5135 3.1235 0.2551
Car -1 -1 3.3902 327.1053 174.4493 463.0073 266.0441 1.6152 4.1449 1.6625 -4.2206 1.4265 14.7655 3.1162 0.2317
