Pedestrian -1 -1 2.6357 823.6986 169.2221 843.0928 206.8826 1.8100 0.7380 0.6196 10.8259 1.6358 35.1003 2.9320 0.3243
Pedestrian -1 -1 0.6798 1063.3914 150.1182 1115.8544 232.9132 1.8578 0.8861 0.5808 10.9819 1.3480 16.6007 1.2557 0.2413
Pedestrian -1 -1 -1.8323 768.6852 167.0545 779.9271 193.7575 1.7451 0.5707 0.6525 10.7813 1.3664 47.4887 -1.6107 0.2145
Cyclist -1 -1 -0.7912 984.6801 190.9502 1043.9569 258.0121 1.6252 1.5169 0.3569 10.3930 2.1136 18.6802 -0.2911 0.2732
Cyclist -1 -1 -0.3557 719.8472 177.0122 734.1159 198.1961 1.6187 1.6387 0.5607 9.1000 1.9487 56.3282 -0.1968 0.2335
Cyclist -1 -1 2.5301 828.6143 175.3566 855.4772 204.6281 1.7056 1.7860 0.6096 13.8282 1.8588 43.1439 2.8378 0.2127
Car -1 -1 -1.6558 578.6780 176.3755 640.9068 229.6432 1.5626 1.6757 3.8267 -0.1312 1.6869 23.4075 -1.6621 0.6924
Car -1 -1 3.4958 273.9109 175.4915 321.1608 199.9157 1.6026 3.9782 1.7152 -21.5343 1.7924 49.8096 3.0894 0.3632
Car -1 -1 0.0628 319.7932 175.8694 344.6874 195.8663 1.5120 3.6201 1.6125 -21.9795 1.7593 57.1168 -0.3033 0.3334
Car -1 -1 2.4452 606.9167 180.1341 653.5594 201.1480 1.5263 3.6508 1.6329 1.5063 2.1081 55.6848 2.4717 0.3042
Car -1 -1 -0.1014 866.4303 185.3796 923.2161 227.9234 1.5219 3.9738 1.7132 11.4063 2.0666 29.2125 0.2667 0.2881
Car -1 -1 -0.6881 656.3831 176.5049 698.2487 194.6706 1.5433 3.7320 1.7236 5.9328 1.8785 64.1401 -0.5967 0.2782
Car -1 -1 -0.1168 205.8670 182.7637 253.0787 216.1668 1.5174 3.7210 1.6625 -19.0434 2.0393 35.9686 -0.6010 0.2258
Car -1 -1 -0.5219 748.7142 181.5724 800.6741 206.6431 1.4957 3.6620 1.6420 10.5110 2.0811 46.4222 -0.3011 0.2060
