Pedestrian -1 -1 2.7270 696.2700 164.6718 714.6204 205.0083 1.8383 0.6142 0.6449 4.3588 1.4658 33.2666 2.8557 0.3885
Pedestrian -1 -1 2.6505 849.2112 157.5542 913.0076 264.2329 1.7604 0.8828 0.6838 4.5872 1.5083 12.3904 2.9966 0.2655
Pedestrian -1 -1 1.3529 670.1345 151.7717 719.4619 239.3605 1.8832 0.9490 0.6950 1.8096 1.4303 15.9070 1.4633 0.2588
Pedestrian -1 -1 -0.4729 702.2393 159.6034 725.7864 204.9058 1.9029 0.8225 0.6952 4.3959 1.3467 30.8073 -0.3329 0.2069
Cyclist -1 -1 -0.3329 1133.3987 103.9522 1242.0000 362.9290 1.8192 1.7782 0.4837 4.8972 1.3356 5.9854 0.3286 0.2260
Cyclist -1 -1 1.3879 833.0375 162.8154 959.9674 263.3585 1.6523 1.9172 0.7412 4.8217 1.4877 12.3908 1.7502 0.1965
Cyclist -1 -1 -0.4503 669.1082 165.8684 690.9394 195.5889 1.7785 1.8073 0.5984 4.2385 1.3608 44.1260 -0.3555 0.1669
Car -1 -1 -1.1862 0.0000 202.1062 397.6673 375.0000 1.4993 1.8099 3.7868 -3.1162 1.8189 5.9090 -1.6542 0.7328
Car -1 -1 -0.2325 535.8151 173.7934 570.6971 196.7315 1.5380 3.4187 1.6822 -4.0272 1.6064 50.4154 -0.3122 0.3318
Car -1 -1 -2.4657 0.0000 0.0000 1242.0000 375.0000 1.5486 1.6915 3.9622 2.3627 1.5411 1.2176 -1.4656 0.3046
Car -1 -1 3.0738 516.1102 175.8243 546.9066 202.6825 1.5742 3.7522 1.6405 -4.9338 1.7668 44.7187 2.9642 0.2265
Car -1 -1 -0.1259 380.1940 83.7580 1242.0000 375.0000 1.5411 3.8674 1.6961 0.4890 1.4150 2.9709 0.0191 0.1916
Car -1 -1 -1.3643 751.8505 169.1084 850.5791 209.8416 1.6515 3.8174 1.7080 8.1337 1.5000 30.8660 -1.1094 0.1856
