Car -1 -1 -1.8849 725.1921 180.1100 923.8248 305.0231 1.5524 1.8054 3.5410 2.9803 1.6817 10.9953 -1.6281 0.8099
Car -1 -1 3.5128 170.7984 194.1997 359.2766 298.2382 1.4870 3.9075 1.7380 -6.0687 1.9349 13.1284 3.0869 0.7455
Car -1 -1 1.7658 356.0043 181.0917 450.1044 240.8161 1.5757 2.0140 3.5714 -6.0655 1.8416 21.4050 1.4923 0.6658
Car -1 -1 -0.9710 0.0000 204.1413 195.5069 375.0000 1.4666 1.6295 3.4495 -6.1433 1.8735 7.5987 -1.6341 0.6296
Car -1 -1 0.1661 469.6796 182.3801 516.4856 214.2743 1.5332 4.2521 1.7575 -6.1400 2.0646 38.0878 0.0068 0.5209
Car -1 -1 3.1808 550.1351 179.8943 576.1205 202.6251 1.5053 3.7482 1.6841 -3.2980 2.0203 50.8483 3.1159 0.5181
Car -1 -1 1.2536 818.7242 173.3760 892.1240 203.8790 1.6462 3.4818 1.6794 13.4659 1.6760 39.8180 1.5770 0.4567
Car -1 -1 3.0277 517.0110 181.6416 546.6901 203.8611 1.5375 3.8845 1.7585 -5.8748 2.2169 53.6657 2.9187 0.4233
Car -1 -1 1.7752 423.9062 186.2095 487.7559 229.8126 1.5148 1.7136 3.6455 -5.9471 2.0675 28.0086 1.5673 0.3484
Car -1 -1 1.3917 889.1230 163.8322 1002.0217 204.6662 1.5640 3.8432 1.7896 13.3285 1.2188 28.9717 1.8187 0.3482
Car -1 -1 -0.1780 637.5181 175.0296 664.4004 194.1729 1.5357 3.4804 1.6391 3.3596 1.7228 60.1211 -0.1229 0.3025
