Pedestrian -1 -1 0.7179 1134.0150 125.4716 1242.0000 324.3793 1.8195 0.8690 0.6133 5.6604 1.3865 6.9818 1.3782 0.3232
Car -1 -1 -1.7352 667.8145 175.9400 746.6111 233.4799 1.5303 1.6694 3.8419 2.7269 1.6303 21.3490 -1.6107 0.7447
Car -1 -1 3.3248 353.9361 182.1039 476.0073 273.4131 1.5634 4.0574 1.6762 -3.8907 1.7809 14.8550 3.0722 0.7079
Car -1 -1 1.9091 171.9648 189.1862 413.5298 338.1568 1.5221 1.7539 3.6672 -3.9853 1.7833 9.6507 1.5263 0.7050
Car -1 -1 0.1595 473.1725 177.8247 536.6978 225.3477 1.5529 3.8179 1.6659 -3.7325 1.7450 25.9005 0.0172 0.7011
Car -1 -1 -0.8611 861.6380 172.3827 1003.8235 232.5890 1.5697 1.7296 3.6319 9.0682 1.5578 20.3755 -0.4483 0.4512
Car -1 -1 2.0443 976.0098 164.6814 1114.2855 237.5803 1.7287 1.6715 3.5333 11.2879 1.5352 18.7570 2.5786 0.4493
Car -1 -1 1.4094 718.5953 168.2703 792.6039 200.1457 1.7486 3.8444 1.6909 8.0889 1.4975 40.4882 1.6048 0.4428
Car -1 -1 0.1756 498.7570 171.9638 556.4186 214.2317 1.7095 4.3635 1.7544 -3.5440 1.6738 31.4119 0.0637 0.4360
Car -1 -1 0.8920 830.2590 168.4444 957.3050 221.8847 1.6035 3.4265 1.7680 8.9787 1.4715 23.0134 1.2592 0.3938
Car -1 -1 -0.4809 442.6685 183.4874 485.8035 204.7819 1.5278 3.8099 1.6974 -11.3258 2.3801 55.7926 -0.6807 0.3913
Car -1 -1 0.8682 811.6366 168.0520 925.0852 216.5138 1.6561 3.6230 1.7099 9.2906 1.4924 26.0996 1.2061 0.3146
Car -1 -1 -0.7168 775.6995 162.7435 869.3904 203.2358 1.5816 3.6919 1.7603 8.7785 1.1871 30.2252 -0.4371 0.3130
