Pedestrian -1 -1 3.1340 459.5413 168.7081 477.4760 217.5067 1.7768 0.7644 0.6425 -5.2838 1.6262 26.7074 2.9400 0.2345
Cyclist -1 -1 2.1887 103.9934 176.4928 228.1321 265.2361 1.6912 2.0104 0.7831 -8.7928 1.7658 14.2496 1.6438 0.2667
Cyclist -1 -1 0.2078 96.1677 181.7440 142.1845 252.4620 1.6670 1.7299 0.6053 -12.3684 1.9023 18.1507 -0.3837 0.2469
Car -1 -1 -1.7048 668.2763 179.6741 732.6573 229.8658 1.5940 1.6912 4.1777 3.0715 1.8560 25.5853 -1.5874 0.7464
Car -1 -1 -2.1857 847.7908 201.0659 1242.0000 375.0000 1.4735 1.6433 4.0834 2.7041 1.6997 3.7124 -1.5945 0.6894
Car -1 -1 1.7059 455.4885 186.8354 553.4851 260.6388 1.5613 1.8745 4.1351 -2.5579 1.9529 18.1177 1.5667 0.6868
Car -1 -1 -1.7919 687.8796 173.6155 803.1350 250.0803 1.6744 1.8758 4.2929 3.1708 1.6962 18.0326 -1.6215 0.6611
Car -1 -1 -1.6366 659.4404 183.2902 705.1428 222.4450 1.5230 1.6813 4.0809 3.0228 2.0049 31.2274 -1.5417 0.6569
Car -1 -1 -2.7681 663.3713 176.0485 696.2367 193.1944 1.5440 2.9634 2.1257 6.5257 1.8509 67.4456 -2.6724 0.3351
Car -1 -1 -0.4053 573.1155 184.0950 606.1182 201.5173 1.5383 3.5357 1.8760 -1.9749 2.6337 68.2842 -0.4346 0.2658
Car -1 -1 -0.1345 510.7991 175.6991 537.6111 196.1021 1.6708 4.1375 1.7409 -7.4187 1.9241 61.9248 -0.2536 0.2543
