Pedestrian -1 -1 1.1172 967.7471 165.1219 1020.3352 243.2293 1.7876 0.8850 0.6533 8.9073 1.6110 16.8486 1.5956 0.2227
Pedestrian -1 -1 1.8816 949.8489 169.2530 993.4911 237.8874 1.7120 0.8497 0.6398 9.2340 1.6225 18.5199 2.3372 0.2118
Pedestrian -1 -1 -3.7063 1075.1317 162.6019 1142.2078 262.7498 1.7416 0.8046 0.6572 8.8845 1.5636 12.9552 -3.1164 0.1789
Pedestrian -1 -1 -0.4694 860.8629 160.4238 886.0833 208.4927 1.7814 0.7240 0.6292 9.8605 1.3211 27.1347 -0.1248 0.1701
Cyclist -1 -1 -2.5397 262.6375 188.0566 281.7916 208.1988 1.7891 1.8333 0.6798 -31.1388 3.2108 66.4952 -2.9764 0.4557
Cyclist -1 -1 2.4701 791.2905 176.3506 822.2990 210.0959 1.7362 1.8288 0.5672 10.3862 1.9266 38.2685 2.7326 0.3136
Cyclist -1 -1 -0.3321 752.5737 167.5638 774.8946 201.4180 1.8315 1.9666 0.5968 8.4831 1.5457 40.0459 -0.1253 0.2782
Cyclist -1 -1 -3.7129 1139.0770 143.9279 1242.0000 282.8402 1.8243 1.8822 0.5790 8.5062 1.4448 10.4379 -3.0433 0.2666
Cyclist -1 -1 -0.1887 776.5836 170.2131 789.7887 195.2431 1.7532 1.8203 0.5796 12.3152 1.5686 51.4590 0.0445 0.2220
Cyclist -1 -1 0.1305 233.9651 186.7429 248.2257 213.2091 1.7914 1.9118 0.6509 -26.0463 2.7911 50.9043 -0.3406 0.2149
Cyclist -1 -1 2.4746 747.9785 170.0161 768.0568 191.3741 1.8420 1.9815 0.6308 12.9447 1.5976 63.2524 2.6752 0.2136
Cyclist -1 -1 0.3642 0.0000 185.5645 22.8545 226.0585 1.7305 1.9441 0.6242 -27.2926 2.3212 32.4926 -0.3306 0.2052
Cyclist -1 -1 -0.3449 807.8879 165.2014 833.6936 204.1458 1.7637 1.7959 0.5723 9.7586 1.4175 33.5893 -0.0649 0.1914
Car -1 -1 2.0334 128.2473 196.1958 243.3652 249.9395 1.5018 1.7412 3.8046 -13.8873 2.3355 23.8068 1.5098 0.7355
Car -1 -1 -0.1287 772.5202 179.1818 805.6083 202.9860 1.5017 3.8844 1.6643 11.9887 1.9462 48.6140 0.1112 0.2946
Car -1 -1 3.3974 211.6635 181.8853 246.9984 202.0724 1.5767 4.0787 1.6357 -31.8716 2.3611 60.4656 2.9139 0.2425
Car -1 -1 2.8452 696.4488 183.7117 729.2781 203.0729 1.5018 3.3368 1.7876 8.4621 2.4284 59.7590 2.9846 0.2333
Car -1 -1 0.4930 95.1292 184.4947 160.1801 212.8833 1.5864 3.9173 1.6316 -29.3613 2.3295 44.0060 -0.0928 0.1791
Car -1 -1 -0.0382 259.7903 185.8042 281.4532 203.6190 1.5484 4.0138 1.6981 -32.0441 2.8090 68.0415 -0.4771 0.1790
Car -1 -1 -0.1856 640.3669 172.3621 690.6071 207.6537 1.5469 3.8824 1.6304 2.4843 1.5257 33.6444 -0.1131 0.1732
