Pedestrian -1 -1 0.9829 668.6403 183.0263 688.7977 213.7448 1.7992 0.9424 0.7509 4.0777 2.4162 43.1800 1.0758 0.2836
Pedestrian -1 -1 2.5459 677.8094 170.0466 698.2785 208.1432 1.7740 0.7422 0.6571 3.6449 1.6437 34.0790 2.6510 0.1947
Pedestrian -1 -1 0.6546 525.4119 193.7612 546.1179 227.2918 1.7546 0.8504 0.7517 -4.0475 2.9016 39.0103 0.5512 0.1845
Pedestrian -1 -1 -0.5569 790.3173 153.6054 844.8365 254.8074 1.7977 0.7347 0.6735 3.7546 1.4561 13.2618 -0.2876 0.1700
Cyclist -1 -1 3.0985 531.3302 191.7993 541.8976 225.0581 1.7266 1.5503 0.5020 -4.0258 2.7766 39.1730 2.9961 0.3061
Cyclist -1 -1 2.8003 654.2612 183.7007 672.0403 209.7756 1.7984 1.9192 0.6603 3.7638 2.5899 51.6164 2.8720 0.2409
Cyclist -1 -1 0.2154 470.9768 175.8666 503.6785 237.0641 1.7126 1.8618 0.5644 -3.6352 1.8055 21.2252 0.0472 0.2065
Cyclist -1 -1 -0.5436 665.0939 185.6743 689.6478 216.0388 1.7454 1.7461 0.6504 3.9879 2.5296 43.1831 -0.4528 0.1956
Cyclist -1 -1 -0.5555 671.7013 167.2179 703.2430 204.8719 1.7207 1.7916 0.6178 3.5875 1.4635 33.9110 -0.4515 0.1794
Car -1 -1 1.4340 669.5500 190.8073 761.3473 259.7274 1.4430 1.7383 3.4470 2.4332 1.9276 17.7307 1.5670 0.7835
Car -1 -1 1.3336 612.2834 177.1426 659.5701 198.0149 1.6492 3.5415 1.7017 2.0692 2.0055 58.6871 1.3682 0.3539
Car -1 -1 2.5227 884.8737 133.6135 1242.0000 333.8946 1.6156 3.8260 1.6876 4.6428 1.2994 7.8049 3.0424 0.2902
Car -1 -1 2.9648 653.9631 181.1717 685.7230 203.8716 1.5432 3.7453 1.6567 4.2805 2.1702 52.4171 3.0453 0.2424
Car -1 -1 0.0021 512.9450 178.0210 544.3574 208.6281 1.6003 4.0947 1.6673 -4.6054 1.9065 40.5693 -0.1107 0.2380
Car -1 -1 1.0553 699.9092 166.5589 819.3738 219.2936 1.7617 3.7758 1.7297 5.2275 1.5517 25.5103 1.2545 0.2109
Car -1 -1 -1.9981 653.9590 184.6170 702.0460 211.1234 1.4975 1.5572 3.6858 4.1150 2.2564 44.5304 -1.9072 0.2027
