Pedestrian -1 -1 2.1740 248.7117 170.2604 267.0028 198.9912 1.8808 0.8870 0.6247 -23.2628 1.7113 47.6058 1.7215 0.2969
Pedestrian -1 -1 -0.8509 928.1802 142.9195 969.8715 211.9795 1.8400 0.8334 0.6131 9.2153 1.0428 19.7273 -0.4198 0.2870
Pedestrian -1 -1 1.3044 91.7464 196.8564 116.0436 232.3565 1.8240 0.8837 0.7954 -27.0189 3.1239 38.4674 0.6951 0.2425
Pedestrian -1 -1 1.3200 321.8955 173.0601 335.9333 195.3988 1.8417 0.9643 0.6222 -23.4082 1.8593 60.0266 0.9494 0.2036
Cyclist -1 -1 0.1892 93.3972 198.6339 114.9771 233.7131 1.7677 1.6309 0.6453 -27.0295 3.1758 38.5215 -0.4196 0.3842
Cyclist -1 -1 -3.3996 792.2734 174.4612 815.0581 211.5618 1.7099 1.7987 0.5973 9.1349 1.7885 34.2290 -3.1415 0.2335
Cyclist -1 -1 3.2245 325.8081 173.6818 335.1379 195.6332 1.7980 1.7680 0.5796 -23.3001 1.8684 60.0971 2.8559 0.2187
Cyclist -1 -1 2.6997 736.9442 162.1841 757.8765 191.7201 1.8467 1.9659 0.5191 8.7406 1.1799 46.1277 2.8855 0.2080
Cyclist -1 -1 -0.2614 744.1810 162.0045 761.2119 192.9695 1.8544 1.9417 0.5342 8.6967 1.2050 44.1946 -0.0687 0.1901
Cyclist -1 -1 -0.7145 871.6150 161.4021 911.2188 204.4599 1.7948 1.7560 0.5675 12.0289 1.3178 30.9949 -0.3479 0.1882
Car -1 -1 -2.3235 772.1541 185.5945 930.5370 257.8250 1.4805 1.5843 3.5821 5.6436 1.8234 17.4350 -2.0163 0.7582
Car -1 -1 3.5026 234.6311 188.7128 295.1895 220.9364 1.4621 3.4958 1.6126 -17.3356 2.3006 36.3235 3.0598 0.6516
Car -1 -1 3.3080 328.5168 184.6988 369.4697 211.4428 1.5723 4.2018 1.8122 -16.8329 2.3746 46.6188 2.9629 0.3902
Car -1 -1 -3.2296 909.4811 177.7068 953.8607 211.9360 1.5673 3.8575 1.6498 15.8228 1.8219 35.7189 -2.8162 0.3229
Car -1 -1 0.2227 480.3138 182.0817 522.9101 209.6095 1.4899 3.8179 1.6686 -6.3391 2.0568 42.3323 0.0745 0.1798
Car -1 -1 -3.2037 769.8832 173.9532 805.9684 205.9332 1.6650 3.9608 1.6713 9.7277 1.7292 39.8025 -2.9662 0.1779
