Pedestrian -1 -1 1.5847 302.8249 159.1859 410.5539 319.6118 1.8277 1.1850 0.7220 -3.0403 1.5865 8.5763 1.2572 0.8555
Pedestrian -1 -1 1.4564 56.1365 189.7530 100.3624 251.0867 1.7025 0.9467 0.7784 -15.2431 1.9792 20.4116 0.8239 0.3951
Pedestrian -1 -1 2.6441 641.0688 161.9404 697.3564 261.0432 1.7489 0.8454 0.7117 1.1280 1.4230 13.0023 2.7304 0.3013
Pedestrian -1 -1 2.7939 515.7784 163.2404 567.9671 262.5690 1.7485 0.8900 0.6930 -1.2133 1.4463 12.9908 2.7048 0.2920
Pedestrian -1 -1 -1.6966 1125.1676 189.8450 1224.0000 370.0000 1.6901 0.6678 0.7286 4.3546 1.7691 5.3612 -1.0414 0.2868
Pedestrian -1 -1 2.2945 832.3066 173.5418 876.4565 242.3121 1.6874 0.7299 0.7620 6.2557 1.5182 17.8484 2.6277 0.2862
Pedestrian -1 -1 -0.1788 253.8466 165.6977 306.3530 259.8983 1.7448 0.8782 0.7846 -6.3340 1.4722 13.6750 -0.6020 0.2550
Pedestrian -1 -1 3.0190 13.2988 174.0668 70.1204 262.6485 1.7234 0.8443 0.8121 -11.4681 1.5999 14.3369 2.3568 0.2349
Pedestrian -1 -1 0.8980 812.0358 170.1529 872.9957 260.2027 1.7227 0.9665 0.6224 4.6508 1.5263 13.9813 1.2139 0.2342
Pedestrian -1 -1 1.3138 559.5874 162.5865 611.9648 251.3784 1.7947 0.9735 0.5777 -0.4464 1.4343 14.7003 1.2859 0.2194
Pedestrian -1 -1 1.0473 971.4771 190.0904 1133.0577 370.0000 1.6476 0.7706 0.7081 3.2790 1.7265 5.3274 1.5745 0.2193
Pedestrian -1 -1 -0.7185 738.7136 162.7870 794.3610 253.9501 1.7698 0.8697 0.6920 3.2107 1.4276 14.2688 -0.5002 0.1973
Pedestrian -1 -1 2.7139 606.0579 166.8738 656.6787 255.0201 1.7587 0.8991 0.7410 0.4957 1.4884 14.6589 2.7487 0.1856
Pedestrian -1 -1 -0.0787 94.3675 162.7098 139.9578 257.1592 1.8087 0.8327 0.6915 -9.7612 1.4697 14.0762 -0.6727 0.1779
Pedestrian -1 -1 -0.8885 994.5261 163.4373 1070.4281 272.2408 1.7710 0.8729 0.6777 7.2166 1.4949 12.0311 -0.3582 0.1714
Pedestrian -1 -1 -0.7340 833.6176 151.3211 897.3174 254.6082 1.7643 0.8611 0.6542 4.5853 1.2675 12.5951 -0.3911 0.1636
Cyclist -1 -1 -0.8659 0.0000 170.3077 99.4764 260.0930 1.7769 1.8443 0.6044 -11.4124 1.5768 14.3310 -1.5259 0.2246
Cyclist -1 -1 1.7330 628.4844 162.8164 735.7958 258.4100 1.6855 1.8814 0.7143 1.3886 1.3754 13.0547 1.8382 0.2244
Cyclist -1 -1 0.8019 1067.9210 186.1996 1224.0000 370.0000 1.6751 1.7291 0.6314 5.1532 1.7314 6.3611 1.4601 0.2121
Cyclist -1 -1 1.4792 681.3434 164.0022 757.7284 234.2953 1.7529 1.8673 0.6395 2.8602 1.3431 18.0066 1.6357 0.1949
Cyclist -1 -1 0.0419 255.2963 166.2766 301.0293 262.7046 1.7436 1.7795 0.7184 -6.3650 1.4881 13.7395 -0.3814 0.1802
Cyclist -1 -1 -1.5566 555.5222 146.5894 631.3539 219.7462 1.8080 1.8742 0.6430 -0.3240 0.9715 17.7921 -1.5725 0.1780
Cyclist -1 -1 -0.4057 857.9027 173.1586 944.1792 296.0027 1.6301 1.7690 0.4694 4.2006 1.5344 10.2679 -0.0265 0.1746
Cyclist -1 -1 0.0320 508.3065 162.3146 547.4153 267.2239 1.7945 1.7969 0.6556 -1.4380 1.4851 13.0094 -0.0737 0.1692
Cyclist -1 -1 1.9728 238.9015 173.6382 378.5627 286.0343 1.7024 1.8912 0.7168 -4.6561 1.6001 11.0779 1.5868 0.1650
Cyclist -1 -1 3.3969 352.3394 182.8699 418.8647 296.5102 1.6293 1.8006 0.5467 -3.4429 1.6712 11.0800 3.1052 0.1615
Cyclist -1 -1 -0.4956 832.6885 154.7300 916.3268 263.5898 1.7633 1.7916 0.5653 4.6245 1.3475 12.3749 -0.1446 0.1583
Cyclist -1 -1 -0.5560 871.9436 159.7686 966.4938 272.1811 1.7662 1.8027 0.5893 5.2514 1.4421 12.0398 -0.1526 0.1508
Car -1 -1 0.0934 42.3109 188.5257 111.7361 234.4135 1.5154 3.6619 1.6884 -19.3844 1.8354 26.0502 -0.5389 0.2253
Car -1 -1 -2.2578 1154.2830 184.7188 1224.0000 370.0000 1.5438 1.6810 3.8904 6.5271 1.5917 5.6971 -1.4304 0.1760
Car -1 -1 2.4980 555.6949 172.9555 605.2963 195.1244 1.5574 3.7912 1.6858 -1.8176 1.0287 51.6722 2.4648 0.1652
