Pedestrian -1 -1 2.9510 0.0000 138.5927 109.3603 376.0000 1.7531 0.6903 0.7450 -4.5381 1.4182 5.6849 2.3003 0.2102
Pedestrian -1 -1 1.6150 505.4542 171.3602 537.9177 234.0869 1.7807 0.9055 0.5875 -2.5189 1.3885 20.7305 1.4953 0.2029
Pedestrian -1 -1 3.2408 242.6465 110.1052 348.9359 362.3871 1.8105 0.8308 0.6780 -2.4730 1.2726 5.6512 2.8456 0.1719
Cyclist -1 -1 -1.1964 618.2545 167.1133 641.8392 190.1039 1.8189 1.7845 0.6146 1.7672 0.3879 57.5023 -1.1662 0.3641
Cyclist -1 -1 -0.1661 531.7626 176.7705 550.2877 214.4109 1.6997 1.7544 0.5716 -3.1425 1.3194 33.3774 -0.2596 0.3006
Cyclist -1 -1 1.7605 4.0657 86.2270 297.9922 348.7215 1.8586 1.8810 0.5756 -3.5438 1.1588 5.6765 1.2239 0.3002
Cyclist -1 -1 2.6409 621.8935 177.8273 655.2740 219.9353 1.6302 1.7483 0.5581 1.1797 1.3453 28.7339 2.6811 0.2176
Cyclist -1 -1 -0.5204 535.8308 175.2922 561.6737 206.5015 1.7342 1.8831 0.6072 -3.3953 1.1839 40.8894 -0.6031 0.1794
Car -1 -1 -1.6567 560.0584 174.7384 635.0912 236.0865 1.5622 1.7815 3.5466 -0.4168 1.2965 20.1597 -1.6775 0.6400
Car -1 -1 -0.0962 621.0683 176.0668 654.4952 202.4608 1.5446 4.0021 1.6609 1.7718 1.0103 44.1079 -0.0567 0.4061
Car -1 -1 2.9451 484.1317 184.8296 545.9200 227.0307 1.5051 3.6354 1.6664 -3.6646 1.4925 27.6239 2.8141 0.3073
Car -1 -1 2.6943 516.9455 179.2082 571.5860 208.1490 1.5319 3.6583 1.6001 -3.6085 1.2151 40.0288 2.6046 0.2870
Car -1 -1 2.8143 648.6868 176.2368 695.2192 202.8548 1.6096 4.1296 1.6952 3.9966 1.0678 45.6730 2.9006 0.2866
Car -1 -1 -0.0668 511.7268 174.8093 551.4742 208.6118 1.5472 3.9724 1.6532 -3.7908 1.0720 34.9986 -0.1742 0.1846
Car -1 -1 1.8721 343.9877 180.0701 500.6889 238.5902 1.4787 3.6877 1.7345 -4.8956 1.3498 19.1260 1.6246 0.1769
Car -1 -1 1.6841 0.0000 200.3318 10.7446 376.0000 1.5334 1.7838 3.6896 -7.8287 1.7419 7.8516 0.9170 0.1711
