Pedestrian -1 -1 2.3208 849.5594 173.7151 888.7247 226.7774 1.6941 0.9472 0.7545 8.4421 1.7234 23.6479 2.6591 0.7164
Pedestrian -1 -1 -0.7417 888.5599 144.1981 958.8921 264.0564 1.8115 0.8378 0.6104 4.8908 1.3787 11.3999 -0.3464 0.4773
Pedestrian -1 -1 2.5814 749.5028 176.8622 773.6130 211.7676 1.7198 0.9417 0.8074 7.5750 1.9249 36.2635 2.7851 0.4104
Pedestrian -1 -1 1.3694 537.8217 178.1987 554.0087 211.4560 1.7122 0.7251 0.6565 -3.3877 1.9950 37.6984 1.2799 0.3523
Pedestrian -1 -1 -1.2467 85.3216 185.4438 122.3881 235.4858 1.6734 0.8385 0.7843 -17.4785 2.1164 24.8683 -1.8545 0.2700
Pedestrian -1 -1 -0.8223 807.9456 166.4223 824.7961 197.3366 1.8357 0.7255 0.6479 12.3563 1.4542 43.3214 -0.5466 0.2446
Cyclist -1 -1 3.5049 87.8789 187.9293 119.6910 236.2746 1.5805 1.5694 0.3598 -17.4927 2.1178 24.8923 2.8971 0.3319
Cyclist -1 -1 -0.4205 845.8086 173.5114 889.5289 228.9022 1.7549 1.9105 0.6243 8.4480 1.7779 23.8590 -0.0847 0.3067
Cyclist -1 -1 1.3899 741.4854 177.9466 784.2048 212.9588 1.7358 1.9842 0.8397 7.6480 1.9958 36.3412 1.5951 0.2833
Cyclist -1 -1 -0.5060 1021.5856 147.8093 1134.3635 278.5795 1.7795 1.8455 0.5564 6.8482 1.4391 10.7509 0.0482 0.2459
Car -1 -1 -1.5722 601.7955 181.9299 664.1049 241.5030 1.5384 1.6622 3.9203 0.6150 1.8306 21.2151 -1.5445 0.7422
Car -1 -1 1.6291 403.1264 185.8195 437.8216 212.5749 1.5315 1.8896 3.6596 -11.8568 2.3796 45.1953 1.3736 0.5886
Car -1 -1 3.0601 650.7552 178.7509 683.6517 205.5334 1.5333 3.6959 1.6914 3.4113 1.9082 43.9726 3.1365 0.5235
Car -1 -1 -1.3536 584.2466 181.2437 643.4099 220.7658 1.5383 1.8114 3.5292 0.1849 1.9194 30.8178 -1.3484 0.4039
Car -1 -1 3.3595 293.3845 179.4022 335.9285 206.0584 1.5945 4.2046 1.6592 -18.9826 2.0365 46.4551 2.9733 0.3635
Car -1 -1 -2.0687 829.3261 170.7734 902.7686 201.5490 1.7647 3.7305 1.6746 15.0204 1.6458 42.4958 -1.7316 0.2917
Car -1 -1 1.0373 974.0201 181.6087 1069.5934 215.9251 1.4426 3.2404 1.6739 17.9689 1.8375 31.6450 1.5492 0.2847
Car -1 -1 2.5465 704.9728 181.6053 747.7408 201.6635 1.4779 3.5200 1.6227 9.0963 2.1906 56.7898 2.7040 0.2804
Car -1 -1 -0.8711 798.1977 182.4175 873.4573 211.5605 1.4445 3.6751 1.6626 12.1342 1.9891 39.0642 -0.5727 0.2422
