Pedestrian -1 -1 2.8710 126.2901 169.1185 147.1669 207.8623 1.8427 0.7702 0.6621 -22.8784 1.6654 34.8182 2.2930 0.2522
Pedestrian -1 -1 1.2551 753.0423 191.7529 793.2192 256.4965 1.8108 0.9170 0.8384 4.6710 2.3711 20.9114 1.4707 0.2161
Pedestrian -1 -1 0.5682 1145.0004 129.9169 1242.0000 350.8394 1.8140 0.8838 0.6464 5.3132 1.4618 6.3709 1.2402 0.1951
Cyclist -1 -1 -0.9498 837.3161 158.6031 911.3013 226.0163 1.7598 1.8259 0.7143 7.1734 1.3882 19.7867 -0.6073 0.2295
Car -1 -1 -1.2711 342.5176 188.8586 428.6650 242.7610 1.4510 1.5695 3.4399 -6.8385 1.9813 22.1659 -1.5676 0.7043
Car -1 -1 2.0360 0.0000 173.4170 330.1374 375.0000 1.6687 1.7785 3.9872 -3.9860 1.6756 6.2259 1.4851 0.6713
Car -1 -1 3.1810 279.1839 188.7253 341.2168 241.8496 1.4592 3.5586 1.6676 -9.4959 2.0074 22.9435 2.7922 0.5501
Car -1 -1 2.2311 262.5330 177.2271 362.9488 216.7034 1.5181 3.4773 1.6733 -12.0901 1.7037 29.2990 1.8426 0.3450
Car -1 -1 -1.1397 298.2767 155.4820 403.6898 192.7982 1.6256 4.0795 1.8367 -11.6635 0.8692 32.5259 -1.4816 0.2795
Car -1 -1 1.9112 0.0000 187.8944 42.8021 320.9745 1.5176 1.7490 3.4827 -10.0415 1.7797 10.6099 1.1659 0.2291
