Pedestrian -1 -1 3.1097 412.7449 178.0594 428.7548 217.4032 1.8322 0.9574 0.7060 -9.0414 2.0841 34.3051 2.8534 0.3125
Pedestrian -1 -1 -1.2913 258.8217 175.6926 272.9792 201.3502 1.7771 0.7430 0.6487 -24.0800 1.9774 50.4371 -1.7349 0.2175
Pedestrian -1 -1 -0.9450 350.4431 178.7396 362.7812 202.2683 1.6568 0.5570 0.6450 -18.0738 2.0795 51.3881 -1.2819 0.2109
Pedestrian -1 -1 2.8034 274.3229 158.5800 293.1902 200.8687 1.8933 0.7341 0.5703 -14.8557 1.2546 32.7629 2.3805 0.2107
Pedestrian -1 -1 -3.6525 1028.2229 110.4932 1167.6189 338.2508 1.8156 0.8404 0.6486 4.0863 1.3189 6.1853 -3.0908 0.1995
Pedestrian -1 -1 -2.1485 793.9966 219.3113 952.5848 375.0000 1.5972 0.9197 0.8479 2.1024 2.0180 6.0009 -1.8290 0.1573
Pedestrian -1 -1 1.0763 953.1208 151.8483 1045.0239 282.1291 1.7234 0.9101 0.6388 5.2500 1.4459 9.8700 1.5521 0.1279
Pedestrian -1 -1 -1.2094 418.3933 184.1438 447.2632 229.1491 1.7061 0.8824 0.7417 -6.9082 2.1509 27.9825 -1.4498 0.1234
Cyclist -1 -1 3.1647 428.2805 188.1968 438.5820 231.1376 1.5886 1.5277 0.3541 -6.8982 2.2018 28.0345 2.9250 0.3104
Cyclist -1 -1 0.1130 350.2560 179.5012 361.8664 204.2060 1.7098 1.8700 0.5729 -18.1231 2.1930 51.4334 -0.2244 0.2004
Cyclist -1 -1 -0.2730 824.4042 219.9406 920.5198 375.0000 1.5038 1.3724 0.3666 2.1131 1.9469 6.0877 0.0440 0.1941
Cyclist -1 -1 -0.0466 259.6959 176.7634 270.2729 201.8244 1.7124 1.7343 0.5889 -24.1744 1.9911 50.4833 -0.4914 0.1772
Car -1 -1 1.6878 436.3368 185.8913 503.2591 237.4850 1.5511 1.7879 4.0921 -4.7778 2.0387 24.8584 1.4992 0.7252
Car -1 -1 -0.3816 568.1544 187.1282 605.3981 207.1849 1.5073 3.9955 1.6967 -1.9764 2.7273 59.4810 -0.4152 0.2531
Car -1 -1 -2.8305 386.3876 185.9429 421.5341 202.8842 1.5067 2.7687 2.4456 -19.3463 2.7629 67.7969 -3.1078 0.1909
Car -1 -1 3.3063 382.8252 180.9083 417.1639 203.8018 1.5348 4.2932 1.7002 -15.1603 2.1425 52.1713 3.0245 0.1627
Car -1 -1 -0.1425 587.6526 180.6133 619.2936 203.8719 1.5037 3.7709 1.6641 -0.5194 2.0628 49.9652 -0.1533 0.1568
