Pedestrian -1 -1 1.7572 46.1369 191.4690 105.1102 280.4995 1.7526 0.8700 0.6464 -11.0534 2.1493 14.8799 1.1267 0.4191
Pedestrian -1 -1 0.4917 1105.4500 135.8633 1242.0000 375.0000 1.7418 0.7066 0.7214 3.3587 1.5560 4.1044 1.1421 0.3379
Pedestrian -1 -1 1.7650 316.7619 169.6801 355.8731 246.4436 1.8164 0.7694 0.6713 -6.6642 1.7417 17.4654 1.4050 0.2900
Pedestrian -1 -1 3.1687 360.9284 150.1216 387.5599 226.9988 1.8494 0.7961 0.6031 -5.8644 1.3029 17.8218 2.8548 0.2882
Pedestrian -1 -1 3.5866 0.0000 179.5834 85.0048 339.1601 1.7113 0.9452 0.7510 -6.7710 1.7943 8.3245 2.9191 0.2434
Pedestrian -1 -1 1.1933 696.7578 159.7175 746.4099 242.4680 1.8094 0.9012 0.7141 2.4512 1.5225 16.2250 1.3397 0.2074
Cyclist -1 -1 -1.1475 1119.7939 137.3916 1242.0000 274.6738 1.7075 1.7863 0.7560 8.1542 1.2667 9.9386 -0.4751 0.3332
Cyclist -1 -1 -0.6525 921.2523 158.4770 994.8599 235.8087 1.7429 1.8124 0.5886 8.2105 1.4192 17.2074 -0.2145 0.2532
Cyclist -1 -1 3.6441 0.0000 187.3680 94.1126 351.4966 1.6773 1.7452 0.5554 -6.8673 1.8657 8.4378 2.9762 0.2459
Cyclist -1 -1 0.1172 51.2707 185.0590 98.9053 277.3423 1.7607 1.8673 0.5674 -11.1183 2.0305 14.9687 -0.5134 0.2048
Car -1 -1 3.3345 400.5735 185.1206 501.9833 260.0530 1.5601 3.8818 1.6830 -3.7870 1.8931 17.6139 3.1250 0.7969
Car -1 -1 3.2322 459.9515 181.4442 523.8306 235.3052 1.5591 4.0223 1.6968 -3.8186 1.8651 23.6061 3.0729 0.7716
Car -1 -1 2.6511 853.4421 177.6803 1242.0000 375.0000 1.5001 4.1750 1.6985 4.0337 1.5643 7.4473 3.1301 0.4434
Car -1 -1 -0.4435 514.6143 180.3964 569.7004 209.1365 1.5381 3.6003 1.7900 -3.9939 1.9950 41.6680 -0.5390 0.3738
Car -1 -1 3.1912 425.4005 174.3143 462.5818 206.0571 1.5405 3.3969 1.6894 -8.5038 1.6194 37.0000 2.9664 0.2474
Car -1 -1 -0.2558 672.6309 174.6877 733.9828 214.1293 1.5267 3.8739 1.5924 3.7795 1.6089 30.1409 -0.1329 0.2233
Car -1 -1 0.8978 1003.3398 149.2782 1242.0000 298.7993 1.6549 3.3652 1.6773 6.9181 1.3943 8.8668 1.5439 0.2070
