Pedestrian -1 -1 -0.1856 658.1987 168.1129 686.0678 230.3509 1.8221 0.8474 0.6822 1.8043 1.6837 21.5783 -0.1041 0.3209
Pedestrian -1 -1 3.2318 148.1340 102.2273 251.6450 343.2190 1.8134 0.8459 0.6566 -3.3999 1.2823 5.9455 2.7308 0.2520
Pedestrian -1 -1 2.6060 992.2319 158.4115 1013.5178 196.7833 1.8405 0.7381 0.6140 19.0080 1.1481 34.9868 3.0999 0.2365
Pedestrian -1 -1 1.8008 635.4045 148.0333 683.1169 234.9037 1.8817 0.9668 0.5116 1.0467 1.3444 16.0113 1.8641 0.2199
Pedestrian -1 -1 3.0290 492.4888 135.6049 528.8979 234.0599 1.8883 0.7382 0.6329 -2.0228 1.1742 14.2720 2.8901 0.2033
Pedestrian -1 -1 -2.2470 917.0761 175.1449 932.9915 198.6005 1.7867 0.8999 0.6707 24.2001 1.9647 55.4885 -1.8380 0.1939
Pedestrian -1 -1 2.0099 60.1358 190.9943 201.1661 375.0000 1.6644 0.8710 0.6525 -4.3797 1.8394 6.5617 1.4393 0.1794
Pedestrian -1 -1 0.0575 780.7608 152.6777 807.6949 225.0647 1.8036 0.7765 0.6286 4.6654 1.3013 18.4394 0.3009 0.1703
Pedestrian -1 -1 0.9903 1178.4614 177.9231 1242.0000 301.3820 1.6997 0.8480 0.6637 8.7748 1.7753 10.3374 1.6793 0.1662
Pedestrian -1 -1 -3.2047 703.6633 165.3975 731.8456 237.3477 1.8272 0.7675 0.6717 2.7411 1.6382 18.7297 -3.0625 0.1576
Cyclist -1 -1 -3.0266 773.7692 154.9110 808.7171 225.6345 1.7176 1.7603 0.6807 4.6072 1.2822 18.4638 -2.7864 0.2173
Cyclist -1 -1 -0.7227 910.0283 155.2516 949.3657 194.2022 1.7663 1.8335 0.6145 14.8655 0.9685 33.6845 -0.3105 0.1952
Cyclist -1 -1 -0.9748 14.8408 139.0260 269.8760 361.5595 1.7295 1.7311 0.6052 -3.8614 1.4670 5.9415 -1.5314 0.1926
Cyclist -1 -1 -0.5852 910.4578 174.8806 933.0079 198.4155 1.7685 1.9283 0.6231 23.8940 1.9273 55.3948 -0.1804 0.1848
Cyclist -1 -1 -0.8029 955.0533 162.3541 991.6489 198.1347 1.8018 1.7733 0.5875 18.7122 1.2734 37.2665 -0.3410 0.1635
Cyclist -1 -1 -2.2498 937.3325 187.2607 994.0074 240.4493 1.8476 1.7703 0.7191 12.7231 2.3763 25.9095 -1.7987 0.1595
Car -1 -1 -1.6108 1053.0198 192.0058 1105.9779 232.1642 1.5026 1.7306 4.1156 20.2592 2.3931 31.3195 -1.0416 0.3533
Car -1 -1 -2.1308 1188.8969 178.9374 1242.0000 357.4855 1.5415 1.6637 4.0960 8.9141 1.6324 8.5584 -1.3427 0.2927
Car -1 -1 -0.1925 1166.4492 164.5471 1242.0000 233.5921 1.5649 3.9376 1.6198 15.5936 1.3770 18.4666 0.5006 0.2233
Car -1 -1 0.8655 995.1226 182.2816 1047.7925 203.0410 1.5046 2.8375 2.0183 31.1397 2.2361 54.6968 1.3803 0.2105
Car -1 -1 -0.1094 914.1055 173.3232 941.4738 193.1942 1.5610 3.7061 1.6329 25.8306 1.6009 58.7863 0.3024 0.1672
Car -1 -1 0.3620 1169.0505 172.9355 1242.0000 200.6261 1.5110 1.7812 3.5112 34.4882 1.5163 41.3481 1.0533 0.1628
Car -1 -1 0.8008 1090.8813 187.6999 1157.0406 211.4342 1.5489 3.3676 1.8695 35.3785 2.5972 49.7483 1.4156 0.1548
