Pedestrian -1 -1 2.1587 1112.2078 163.6547 1212.9706 282.1570 1.7227 0.9989 0.7175 8.4087 1.5893 11.0778 2.7946 0.7542
Pedestrian -1 -1 0.5888 511.9310 174.0621 536.3847 221.1276 1.7510 0.7067 0.6344 -3.2912 1.7978 27.3225 0.4694 0.5368
Pedestrian -1 -1 2.7161 791.6876 176.2577 823.8081 224.1753 1.6395 0.8920 0.7831 6.8708 1.7614 25.2600 2.9780 0.4168
Pedestrian -1 -1 2.8857 472.2083 178.3657 504.3503 234.1008 1.7072 0.7737 0.8288 -3.8842 1.8852 22.7253 2.7176 0.3013
Cyclist -1 -1 1.2575 773.2802 178.0711 839.0478 227.9485 1.7164 2.0595 0.8971 6.8537 1.9043 25.4356 1.5170 0.4680
Car -1 -1 -1.6192 601.6787 180.8966 678.1426 248.9780 1.4747 1.6847 3.6848 0.5972 1.6955 17.9207 -1.5874 0.7011
Car -1 -1 -0.0613 661.2475 175.0883 702.2983 209.9419 1.5117 3.9755 1.6409 3.2423 1.6222 33.5639 0.0336 0.6340
Car -1 -1 3.1904 439.3920 178.4992 465.5698 202.1416 1.6084 4.0068 1.6560 -11.3871 2.0337 52.2047 2.9764 0.6187
Car -1 -1 1.4155 343.6489 181.7772 400.2787 216.8721 1.5565 2.1526 2.9871 -11.5345 2.0091 34.7440 1.0968 0.5929
Car -1 -1 3.0761 494.3989 178.8327 532.7365 212.7886 1.5674 3.5088 1.6545 -4.8709 1.8804 35.8498 2.9416 0.4070
Car -1 -1 2.5708 515.9800 179.2953 565.9282 202.9928 1.5419 3.7622 1.6767 -4.8498 2.0066 50.0250 2.4742 0.4000
Car -1 -1 -1.4148 587.4698 180.1248 642.7965 221.8293 1.5212 1.6639 3.7396 0.2296 1.8336 28.9863 -1.4076 0.3683
Car -1 -1 -3.4235 1147.6648 179.0598 1242.0000 236.2964 1.5495 3.9006 1.6787 18.0414 1.7584 22.1144 -2.7462 0.3506
Car -1 -1 -0.0564 557.9107 179.0451 579.5793 197.5395 1.5446 4.0039 1.6821 -3.6938 2.1097 63.7375 -0.1145 0.3299
Car -1 -1 3.3086 397.0145 182.2505 427.9064 203.6914 1.5088 3.6864 1.6539 -14.8706 2.2421 54.3665 3.0425 0.3003
