Pedestrian -1 -1 1.4874 663.1284 156.2232 747.0638 306.6706 1.7454 0.9473 0.6409 1.1400 1.4654 8.5397 1.6171 0.7989
Pedestrian -1 -1 1.3759 54.6988 188.5381 101.0719 250.1790 1.7126 0.9502 0.7502 -15.2428 1.9530 20.3997 0.7431 0.3797
Pedestrian -1 -1 2.3104 832.0079 173.2958 877.0713 242.3838 1.6943 0.7628 0.7559 6.2596 1.5193 17.8505 2.6437 0.3242
Pedestrian -1 -1 -1.6812 1124.7617 189.3007 1224.0000 370.0000 1.6723 0.6911 0.7081 4.3481 1.7466 5.3477 -1.0257 0.3149
Pedestrian -1 -1 2.9210 10.8319 173.2490 70.9063 263.2924 1.7485 0.8842 0.7835 -11.4606 1.6093 14.3078 2.2582 0.2974
Pedestrian -1 -1 2.6930 641.4655 163.8443 698.7360 262.5055 1.7417 0.8682 0.7445 1.1441 1.4493 13.0144 2.7803 0.2961
Pedestrian -1 -1 2.8502 516.5901 164.2217 567.3335 262.8183 1.7353 0.8767 0.7051 -1.2110 1.4505 12.9772 2.7612 0.2726
Pedestrian -1 -1 1.1242 970.6730 187.1089 1132.0164 370.0000 1.6416 0.7920 0.7094 3.2784 1.6969 5.3427 1.6502 0.2427
Pedestrian -1 -1 -0.8141 993.6661 168.0640 1069.4011 276.1603 1.7629 0.8763 0.6782 7.2052 1.5617 12.0419 -0.2850 0.2218
Pedestrian -1 -1 2.9952 252.9778 166.4456 306.0747 260.4583 1.7370 0.9110 0.8136 -6.3400 1.4790 13.6617 2.5713 0.1861
Pedestrian -1 -1 2.2687 603.2773 166.7494 658.0293 254.0348 1.7444 0.8771 0.7234 0.4908 1.4712 14.6876 2.3031 0.1797
Pedestrian -1 -1 0.9593 811.6827 167.1830 871.1558 257.4774 1.7313 0.9390 0.6038 4.6268 1.4776 13.9778 1.2738 0.1626
Pedestrian -1 -1 -0.8578 737.0701 162.2617 794.0844 253.4864 1.7702 0.8755 0.7035 3.1958 1.4179 14.2762 -0.6406 0.1526
Cyclist -1 -1 0.0411 251.3399 167.9040 302.2397 264.4569 1.7389 1.7817 0.8076 -6.3720 1.5137 13.7058 -0.3835 0.2991
Cyclist -1 -1 -0.4542 643.0665 165.6175 717.3267 266.1989 1.7238 1.7945 0.6304 1.3079 1.4704 13.0634 -0.3551 0.2354
Cyclist -1 -1 -1.5611 557.0315 145.0857 632.9957 218.6010 1.8171 1.8780 0.6314 -0.2857 0.9434 17.7911 -1.5748 0.2341
Cyclist -1 -1 -0.0845 519.5245 162.7226 561.3334 266.9610 1.7746 1.8365 0.6080 -1.2555 1.4736 12.9897 -0.1768 0.2110
Cyclist -1 -1 -0.9888 1124.1193 142.5168 1224.0000 253.8939 1.7772 1.8703 0.5922 10.1150 1.1728 12.2582 -0.3100 0.1932
Cyclist -1 -1 -0.7507 0.0000 171.5824 94.7885 261.4505 1.7658 1.8249 0.6119 -11.4519 1.5922 14.3336 -1.4123 0.1820
Cyclist -1 -1 1.9644 247.7444 176.1690 386.9334 287.1292 1.6867 1.9039 0.7057 -4.5361 1.6225 11.1126 1.5885 0.1763
Cyclist -1 -1 -3.5079 858.2725 171.1688 934.9305 292.9607 1.6454 1.7602 0.4165 4.2086 1.5210 10.4293 -3.1331 0.1694
Cyclist -1 -1 1.2664 681.4889 160.3994 758.0842 230.1057 1.7324 1.8110 0.6669 2.8802 1.2345 18.0298 1.4239 0.1598
Cyclist -1 -1 2.6257 823.8784 170.7186 882.4446 240.7705 1.6810 1.7268 0.6143 6.2027 1.4479 17.8670 2.9560 0.1548
Car -1 -1 -2.3040 1146.3290 184.2125 1224.0000 370.0000 1.5498 1.6764 3.9135 6.5255 1.5921 5.7059 -1.4775 0.2421
Car -1 -1 0.1551 38.1048 188.4037 114.8901 234.5556 1.5206 3.7067 1.6838 -19.3690 1.8357 26.0196 -0.4774 0.2417
Car -1 -1 2.4925 555.6478 172.5039 605.2194 194.6349 1.5553 3.7738 1.6831 -1.8218 0.9947 51.6804 2.4592 0.1542
