Cyclist -1 -1 -0.2354 606.4048 174.9597 619.7889 199.2735 1.7288 1.7392 0.5791 0.1897 1.8847 52.3723 -0.2323 0.3205
Cyclist -1 -1 -1.3214 486.0103 155.6377 573.8781 240.5403 1.8234 1.8332 0.6138 -1.8062 1.4540 15.9229 -1.4333 0.2836
Car -1 -1 0.0267 411.6015 176.3953 465.4198 225.8498 1.5038 3.5361 1.6247 -5.7169 1.6318 24.1057 -0.2042 0.7008
Car -1 -1 1.8723 168.6559 185.4492 309.3820 263.0160 1.5722 1.8999 3.9205 -8.7865 1.9125 17.3866 1.4101 0.6351
Car -1 -1 -1.9483 820.2153 167.8697 933.9669 230.6634 1.5285 1.5937 3.6592 6.9991 1.4075 19.4179 -1.6077 0.5937
Car -1 -1 -1.8527 736.6446 170.6003 848.2296 238.6383 1.5983 1.7203 4.1454 4.6145 1.5457 19.0587 -1.6194 0.5937
Car -1 -1 3.5704 16.0670 178.1122 176.9165 254.2730 1.5689 3.6784 1.6947 -11.9959 1.7081 17.0903 2.9655 0.5756
Car -1 -1 -0.4174 552.3251 173.3670 616.5163 207.8440 1.5890 3.7092 1.7854 -1.3489 1.6160 35.3716 -0.4557 0.4915
Car -1 -1 -2.1267 912.7549 175.6321 1063.9016 241.0130 1.5203 1.7385 3.7708 9.6728 1.6009 18.8966 -1.6605 0.4724
Car -1 -1 -0.2481 618.8085 167.0842 661.6834 195.1070 1.6961 3.9057 1.8030 1.8354 1.3472 45.7649 -0.2087 0.3777
Car -1 -1 -0.7111 997.6496 147.6853 1242.0000 254.8468 1.7370 1.6021 3.8314 9.0749 1.3294 12.6834 -0.1014 0.3404
