Pedestrian -1 -1 2.5371 753.3375 168.7344 788.0978 225.4802 1.7712 0.8383 0.7307 5.3752 1.3739 22.9444 2.7594 0.5747
Pedestrian -1 -1 1.4920 698.8292 166.4594 742.7602 246.0684 1.7889 0.9316 0.7889 2.7046 1.4521 16.5675 1.6459 0.4965
Pedestrian -1 -1 2.8807 531.6589 176.1339 544.6681 205.1221 1.7203 0.7067 0.6124 -3.7926 1.4026 43.0653 2.7883 0.4816
Pedestrian -1 -1 3.1589 499.8416 184.6316 530.5581 242.9365 1.6591 0.9031 0.8723 -2.5430 1.7539 20.9866 3.0344 0.3470
Pedestrian -1 -1 2.8734 521.3587 176.5096 535.7499 206.2063 1.7003 0.7879 0.6401 -4.2236 1.4154 41.6095 2.7678 0.3343
Pedestrian -1 -1 -2.6159 1136.0897 117.6009 1238.0000 343.9493 1.9312 0.7440 0.8401 5.5937 1.3874 6.6525 -1.9414 0.3267
Pedestrian -1 -1 2.2418 776.5735 167.5116 815.8759 230.8324 1.7226 0.7849 0.7167 5.4094 1.3432 20.0682 2.4965 0.2308
Pedestrian -1 -1 2.6393 565.5110 177.6432 575.8438 197.5647 1.7508 0.5948 0.7145 -2.6897 1.4123 63.5684 2.5922 0.2283
Pedestrian -1 -1 -2.2116 767.5734 170.8034 804.3539 231.5917 1.7362 0.7697 0.7067 5.3587 1.4318 20.9891 -1.9699 0.2184
Cyclist -1 -1 -3.2420 671.3149 179.1112 690.5955 228.3747 1.6603 1.8520 0.4706 2.7469 1.5808 25.1328 -3.1396 0.4398
Cyclist -1 -1 -3.2468 684.7607 169.3695 711.4838 231.1070 1.7108 1.7925 0.5638 2.7544 1.3758 20.8046 -3.1221 0.4112
Cyclist -1 -1 0.1465 367.4607 183.9028 460.6640 355.9472 1.6877 1.7750 0.7506 -2.0736 1.7188 7.9917 -0.1059 0.3458
Cyclist -1 -1 0.0575 501.0583 188.3436 527.5828 247.5130 1.6435 1.5781 0.6881 -2.5550 1.8519 20.9478 -0.0679 0.3400
Cyclist -1 -1 -0.1579 572.1834 179.3553 583.1585 200.9480 1.6514 1.5686 0.6036 -1.8288 1.4879 55.7618 -0.1956 0.2977
Cyclist -1 -1 -0.3477 637.0961 180.7052 653.9553 206.7906 1.7588 1.6918 0.6060 3.0315 1.7059 49.3289 -0.2917 0.2921
Cyclist -1 -1 -0.6623 1110.7275 118.7089 1238.0000 327.1599 1.7619 1.6067 0.4333 5.6130 1.2326 6.8727 -0.0013 0.2871
Cyclist -1 -1 1.8355 544.9365 181.4620 581.9920 212.6172 1.7747 1.9775 0.8972 -2.1901 1.7734 41.5595 1.7780 0.2646
Cyclist -1 -1 2.7972 751.1221 168.7826 790.7448 226.1488 1.7622 1.7992 0.6485 5.3770 1.3727 22.9964 3.0191 0.2605
Cyclist -1 -1 1.8325 716.3945 171.5483 755.9560 205.5299 1.7306 1.9035 0.7025 6.9899 1.2247 37.3041 2.0113 0.2575
Cyclist -1 -1 -0.4101 686.0267 166.2259 742.9131 246.7697 1.7601 1.7646 0.6319 2.5512 1.4276 16.6297 -0.2657 0.2543
Cyclist -1 -1 -0.2920 773.2026 165.8259 813.0546 228.6787 1.7040 1.8068 0.5778 5.3863 1.2802 20.3868 -0.0421 0.2481
Car -1 -1 -0.1784 648.6497 174.7310 691.1740 205.3354 1.5572 3.6161 1.6201 3.6078 1.2136 38.4203 -0.0905 0.6047
Car -1 -1 1.7679 288.5987 169.4761 497.9888 325.5612 1.6820 1.9164 3.9907 -2.5836 1.5538 9.7878 1.5104 0.5479
Car -1 -1 -0.9978 0.0000 122.9078 355.2705 374.0000 1.6619 1.6938 4.0135 -2.7615 1.5310 3.6646 -1.6172 0.5340
Car -1 -1 -0.3701 376.5343 166.6489 458.2373 213.1182 1.5568 3.5660 1.6708 -6.7377 1.0603 25.9969 -0.6263 0.2445
