Pedestrian -1 -1 -0.4012 492.0221 143.0158 579.2293 322.0207 1.7876 0.8588 0.6462 -0.8092 1.4150 7.5878 -0.5011 0.8246
Pedestrian -1 -1 1.0788 696.4740 152.7495 808.4432 331.6074 1.7382 0.9427 0.6376 1.4617 1.4702 7.3105 1.2698 0.7537
Pedestrian -1 -1 -0.3956 787.8152 154.8457 894.4348 337.4634 1.7342 0.8464 0.7461 2.3144 1.4923 7.1657 -0.0941 0.7356
Pedestrian -1 -1 0.7134 877.9493 164.9940 928.2915 234.7637 1.7053 0.9457 0.7294 7.4722 1.3279 17.8148 1.1059 0.7166
Pedestrian -1 -1 2.5635 898.0411 154.1014 1035.5177 351.3147 1.7500 0.9221 0.7887 3.3797 1.5174 6.7781 3.0094 0.6122
Pedestrian -1 -1 2.6938 603.9724 137.8245 650.7204 237.8855 1.8518 0.7812 0.6177 0.3783 1.0637 13.5627 2.7232 0.5602
Pedestrian -1 -1 2.3662 993.5406 150.1995 1132.3986 347.6977 1.7278 0.8863 0.6691 4.2486 1.4644 6.6882 2.9127 0.5417
Pedestrian -1 -1 -0.1655 485.8217 132.8469 530.6158 237.0126 1.8718 0.9070 0.6914 -1.8661 1.0171 13.2357 -0.3001 0.5364
Pedestrian -1 -1 2.7561 557.1602 148.9270 638.5842 307.2965 1.7929 0.8239 0.7218 -0.1491 1.4371 8.5194 2.7412 0.5034
Pedestrian -1 -1 -0.6279 649.1262 142.2808 729.0925 284.9545 1.7794 0.8371 0.6869 1.0532 1.3045 9.3471 -0.5174 0.3937
Pedestrian -1 -1 2.6442 653.9882 138.8352 701.3486 237.8809 1.8531 0.6576 0.6774 1.3558 1.0752 13.6583 2.7429 0.3571
Pedestrian -1 -1 -0.0606 247.9955 144.6431 295.1223 260.0654 1.8133 0.7954 0.6594 -5.5291 1.2517 11.6094 -0.4925 0.2953
Pedestrian -1 -1 1.4156 283.2917 174.4897 356.4374 302.8260 1.6771 0.8453 0.6722 -3.9811 1.6003 9.7387 1.0405 0.2547
Pedestrian -1 -1 2.8848 560.4334 148.2047 605.6248 249.9073 1.8601 0.7113 0.6952 -0.4663 1.2711 13.3666 2.8527 0.2518
Pedestrian -1 -1 3.1499 243.6462 163.2899 262.9925 213.5084 1.7797 0.6899 0.6159 -12.7056 1.1713 25.4968 2.6944 0.2461
Pedestrian -1 -1 0.3968 1027.5148 131.7406 1224.0000 370.0000 1.7197 0.7309 0.6863 2.1304 1.5658 2.7367 1.0067 0.2385
Cyclist -1 -1 2.0255 206.6184 172.9614 374.1858 297.7884 1.7050 2.0514 0.7924 -4.5017 1.6037 10.0981 1.6194 0.3356
Cyclist -1 -1 0.2000 299.2474 151.4194 357.2236 259.6725 1.8101 1.8994 0.5977 -5.0171 1.3255 12.8035 -0.1632 0.2751
Car -1 -1 3.3842 0.0000 115.7869 305.9303 370.0000 1.6782 3.7823 1.7507 -3.1611 1.4386 4.7022 2.8249 0.5212
Car -1 -1 2.1528 424.6140 174.6867 511.7981 207.0870 1.5211 3.8604 1.7934 -6.7356 1.2496 34.7578 1.9648 0.4084
Car -1 -1 2.1925 428.4247 172.0930 506.5490 203.7137 1.6587 3.9535 1.6907 -7.5375 1.2191 38.6807 2.0033 0.3577
Car -1 -1 1.8071 411.2904 173.8002 516.0660 212.6813 1.5373 3.9021 1.7302 -5.7429 1.2739 28.9015 1.6148 0.2757
Car -1 -1 1.9860 413.7708 175.0024 511.7693 210.5554 1.5143 3.8615 1.8300 -6.3097 1.2816 31.4261 1.7915 0.2742
