Pedestrian -1 -1 2.5318 734.5234 177.7606 782.6528 248.1703 1.6756 0.9294 0.7686 3.6141 1.8011 17.8289 2.7276 0.5992
Pedestrian -1 -1 -0.4894 914.1584 188.2267 1016.2605 326.2692 1.6045 0.8083 0.8429 4.3038 1.8037 8.9048 -0.0533 0.4659
Pedestrian -1 -1 3.2679 331.0700 134.9821 373.4310 239.9578 1.8324 0.8108 0.6228 -4.7026 1.1717 13.0545 2.9282 0.4190
Cyclist -1 -1 0.4523 323.6955 180.9210 347.5692 210.5984 1.6784 1.8310 0.5623 -16.0863 2.1616 42.2504 0.0902 0.3937
Car -1 -1 -2.2860 963.7333 181.5620 1242.0000 375.0000 1.5279 1.6072 3.7428 3.9958 1.6073 4.6436 -1.6073 0.7151
Car -1 -1 -1.6366 585.9141 181.1209 641.4719 230.8675 1.4996 1.6073 3.7148 0.0100 1.8001 24.2879 -1.6370 0.6978
Car -1 -1 -0.5815 927.1659 183.1585 1129.4863 255.0141 1.4941 1.5369 3.6933 9.2287 1.7380 16.1549 -0.0711 0.6081
Car -1 -1 -1.6373 371.6143 183.4265 458.2163 258.3401 1.4631 1.6761 3.3132 -4.5751 1.7314 16.4480 -1.9051 0.5070
Car -1 -1 -1.7771 156.7265 180.0677 359.3891 336.3916 1.5396 1.6145 3.4852 -4.6392 1.6501 9.1455 -2.2356 0.4962
Car -1 -1 1.6244 0.0000 184.3083 172.7445 375.0000 1.5152 1.5843 3.5860 -4.8432 1.6450 6.2203 0.9831 0.4818
Car -1 -1 -2.3081 435.5924 177.3181 528.7186 221.2630 1.5387 2.0499 2.9041 -4.8866 1.7185 27.3053 -2.4841 0.4812
Car -1 -1 0.4193 250.5532 178.0765 324.8012 214.6893 1.5349 3.5042 1.7731 -14.4706 1.7833 32.5023 0.0031 0.4678
Car -1 -1 3.4698 131.1987 177.4062 282.8068 263.1167 1.5505 3.4258 1.7177 -8.2803 1.6576 15.0765 2.9746 0.4416
Car -1 -1 -0.8470 459.1681 170.7783 555.1985 217.5813 1.8248 3.7327 1.7175 -4.3189 1.7442 29.8713 -0.9899 0.4144
Car -1 -1 1.8941 0.0000 189.8907 143.5269 331.7034 1.5193 1.7080 3.5283 -8.0920 1.8051 10.1425 1.2333 0.3867
