Pedestrian -1 -1 -0.5676 811.5261 161.7674 831.9777 199.3503 1.8398 0.8734 0.5964 10.4707 1.2974 35.8213 -0.2858 0.2838
Pedestrian -1 -1 0.1113 216.3506 158.1936 237.8494 209.0710 1.8529 0.8178 0.6160 -14.2426 1.3193 26.7679 -0.3738 0.2334
Pedestrian -1 -1 1.7595 786.3603 160.3208 800.6725 189.7780 1.9219 0.8058 0.6601 12.0632 1.1045 47.5426 2.0062 0.2260
Pedestrian -1 -1 -3.5517 975.4590 138.2047 1017.4286 223.1823 1.8203 0.8549 0.5099 8.4528 1.0784 15.8973 -3.0709 0.1951
Pedestrian -1 -1 3.0381 386.3211 163.3278 400.4765 197.5582 1.9116 0.7729 0.6904 -12.2801 1.3800 40.7809 2.7471 0.1715
Cyclist -1 -1 2.0791 1063.4352 158.3445 1109.5760 194.2333 1.7773 1.8959 0.6170 24.1863 1.0591 36.7112 2.6578 0.2718
Cyclist -1 -1 -0.5110 741.3866 177.4593 761.1253 201.5484 1.7412 1.7824 0.6421 10.4290 2.0888 53.4596 -0.3198 0.2086
Cyclist -1 -1 0.3882 0.0000 182.3642 36.5104 226.7706 1.7673 1.9443 0.5547 -24.7971 2.1785 30.1564 -0.2958 0.2032
Cyclist -1 -1 3.1733 387.6038 166.3865 399.7723 199.6100 1.8435 1.8943 0.6026 -12.3269 1.4850 41.0270 2.8829 0.1676
Cyclist -1 -1 -1.4560 289.1154 169.1652 322.4062 197.8203 1.7671 1.8554 0.6323 -19.0184 1.5400 45.0557 -1.8536 0.1668
Car -1 -1 -0.9804 126.0555 183.5316 226.5149 216.6707 1.4957 3.7346 1.7571 -20.5246 2.0162 34.1679 -1.5182 0.4984
Car -1 -1 2.7003 725.4045 174.5749 766.4554 195.7183 1.5503 3.6923 1.6613 10.3335 1.6872 55.2254 2.8839 0.2757
Car -1 -1 -2.3085 289.4041 182.3378 375.4547 215.4897 1.5163 3.9674 1.6493 -13.9453 2.0228 36.3663 -2.6726 0.2445
Car -1 -1 2.4660 798.6025 176.2765 852.9116 199.0256 1.5302 3.7589 1.7107 15.2339 1.7833 51.2164 2.7531 0.2281
Car -1 -1 -0.3034 405.5876 172.9713 438.6655 192.8112 1.6143 3.6990 1.6643 -15.8642 1.6248 60.7378 -0.5581 0.2227
Car -1 -1 1.9131 244.2142 183.9773 343.0241 218.7140 1.5054 3.7801 1.6622 -14.3738 2.0268 32.8368 1.5032 0.2148
Car -1 -1 -1.9241 800.2870 176.5572 846.9677 193.9890 1.4712 3.4817 1.7208 18.3952 1.7962 62.2825 -1.6386 0.1763
Car -1 -1 -0.1297 287.1875 171.6145 322.7807 197.1856 1.5769 3.6207 1.6586 -19.7066 1.5008 46.4734 -0.5289 0.1751
Car -1 -1 -0.0532 604.9401 177.3075 626.0967 194.9037 1.5001 3.7430 1.6846 0.4451 1.9096 64.3831 -0.0467 0.1679
Car -1 -1 0.6791 203.0905 181.9911 281.5726 213.3807 1.4874 3.6375 1.7015 -18.9492 1.9847 37.2825 0.2115 0.1655
