Pedestrian -1 -1 1.8130 504.7595 202.6896 536.7741 254.4333 1.6730 0.9131 0.7625 -3.0380 2.6944 24.2570 1.6887 0.1508
Pedestrian -1 -1 0.9546 683.8032 167.7149 766.2758 298.3271 1.6953 0.9037 0.6494 1.5133 1.6290 9.8569 1.1010 0.1434
Pedestrian -1 -1 -1.4566 525.6153 172.2723 538.4996 200.8438 1.7928 0.7380 0.6786 -4.9565 1.7566 45.6132 -1.5646 0.1403
Cyclist -1 -1 3.1275 513.8249 197.1868 530.2170 251.1904 1.7220 1.5307 0.5278 -3.0426 2.5760 24.5147 3.0044 0.2455
Cyclist -1 -1 -0.1721 644.3322 167.4470 686.9666 259.7756 1.7815 1.8053 0.5600 1.0688 1.6775 14.8460 -0.1028 0.1851
Cyclist -1 -1 -0.1748 602.3984 170.9225 629.8266 224.9803 1.7330 1.9189 0.5852 0.1422 1.6715 24.1241 -0.1697 0.1818
Cyclist -1 -1 2.9399 567.6842 178.9605 578.8475 198.8644 1.7877 2.0058 0.6363 -3.4118 2.3598 66.4985 2.8884 0.1710
Cyclist -1 -1 0.0070 447.9622 174.6230 461.7043 214.7877 1.7025 1.8883 0.5723 -6.8409 1.7829 31.6518 -0.2046 0.1683
Cyclist -1 -1 -0.1613 588.3123 186.5513 604.3066 221.2380 1.7167 1.6854 0.5591 -0.7531 2.4416 37.2817 -0.1821 0.1582
Cyclist -1 -1 3.0232 573.1418 185.8931 582.5609 210.3537 1.7439 1.7609 0.4880 -2.4084 2.7243 53.3172 2.9776 0.1484
Cyclist -1 -1 -0.2925 522.6968 173.3026 540.0397 200.7659 1.7012 1.7188 0.6193 -5.0134 1.7305 45.6339 -0.4017 0.1449
Cyclist -1 -1 -0.1669 579.8239 189.0986 595.3383 218.4629 1.7714 1.7428 0.6941 -1.4534 2.8163 45.4685 -0.1994 0.1391
Cyclist -1 -1 2.9171 567.2914 177.8534 580.7830 201.1538 1.7427 1.8807 0.6290 -2.7940 2.1337 55.3791 2.8665 0.1357
Cyclist -1 -1 -0.1573 643.1362 183.2632 672.9224 260.6593 1.6767 1.7605 0.4084 1.0489 1.9319 16.7653 -0.0971 0.1336
Car -1 -1 1.5900 442.5253 195.1853 513.6491 266.1349 1.4861 1.6067 3.9974 -3.3903 2.1252 18.5346 1.4107 0.6352
Car -1 -1 1.6639 476.5901 193.2964 532.7319 240.8658 1.4604 1.6320 3.8155 -3.7307 2.2460 25.7679 1.5208 0.5384
Car -1 -1 2.7943 549.2470 181.9671 579.6948 199.3522 1.5343 3.3966 1.7945 -4.3096 2.4127 67.6004 2.7304 0.2619
Car -1 -1 0.2004 525.3748 173.0448 562.8769 199.9681 1.6749 3.8974 1.6885 -4.2693 1.6882 46.9433 0.1098 0.2296
Car -1 -1 -1.9485 604.6943 180.3603 697.3175 233.2595 1.5493 1.7441 3.8165 1.2101 1.8191 23.8098 -1.8991 0.1968
Car -1 -1 2.9215 579.1261 180.3502 627.5409 211.9158 1.5661 3.6806 1.8296 -0.4472 1.9899 38.7482 2.9094 0.1651
Car -1 -1 -1.7565 596.2409 183.3893 647.9742 219.3979 1.4961 1.6436 4.1386 0.4536 2.0164 33.4310 -1.7437 0.1527
Car -1 -1 -0.4212 549.2417 182.6998 603.8258 210.7887 1.5140 4.1047 1.6831 -2.0669 2.1265 42.6487 -0.4699 0.1325
