Pedestrian -1 -1 1.9401 1158.7767 140.9246 1201.3859 210.9049 1.8795 0.7286 0.6597 15.8940 0.7909 19.7721 2.6057 0.4301
Pedestrian -1 -1 1.9116 643.9632 173.3716 657.0571 198.8854 1.7313 0.7276 0.6307 3.3729 1.1804 49.1751 1.9747 0.4075
Cyclist -1 -1 2.7415 895.1283 159.4409 930.2933 206.4825 1.7769 1.8184 0.5810 12.1109 0.9447 28.0409 3.1408 0.3750
Cyclist -1 -1 2.3198 17.7925 188.2880 141.0312 277.5831 1.7048 1.9539 0.8210 -10.4217 1.8463 14.3186 1.6938 0.2476
Cyclist -1 -1 -0.5153 905.8094 166.7915 933.4805 199.6443 1.6701 1.6209 0.5812 16.5266 0.9232 37.3509 -0.1064 0.2432
Cyclist -1 -1 -0.1756 630.1902 173.1041 642.5663 190.5670 1.6424 1.8326 0.8621 3.3660 0.8531 68.5216 -0.1317 0.2363
Cyclist -1 -1 2.7406 733.2014 176.4400 748.3584 196.3312 1.7637 1.8301 0.6680 12.5685 1.3155 64.6567 2.9268 0.2243
Car -1 -1 -1.2461 144.3645 196.3802 423.0086 374.0000 1.4945 1.5806 3.5732 -3.1141 1.6938 7.7284 -1.6239 0.7102
Car -1 -1 -1.5307 510.1775 175.6505 588.3766 249.7612 1.6000 1.6883 3.8462 -1.2304 1.4750 17.4571 -1.6054 0.7100
Car -1 -1 3.2911 461.6522 175.2206 501.7870 205.5479 1.5293 3.5869 1.5939 -6.2920 1.2135 38.0280 3.1232 0.5825
Car -1 -1 -1.5419 505.8412 176.9906 562.4918 227.8253 1.5732 1.7509 3.7134 -2.2380 1.4347 24.1394 -1.6386 0.4432
Car -1 -1 -1.4805 597.1744 173.1142 646.6983 212.0530 1.5337 1.7933 3.3721 0.8965 1.2045 30.0693 -1.4560 0.4123
Car -1 -1 -2.9419 528.3746 167.6973 583.9990 206.1073 1.5950 3.8076 1.7544 -1.9500 1.0228 31.8298 -3.0077 0.3125
Car -1 -1 -1.2153 3.1794 176.9448 129.4001 216.1537 1.5644 3.8765 1.7253 -22.2686 1.3837 30.0291 -1.8543 0.3075
Car -1 -1 3.5711 94.7779 149.5712 305.7901 265.5751 1.7877 4.2331 1.7365 -7.1139 1.2970 13.2331 3.0807 0.3039
