Pedestrian -1 -1 2.6013 743.7214 163.4573 774.5514 222.2887 1.8126 0.7358 0.6636 4.6384 1.5234 22.6852 2.7998 0.3156
Pedestrian -1 -1 2.9419 150.3185 184.7492 180.3922 235.7472 1.7250 0.7813 0.7562 -15.5767 2.1499 25.2009 2.3927 0.3064
Cyclist -1 -1 -1.0312 123.0667 168.4633 162.4760 201.1207 1.8188 1.8070 0.6004 -26.2605 1.5746 40.5108 -1.6035 0.3154
Car -1 -1 -1.7842 711.7047 180.2581 838.1368 268.6615 1.4954 1.6322 3.7838 3.0801 1.6632 14.4186 -1.5789 0.7939
Car -1 -1 -2.1057 842.8144 193.6670 1242.0000 375.0000 1.5110 1.6450 4.2794 2.8282 1.6981 4.3204 -1.5582 0.7334
Car -1 -1 2.9929 531.7137 181.0990 574.2197 212.6263 1.4964 3.6893 1.6506 -3.0303 1.9453 37.2653 2.9117 0.7281
Car -1 -1 -1.7715 675.4057 176.3278 770.0267 243.1192 1.5614 1.7361 3.5452 2.7876 1.6614 18.8732 -1.6280 0.7100
Car -1 -1 0.2696 331.9477 182.5091 391.7564 204.4359 1.5396 1.7160 3.7946 -18.0395 2.2553 52.4867 -0.0602 0.4327
Car -1 -1 -1.6777 652.4200 179.5337 698.4211 216.4580 1.5295 1.6469 3.8315 2.8481 1.8489 32.5178 -1.5918 0.3854
Car -1 -1 -1.8250 664.4175 176.7547 745.6273 231.6505 1.5639 1.6641 3.5570 2.8496 1.6971 22.6912 -1.7024 0.3819
Car -1 -1 -1.6795 423.3168 183.2943 468.5316 205.3408 1.5151 2.9918 2.1629 -11.9889 2.2973 52.5238 -1.9032 0.3757
Car -1 -1 -1.7536 643.5157 174.9416 688.7901 206.3391 1.5456 1.7181 3.5867 2.8397 1.6603 37.6406 -1.6795 0.3342
