Pedestrian -1 -1 -0.1134 362.7112 136.8674 425.7310 294.3062 1.8247 0.9508 0.6433 -2.7373 1.4079 8.9232 -0.4037 0.5372
Pedestrian -1 -1 1.6971 295.6471 143.4953 409.2818 344.8939 1.8444 0.9690 0.5777 -2.5207 1.5759 6.9882 1.3618 0.5207
Pedestrian -1 -1 2.7597 602.5109 171.6218 626.6580 214.9103 1.7644 0.8837 0.7237 0.1441 1.7146 29.9512 2.7638 0.5095
Pedestrian -1 -1 3.5216 44.2363 163.1311 77.4500 221.1485 1.8259 0.8399 0.5770 -17.6837 1.5203 23.1864 2.8754 0.2943
Pedestrian -1 -1 -1.0414 965.0074 158.6116 1002.0519 214.5200 1.8600 0.9113 0.6615 12.6678 1.3865 24.5641 -0.5705 0.2891
Pedestrian -1 -1 -1.1226 960.1907 166.5292 984.1949 202.1075 1.8088 0.8977 0.6908 18.6587 1.4876 37.2466 -0.6617 0.2705
Pedestrian -1 -1 -1.7888 1199.7394 168.2937 1225.1324 206.2820 1.7684 0.7915 0.6682 28.3960 1.5565 34.0640 -1.0985 0.2566
Pedestrian -1 -1 1.4038 186.9943 173.4156 213.2626 216.3457 1.8138 0.8868 0.6563 -17.6688 1.8387 31.0302 0.8896 0.2436
Pedestrian -1 -1 -0.6968 845.0460 165.4020 871.3813 209.0818 1.8176 0.9003 0.6195 10.4646 1.5078 30.5530 -0.3703 0.1913
Cyclist -1 -1 -0.2308 188.7251 173.3624 221.1880 215.8777 1.7736 1.7203 0.8499 -17.4758 1.7965 31.0416 -0.7401 0.2717
Cyclist -1 -1 -0.7215 2.1310 163.3404 48.7423 204.7735 1.8211 1.7434 0.6210 -26.0972 1.4033 32.1662 -1.3992 0.2373
Cyclist -1 -1 -3.7318 1104.3953 166.4267 1173.5714 241.7282 1.5887 1.5693 0.4220 11.6523 1.4535 16.0111 -3.1119 0.2183
Cyclist -1 -1 2.9731 603.6811 173.0000 625.8542 216.8999 1.7685 1.7976 0.6244 0.1439 1.7752 30.0090 2.9772 0.2101
Car -1 -1 -0.0651 218.8674 174.0399 248.9157 197.2990 1.5773 3.7141 1.6537 -26.7175 1.6651 51.1516 -0.5445 0.3597
Car -1 -1 2.0798 239.7939 177.1490 286.5870 193.9770 1.5236 3.4988 1.7457 -32.1054 1.9274 66.8043 1.6331 0.2925
Car -1 -1 -0.7615 757.1170 174.2446 828.6339 202.1031 1.6016 4.1872 1.8344 11.0469 1.6912 43.9802 -0.5174 0.2570
Car -1 -1 2.0245 243.1794 180.0559 294.4235 198.3431 1.5588 3.6303 1.8100 -29.8591 2.1989 63.1619 1.5843 0.2382
Car -1 -1 3.0442 587.4127 179.7536 622.2592 206.9654 1.5400 3.8005 1.7449 -0.3901 1.9783 43.8178 3.0349 0.2225
Car -1 -1 -1.9166 704.6664 178.8066 740.2684 198.1405 1.5350 1.7685 3.7762 9.3744 2.0516 60.5519 -1.7642 0.2223
Car -1 -1 -2.1139 727.8725 178.1959 773.1264 199.1988 1.4950 1.8308 3.4173 10.4977 1.9112 54.2528 -1.9242 0.2057
