Pedestrian -1 -1 -0.5134 757.5089 122.8973 810.2517 233.6498 1.9617 0.7288 0.6641 3.1256 1.0772 13.2211 -0.2867 0.2856
Cyclist -1 -1 2.7434 659.3969 178.0567 675.9895 199.8671 1.7482 1.8502 0.6931 4.7086 2.1833 59.2915 2.8218 0.2982
Car -1 -1 1.7538 347.5412 195.2124 465.7766 279.5255 1.4845 1.7816 3.8444 -4.3251 2.0344 15.7445 1.4891 0.7414
Car -1 -1 -1.2980 168.8713 189.4584 407.5314 364.4402 1.5456 1.5787 3.6510 -3.5917 1.7884 8.6335 -1.6824 0.6990
Car -1 -1 -1.9195 744.7874 150.2756 1006.4771 320.9835 1.7544 1.7654 4.1664 3.0868 1.5227 9.5338 -1.6164 0.6960
Car -1 -1 -0.9571 0.0000 199.1407 273.4939 375.0000 1.5073 1.6228 3.9297 -3.4637 1.7231 3.8865 -1.6518 0.6755
Car -1 -1 -2.3061 963.1057 201.5229 1242.0000 375.0000 1.4604 1.6021 3.8214 3.3866 1.6749 3.4708 -1.5755 0.6636
Car -1 -1 1.7328 476.9276 185.7134 528.3663 221.6430 1.6091 1.8733 4.2491 -5.3166 2.2889 35.9816 1.5866 0.6005
Car -1 -1 3.0328 454.7595 179.6813 486.8377 203.8279 1.5279 3.4134 1.7585 -9.4398 2.0062 48.6133 2.8416 0.3431
Car -1 -1 -3.1424 616.4825 182.2874 637.4183 201.3501 1.5241 3.8795 1.7302 1.4194 2.3553 61.5826 -3.1200 0.3101
Car -1 -1 -0.0563 400.1004 178.3067 433.2472 207.6551 1.5467 3.6606 1.6021 -10.9884 1.8700 40.7504 -0.3184 0.2751
