Pedestrian -1 -1 -0.4424 717.6373 147.9312 772.1469 249.3033 1.8371 0.8621 0.7026 2.4759 1.3858 13.5818 -0.2667 0.3190
Pedestrian -1 -1 3.2143 151.8562 175.7108 172.7180 222.6865 1.7896 0.7408 0.6346 -17.4224 1.9027 28.0175 2.6620 0.2843
Pedestrian -1 -1 2.1701 1027.9835 132.6072 1097.2728 236.5647 1.8078 0.8530 0.6366 8.1330 1.1083 13.0645 2.7166 0.2780
Pedestrian -1 -1 2.7869 120.0149 151.9604 187.0102 269.1344 1.8168 0.8386 0.6733 -7.4609 1.4932 11.7075 2.2296 0.2777
Pedestrian -1 -1 -1.7488 381.4504 176.4527 393.7951 199.1975 1.7934 0.8398 0.6446 -17.7543 2.0831 57.5210 -2.0472 0.2681
Cyclist -1 -1 0.1510 374.9009 186.7258 390.0213 217.0944 1.6469 1.5700 0.5836 -12.8613 2.4455 40.6973 -0.1536 0.3220
Car -1 -1 1.7925 373.9395 188.8069 495.1699 271.4049 1.5207 1.7465 4.0630 -3.7958 1.9223 16.1061 1.5638 0.7275
Car -1 -1 1.7008 457.4671 188.0943 517.7821 236.1366 1.4615 1.5901 3.6955 -4.2086 2.0298 25.0111 1.5351 0.7065
Car -1 -1 -1.8024 628.2469 175.6803 679.1989 208.8338 1.5790 1.8574 3.2629 2.1191 1.7290 36.4308 -1.7454 0.6387
Car -1 -1 3.4792 198.1853 195.0361 346.9074 279.3394 1.4187 3.6774 1.6454 -6.8914 1.9401 15.0432 3.0558 0.6365
Car -1 -1 1.3670 751.4903 172.1506 851.8448 211.3156 1.5534 3.6920 1.7482 7.7494 1.5259 29.5800 1.6203 0.5824
Car -1 -1 2.9717 439.9342 177.8851 469.5970 199.4786 1.5642 3.6978 1.6147 -11.9365 1.9637 55.2223 2.7594 0.3262
Car -1 -1 1.2219 736.0898 163.0824 832.8757 207.0269 1.9174 3.8800 1.7520 7.7947 1.4914 32.5747 1.4542 0.3088
Car -1 -1 -0.3849 392.5672 174.9858 442.8677 201.9656 1.6714 4.2229 1.7207 -12.6641 1.8179 47.2499 -0.6457 0.3048
