Pedestrian -1 -1 1.5310 1139.0234 152.8790 1167.3833 204.1400 1.8289 0.7933 0.6693 19.7035 1.1166 26.2407 2.1695 0.2245
Pedestrian -1 -1 -0.4915 1130.7810 158.7602 1169.8824 222.7493 1.8077 0.7408 0.6225 15.5135 1.4099 20.7912 0.1424 0.1886
Cyclist -1 -1 -0.4442 789.6883 181.1039 813.5917 216.7238 1.7165 1.5935 0.5114 9.5076 2.1378 35.9823 -0.1885 0.2823
Cyclist -1 -1 -0.7357 776.1444 183.0623 801.0683 210.4288 1.6938 1.7117 0.5353 11.3927 2.3602 46.1932 -0.4960 0.2706
Cyclist -1 -1 3.1354 458.5411 181.2657 469.5771 214.3152 1.7042 1.8069 0.5659 -7.8554 2.1659 38.6256 2.9356 0.2337
Cyclist -1 -1 3.2630 352.5641 173.0238 365.2446 200.2239 1.8250 1.9737 0.5853 -17.2295 1.8372 49.4479 2.9291 0.1931
Car -1 -1 -1.6117 547.9858 178.0841 609.8995 237.7218 1.5375 1.6135 3.6925 -1.0203 1.7029 20.8459 -1.6608 0.6892
Car -1 -1 3.0284 484.0319 180.5092 510.1060 199.8852 1.5459 4.0518 1.7440 -9.6756 2.2217 61.4750 2.8725 0.3594
Car -1 -1 3.0727 332.4322 181.8314 362.7430 206.8105 1.5489 3.7947 1.6489 -17.6245 2.1759 48.2937 2.7242 0.2617
Car -1 -1 0.4199 292.1069 181.1099 333.2419 201.5356 1.4988 3.6452 1.6188 -23.1681 2.1644 56.2832 0.0308 0.2550
Car -1 -1 3.1492 518.2555 174.2137 541.5614 196.3152 1.6281 4.1919 1.7180 -6.1807 1.7374 55.5909 3.0386 0.2542
Car -1 -1 -0.1485 235.5062 180.9014 265.4971 200.6074 1.5185 3.8872 1.6533 -29.6198 2.2039 59.3521 -0.6098 0.2464
Car -1 -1 3.0985 310.5481 178.6214 332.9156 197.7246 1.5550 3.6637 1.6277 -24.7917 2.0665 61.9441 2.7190 0.2402
Car -1 -1 3.5525 185.3722 178.7411 237.9142 204.5029 1.5858 3.7002 1.6646 -26.0254 1.9870 47.2070 3.0509 0.2133
Car -1 -1 2.8216 713.9441 183.8672 747.5594 203.6228 1.5172 3.3353 1.7514 9.8461 2.4482 59.1832 2.9851 0.2013
