Pedestrian -1 -1 -0.3061 773.4664 148.8117 873.9852 325.1550 1.8129 0.9799 0.7819 2.3187 1.4888 7.7635 -0.0251 0.7192
Pedestrian -1 -1 2.5155 832.4012 173.4700 877.5697 242.2741 1.6907 0.7566 0.7776 6.2654 1.5196 17.8438 2.8492 0.4039
Pedestrian -1 -1 1.2344 53.3889 193.9630 102.2528 257.5754 1.7560 0.9257 0.7845 -15.2215 2.1570 20.3718 0.6016 0.3912
Pedestrian -1 -1 1.4592 1123.8445 190.4829 1224.0000 370.0000 1.6706 0.6972 0.7066 4.3523 1.7549 5.3578 2.1144 0.3222
Pedestrian -1 -1 2.6493 641.1971 160.3201 697.7668 260.6699 1.7705 0.8491 0.7178 1.1327 1.4161 13.0014 2.7359 0.3073
Pedestrian -1 -1 2.9518 10.2074 175.0550 70.4714 264.1438 1.7273 0.8830 0.8081 -11.4639 1.6233 14.2980 2.2884 0.2887
Pedestrian -1 -1 2.9591 252.5881 166.6666 306.5691 261.1180 1.7470 0.8917 0.8051 -6.3411 1.4927 13.6683 2.5353 0.2839
Pedestrian -1 -1 2.8526 516.2930 164.7851 567.4253 262.6124 1.7234 0.8808 0.7140 -1.2142 1.4482 12.9917 2.7635 0.2444
Pedestrian -1 -1 1.0024 968.8254 189.8504 1134.3607 370.0000 1.6488 0.7929 0.7078 3.2751 1.7260 5.3275 1.5291 0.2311
Pedestrian -1 -1 -0.5804 749.0664 144.1962 809.2798 252.3552 1.8103 0.8380 0.6668 2.9838 1.2043 12.3367 -0.3470 0.2048
Pedestrian -1 -1 1.3728 995.3945 168.1409 1065.2803 273.7369 1.7294 0.9005 0.6565 7.1732 1.5287 12.0312 1.9005 0.1823
Pedestrian -1 -1 1.2959 556.5345 158.7773 611.9232 249.1981 1.8241 1.0248 0.6067 -0.4787 1.3875 14.7019 1.2658 0.1687
Pedestrian -1 -1 0.7556 1044.0217 190.5218 1117.7805 283.1287 1.6993 0.8759 0.7885 9.0725 1.9001 13.5595 1.3358 0.1601
Pedestrian -1 -1 -0.6788 730.2814 150.4100 785.0040 244.5115 1.8292 0.8625 0.6902 3.0333 1.2460 14.2804 -0.4722 0.1578
Pedestrian -1 -1 1.6302 608.0551 170.9934 654.4949 256.3046 1.7243 0.9253 0.7039 0.5144 1.5338 14.6801 1.6661 0.1575
Cyclist -1 -1 -0.0443 521.2639 164.0298 559.4223 267.6258 1.7650 1.8599 0.6132 -1.2569 1.4860 13.0042 -0.1366 0.2461
Cyclist -1 -1 -0.9909 1118.0516 144.0284 1224.0000 255.3839 1.7825 1.9262 0.6200 10.0913 1.2003 12.3244 -0.3157 0.2313
Cyclist -1 -1 -0.7850 0.0000 173.1697 96.6092 262.6770 1.7597 1.8256 0.6267 -11.4284 1.6172 14.3201 -1.4461 0.2216
Cyclist -1 -1 -1.5573 555.6577 150.4983 631.2256 223.2305 1.7994 1.8697 0.6329 -0.3244 1.0587 17.8058 -1.5732 0.2170
Cyclist -1 -1 1.7374 628.9953 162.1493 737.6499 260.1554 1.7290 1.9067 0.7127 1.4114 1.4069 13.0690 1.8442 0.2165
Cyclist -1 -1 1.8545 308.2580 177.0273 448.2902 285.5883 1.6431 1.9586 0.7569 -3.5652 1.5922 11.0918 1.5534 0.2105
Cyclist -1 -1 -2.0334 1021.4661 191.3799 1136.8059 285.6758 1.7412 1.7190 0.6831 9.0379 1.9588 13.5898 -1.4559 0.2002
Cyclist -1 -1 -0.0078 257.8989 166.9412 300.8386 262.2244 1.7231 1.7459 0.7139 -6.3616 1.4796 13.7237 -0.4313 0.1973
Cyclist -1 -1 1.4384 683.7684 160.7580 759.9026 230.9355 1.7563 1.8474 0.6221 2.9245 1.2638 18.0266 1.5982 0.1878
Cyclist -1 -1 -1.7141 581.2907 163.8341 670.7107 249.7441 1.7306 1.7835 0.5877 0.3814 1.3965 14.6330 -1.6868 0.1715
Cyclist -1 -1 2.6273 825.3820 171.2970 882.1062 241.5974 1.6902 1.6748 0.5959 6.2211 1.4705 17.8719 2.9584 0.1657
Cyclist -1 -1 0.8343 1080.8788 185.4110 1224.0000 370.0000 1.6081 1.7926 0.6049 5.4171 1.6576 6.5189 1.5055 0.1607
Car -1 -1 0.0537 48.1859 188.9093 111.9033 234.5478 1.5129 3.6366 1.6721 -19.3513 1.8490 26.1433 -0.5761 0.2333
Car -1 -1 -2.3003 1154.4529 184.1595 1224.0000 370.0000 1.5414 1.6789 3.8895 6.5603 1.5829 5.6642 -1.4677 0.1852
