Pedestrian -1 -1 -0.2279 717.8035 164.3794 749.5115 227.2841 1.8419 0.8634 0.7551 3.6432 1.5941 21.5797 -0.0636 0.6809
Pedestrian -1 -1 -0.2877 519.4202 158.2234 544.6910 212.6523 1.8369 0.9083 0.6338 -2.7389 1.3435 24.8901 -0.3966 0.4058
Pedestrian -1 -1 1.8331 1210.8577 146.6012 1242.0000 213.7661 1.8540 0.6648 0.6639 17.4559 1.1297 20.3773 2.5342 0.3259
Pedestrian -1 -1 1.9084 530.7870 177.5079 553.7438 216.7004 1.6759 0.8331 0.6272 -2.9808 1.8811 31.3512 1.8138 0.3179
Pedestrian -1 -1 -0.8088 1176.4241 139.8809 1242.0000 239.1381 1.8145 0.8168 0.6654 11.3210 1.2121 13.6347 -0.1267 0.2758
Pedestrian -1 -1 3.3263 25.5197 156.9216 79.5526 255.0470 1.8122 0.8638 0.6692 -10.7407 1.5183 13.8586 2.6761 0.2406
Cyclist -1 -1 -0.3896 754.6490 168.7197 797.9985 230.1289 1.7820 1.9224 0.5863 4.9827 1.6623 21.9315 -0.1699 0.2441
Car -1 -1 1.6693 389.8984 185.9497 466.6086 253.4077 1.4660 1.5240 3.6092 -4.5603 1.8331 18.3083 1.4279 0.7491
Car -1 -1 -1.9838 348.8375 183.8555 432.6852 228.4265 1.5552 1.6734 3.9980 -8.6849 2.0179 28.2539 -2.2799 0.6313
Car -1 -1 1.1760 626.3373 173.6370 698.1451 199.8108 1.5738 4.0716 1.8394 3.2144 1.6246 44.9939 1.2464 0.4842
Car -1 -1 -2.5551 506.8766 177.6936 571.6541 207.2143 1.5759 4.0559 1.7502 -4.0352 1.8689 41.4371 -2.6521 0.3945
Car -1 -1 1.9312 468.9458 177.7722 518.8374 196.9321 1.6067 3.8895 1.7600 -10.0463 2.0409 62.3954 1.7718 0.3375
