Pedestrian -1 -1 3.2611 0.0000 159.5089 67.9901 292.5695 1.7724 0.8004 0.7324 -8.1775 1.5950 10.1405 2.5951 0.2593
Pedestrian -1 -1 2.4989 728.0578 158.6783 753.1219 207.9559 1.8634 0.6640 0.6864 4.9743 1.3277 27.7323 2.6741 0.2377
Pedestrian -1 -1 2.4234 792.5441 165.3793 824.6808 223.2843 1.8038 0.6306 0.7564 6.2623 1.5713 22.9235 2.6861 0.2097
Pedestrian -1 -1 2.1366 1152.0426 139.7101 1242.0000 303.9245 1.7966 0.8193 0.7480 6.9448 1.4344 8.4006 2.8098 0.1999
Pedestrian -1 -1 2.7858 761.0215 161.6844 811.3743 255.5324 1.7616 0.8444 0.6929 3.3560 1.5523 14.0038 3.0154 0.1926
Cyclist -1 -1 -3.7600 1143.1244 112.1034 1242.0000 288.7264 1.7985 1.7445 0.4903 6.8752 1.1802 8.2297 -3.0817 0.3035
Cyclist -1 -1 -1.0947 145.7249 200.5614 259.3429 301.5741 1.8252 1.7477 0.6867 -7.7092 2.3625 13.6091 -1.6023 0.2277
Cyclist -1 -1 -3.6713 1014.5211 88.4561 1242.0000 375.0000 1.7760 1.8849 0.6163 3.0715 1.3990 4.1845 -3.0716 0.2044
Cyclist -1 -1 2.3659 0.0000 158.4528 116.2332 287.5789 1.7393 1.8532 0.6984 -8.1430 1.5457 10.1856 1.7040 0.1952
Car -1 -1 -1.3307 395.0490 186.7283 504.8121 259.5847 1.5138 1.7469 3.7951 -3.8216 1.8905 17.6439 -1.5417 0.7248
Car -1 -1 1.6500 466.3920 181.7360 524.9896 232.3565 1.5128 1.6358 3.9379 -3.8124 1.8372 24.2967 1.4953 0.6802
Car -1 -1 -1.6348 606.5429 179.4170 652.0811 218.2373 1.4826 1.6469 3.7042 0.7063 1.7737 30.0763 -1.6122 0.6358
Car -1 -1 -2.7115 499.3124 181.5363 562.9566 214.0336 1.5201 3.1329 2.0879 -3.9801 1.9819 36.5339 -2.8198 0.4259
Car -1 -1 0.1479 565.7336 178.4635 610.2747 196.3567 1.4807 1.6400 3.5856 -1.8747 1.9662 61.3722 0.1171 0.3857
Car -1 -1 2.1458 0.0000 167.7734 193.6648 244.4926 1.6554 3.4747 1.6881 -11.7867 1.5461 16.4764 1.5323 0.2597
Car -1 -1 1.5635 661.0368 173.6173 737.3106 208.9671 1.6626 3.5859 1.6687 4.2684 1.7010 35.0073 1.6833 0.2266
Car -1 -1 3.0035 513.9841 168.9791 540.4341 189.1302 1.6149 3.7070 1.6803 -6.9171 1.3047 59.8244 2.8886 0.2068
