Pedestrian -1 -1 -0.2480 716.3870 141.6899 750.1440 223.7164 1.8240 0.8204 0.5710 2.7563 1.1314 16.4754 -0.0857 0.4052
Cyclist -1 -1 -2.8116 391.9762 181.2278 408.5253 205.7663 1.6920 1.6853 0.6146 -14.9007 2.2964 51.1901 -3.0938 0.4320
Car -1 -1 3.2659 388.4228 183.7938 467.7240 244.8927 1.5884 4.1726 1.7923 -5.4019 1.9510 21.7115 3.0243 0.7447
Car -1 -1 1.6493 491.3942 182.3647 555.1528 234.2554 1.5821 1.8582 4.0521 -2.9363 1.9367 24.8117 1.5321 0.6313
Car -1 -1 2.9325 639.8337 178.2662 685.2294 208.0719 1.5212 3.8250 1.7128 2.7893 1.8334 39.5658 3.0018 0.6167
Car -1 -1 -0.5119 803.7435 167.9463 1094.1035 273.7060 1.6135 1.6988 4.0930 5.4758 1.5390 12.0453 -0.0952 0.5560
Car -1 -1 -0.0039 597.0289 179.0920 620.7377 201.7874 1.5225 3.4585 1.6221 -0.1176 1.9796 51.0906 -0.0067 0.4516
Car -1 -1 -1.9789 789.4727 163.1397 897.5600 200.6042 1.5231 3.8670 2.0132 9.7790 1.1285 30.5271 -1.6720 0.4307
Car -1 -1 2.8554 370.1542 180.1577 407.9381 202.7466 1.5323 3.7043 1.6349 -16.0514 2.0816 52.2290 2.5583 0.3465
Car -1 -1 2.9643 455.4488 176.2251 483.0884 195.7260 1.5387 3.6068 1.6274 -11.6729 1.8267 59.5886 2.7714 0.3373
Car -1 -1 -3.7908 1140.6488 151.8571 1242.0000 197.8788 1.6065 1.6330 3.6350 21.5637 0.8739 26.0656 -3.1053 0.3364
