Pedestrian -1 -1 1.3634 801.1351 127.6275 870.9283 258.0727 1.8882 0.8965 0.5325 3.2986 1.2339 10.7438 1.6530 0.3307
Pedestrian -1 -1 2.1344 1168.3551 156.4221 1242.0000 287.3356 1.6986 0.8185 0.6805 8.2444 1.4858 9.8558 2.8159 0.2549
Pedestrian -1 -1 3.0848 520.7151 181.7479 537.0579 217.5036 1.7411 0.7354 0.7637 -4.0629 2.1876 35.7707 2.9719 0.1738
Cyclist -1 -1 -3.2539 685.1711 173.9556 711.9813 233.1606 1.7570 1.8162 0.6148 2.6814 1.7929 22.3537 -3.1369 0.6437
Cyclist -1 -1 -0.7467 1136.7810 153.3678 1242.0000 285.9113 1.6655 1.7526 0.6061 8.2077 1.4210 9.9595 -0.0723 0.1689
Car -1 -1 1.7850 445.3998 184.0623 532.9962 243.3933 1.5527 1.7641 4.0782 -3.5677 1.9233 21.7498 1.6236 0.7080
Car -1 -1 -1.4992 571.8395 180.8752 608.7144 211.6348 1.5037 1.6997 3.4315 -1.0308 1.9452 37.9344 -1.5267 0.5844
Car -1 -1 -1.8411 312.3467 176.4758 483.6863 271.4082 1.6552 2.6757 2.7969 -4.4029 1.7385 14.6175 -2.1294 0.5763
Car -1 -1 -2.9855 657.3206 177.2761 685.2812 196.5474 1.5556 3.9526 1.7804 5.2231 1.9450 61.3494 -2.9013 0.2613
Car -1 -1 3.1726 553.0639 179.5803 580.2128 205.3636 1.5242 3.6451 1.5979 -2.7295 1.9656 45.4601 3.1125 0.2262
Car -1 -1 2.1339 470.4918 178.8389 545.5483 209.9242 1.4977 3.4883 1.5627 -5.2303 1.8146 36.7376 1.9930 0.2104
Car -1 -1 -0.5540 754.6218 182.9386 804.9687 207.8117 1.5130 3.2488 1.7496 11.0287 2.1983 47.1818 -0.3263 0.2097
