Pedestrian -1 -1 0.6822 1051.9954 147.6221 1172.8702 318.8461 1.7924 1.0304 0.5755 5.5537 1.4499 7.8189 1.2825 0.6512
Pedestrian -1 -1 1.6688 56.8400 189.3656 99.7245 250.6685 1.7055 0.9143 0.8017 -15.2250 1.9703 20.4106 1.0368 0.3949
Pedestrian -1 -1 -1.4116 1117.1549 189.3998 1224.0000 370.0000 1.6654 0.7027 0.7244 4.3316 1.7408 5.3460 -0.7577 0.3587
Pedestrian -1 -1 2.6639 640.7319 161.9040 696.0231 261.4452 1.7569 0.8599 0.6928 1.1122 1.4303 13.0043 2.7489 0.3427
Pedestrian -1 -1 -0.1217 257.5977 165.0204 305.4288 259.8995 1.7584 0.8821 0.7451 -6.3049 1.4731 13.6688 -0.5433 0.3334
Pedestrian -1 -1 2.9580 14.0773 172.4288 71.6068 261.8777 1.7417 0.8366 0.7808 -11.4402 1.5862 14.3319 2.2969 0.2676
Pedestrian -1 -1 2.5014 832.3784 171.2767 876.7049 240.4755 1.7012 0.7201 0.7774 6.2530 1.4760 17.8379 2.8346 0.2570
Pedestrian -1 -1 1.0897 970.0930 191.1678 1132.7975 370.0000 1.6536 0.7802 0.7283 3.2755 1.7417 5.3367 1.6157 0.2188
Pedestrian -1 -1 0.9047 813.6763 171.0461 873.1597 260.1121 1.7026 0.9262 0.6242 4.6620 1.5235 13.9628 1.2217 0.2157
Pedestrian -1 -1 1.7158 292.8617 192.3420 326.9203 262.0354 1.7806 0.7243 0.7677 -7.8222 2.1028 18.6760 1.3265 0.2000
Pedestrian -1 -1 -1.0312 1116.4056 135.0430 1199.3419 249.1932 1.7937 0.8591 0.6601 9.0338 1.0811 11.6267 -0.3820 0.1970
Pedestrian -1 -1 2.8401 517.7812 164.4689 567.5970 262.6962 1.7318 0.8654 0.6853 -1.1984 1.4508 12.9912 2.7521 0.1942
Pedestrian -1 -1 2.7176 619.0562 160.2134 668.9219 250.5394 1.7993 0.9038 0.7204 0.7554 1.3968 14.6314 2.7698 0.1786
Pedestrian -1 -1 1.7147 460.7711 169.5684 512.0916 254.6274 1.7598 0.9897 0.6279 -2.5365 1.5352 14.9462 1.5518 0.1641
Pedestrian -1 -1 -1.7879 879.4335 165.4925 944.9300 267.7050 1.7211 0.9164 0.6752 5.2889 1.4700 12.3151 -1.3899 0.1627
Pedestrian -1 -1 -0.1075 88.0093 159.8453 137.1469 255.9939 1.8161 0.8524 0.7136 -9.7338 1.4276 13.9059 -0.7057 0.1539
Pedestrian -1 -1 1.2860 556.3818 158.1095 613.3088 249.1513 1.8404 1.0679 0.5695 -0.4654 1.3894 14.7233 1.2569 0.1484
Pedestrian -1 -1 -0.9474 993.5562 162.9057 1070.3585 271.7790 1.7668 0.8836 0.6853 7.1973 1.4829 12.0119 -0.4176 0.1437
Pedestrian -1 -1 2.0886 1149.2479 144.4141 1224.0000 252.1176 1.7846 0.9073 0.6693 10.1014 1.1883 12.2554 2.7670 0.1412
Cyclist -1 -1 1.8431 308.8448 176.5830 448.0489 286.3100 1.6594 1.9519 0.7387 -3.5604 1.6018 11.0850 1.5422 0.2330
Cyclist -1 -1 -1.0866 1118.6241 146.7797 1224.0000 256.6620 1.7594 1.8805 0.5956 10.0815 1.2211 12.2971 -0.4108 0.2317
Cyclist -1 -1 -1.1483 280.5636 196.2073 357.1172 265.9519 1.7896 1.7430 0.7052 -7.5910 2.2154 18.7036 -1.5268 0.2258
Cyclist -1 -1 1.7579 629.3395 161.9608 738.5139 259.7953 1.7229 1.9065 0.7238 1.4214 1.3981 13.0695 1.8654 0.2079
Cyclist -1 -1 1.4549 683.5494 161.5334 759.7470 231.7029 1.7538 1.8536 0.6334 2.9180 1.2813 18.0233 1.6144 0.2019
Cyclist -1 -1 0.7668 1068.3512 186.5748 1224.0000 370.0000 1.6304 1.7222 0.6047 5.1152 1.6902 6.3400 1.4230 0.1880
Cyclist -1 -1 0.1236 254.9645 165.0687 305.0393 261.6395 1.7505 1.7577 0.6593 -6.3311 1.4724 13.7482 -0.2975 0.1649
Cyclist -1 -1 -0.4743 849.1873 169.4906 945.9294 293.2696 1.6557 1.8487 0.4990 4.1960 1.5101 10.3972 -0.0996 0.1536
Cyclist -1 -1 -0.0891 521.1379 161.6386 562.3209 265.3375 1.7652 1.8222 0.5892 -1.2301 1.4458 12.9797 -0.1796 0.1536
Cyclist -1 -1 -0.5174 874.3038 161.5206 965.2947 273.8733 1.7711 1.8010 0.5844 5.2752 1.4736 12.0684 -0.1133 0.1489
Cyclist -1 -1 0.2417 120.7987 167.4877 184.4604 265.3589 1.7861 1.8210 0.6163 -8.8696 1.5503 13.8594 -0.3155 0.1471
Cyclist -1 -1 -1.5782 554.4988 147.8466 630.2670 220.3656 1.7904 1.8729 0.6456 -0.3565 0.9858 17.7970 -1.5959 0.1454
Car -1 -1 0.1583 530.6238 161.6396 614.7194 227.9555 1.6408 4.1476 1.6820 -0.8170 1.1758 19.6482 0.1192 0.2193
Car -1 -1 0.3798 21.6683 184.6378 124.6126 231.2737 1.5498 3.8703 1.6775 -19.3956 1.7154 25.9455 -0.2547 0.2031
Car -1 -1 1.0465 635.3066 175.8703 720.4012 218.6593 1.5297 1.7793 3.4084 2.7057 1.3657 27.1911 1.1462 0.1825
