Pedestrian -1 -1 -1.2009 828.6876 165.3900 849.9490 200.7767 1.8390 0.9049 0.6223 12.0473 1.4515 38.0204 -0.8967 0.3501
Pedestrian -1 -1 -1.0088 1104.4215 65.2541 1242.0000 351.0935 1.8483 0.9470 0.6665 4.2262 1.1529 5.2228 -0.3556 0.3347
Pedestrian -1 -1 3.1372 0.0000 125.2697 37.5287 226.7771 1.8684 0.5751 0.5893 -11.2943 0.9929 13.6871 2.4568 0.3271
Cyclist -1 -1 -3.4029 827.9270 163.5549 848.5728 198.8263 1.8195 1.7785 0.5938 12.0101 1.3402 38.1197 -3.1003 0.3425
Car -1 -1 0.2862 103.5131 173.5656 322.6848 252.9121 1.6322 1.7482 3.9518 -8.7266 1.6497 16.1173 -0.2035 0.6144
Car -1 -1 0.4091 187.8868 183.3001 366.7457 245.8579 1.5313 1.5525 3.9266 -8.5880 1.8146 18.7353 -0.0157 0.5889
Car -1 -1 -0.3811 700.0658 166.2835 896.2250 246.2136 1.6094 1.5369 3.7909 3.9368 1.4775 15.5484 -0.1384 0.5761
Car -1 -1 0.3197 234.7642 177.7859 385.7021 234.1751 1.5795 1.5836 3.8077 -8.7965 1.7317 21.2892 -0.0682 0.5070
Car -1 -1 -0.2002 639.3966 170.3269 753.4861 218.5349 1.6870 1.6726 3.8599 3.0482 1.5989 26.2464 -0.0865 0.5068
Car -1 -1 0.4771 0.0000 187.4980 222.4918 313.8453 1.5399 1.6182 3.8572 -7.8864 1.7696 10.1750 -0.1698 0.5056
Car -1 -1 1.8025 304.4670 175.5928 415.3457 221.4567 1.6147 3.5466 1.7646 -9.1759 1.7200 26.5777 1.4728 0.4768
Car -1 -1 0.6984 0.0000 191.1487 167.4781 350.5453 1.5110 1.5753 3.7577 -7.2567 1.7325 7.8734 -0.0295 0.3276
