Pedestrian -1 -1 1.6868 295.2307 144.7247 408.5770 346.2754 1.8404 0.9685 0.5778 -2.5206 1.5839 6.9735 1.3508 0.5309
Pedestrian -1 -1 2.9173 357.4644 140.4064 431.7477 299.3883 1.8343 0.9838 0.6780 -2.7307 1.4603 8.9172 2.6275 0.5150
Pedestrian -1 -1 -0.2393 604.6576 169.6703 624.8465 213.6972 1.7961 0.8513 0.6522 0.1508 1.6666 29.9227 -0.2350 0.4791
Pedestrian -1 -1 1.4594 185.6152 174.1321 212.4573 217.2769 1.8215 0.9403 0.6263 -17.7105 1.8778 31.0209 0.9441 0.2459
Car -1 -1 -1.7374 668.3535 179.7450 740.9633 232.5892 1.4732 1.6244 3.6846 2.8125 1.7062 22.4791 -1.6153 0.7632
Car -1 -1 -1.9307 775.2294 181.4164 1032.0659 331.5047 1.5355 1.6957 4.1327 3.5310 1.6758 9.7013 -1.5926 0.7566
Car -1 -1 -2.4186 720.1710 176.7247 800.5479 212.3507 1.5623 2.4297 2.7836 7.0009 1.7543 33.8823 -2.2171 0.5583
Car -1 -1 2.9712 627.7991 177.5504 658.5820 199.4668 1.5132 3.5323 1.6531 2.3506 1.8671 52.4661 3.0153 0.4807
Car -1 -1 0.6265 168.4880 181.4054 220.6062 202.7430 1.4752 3.4112 1.6307 -30.5407 2.1259 53.0921 0.1064 0.3131
Car -1 -1 2.0437 243.1256 180.7869 294.5081 199.2371 1.5692 3.6448 1.8047 -29.8542 2.2744 63.1516 1.6035 0.2681
Car -1 -1 2.0982 239.8446 177.2698 286.0862 194.5282 1.5612 3.4566 1.7314 -32.1174 1.9764 66.7829 1.6512 0.2656
Car -1 -1 -0.0059 220.4520 174.1582 247.3751 197.1776 1.5613 3.6546 1.6399 -26.7003 1.6578 51.1621 -0.4850 0.2384
Car -1 -1 2.8746 582.1250 181.1392 618.3000 203.4477 1.4652 3.3903 1.6977 -0.7507 2.0684 50.6360 2.8593 0.2354
