Pedestrian -1 -1 3.2257 445.3489 172.0325 470.6740 227.2948 1.7652 0.8697 0.7379 -4.9924 1.7393 23.5214 3.0182 0.4903
Pedestrian -1 -1 1.5956 242.7029 162.6199 339.8741 339.3592 1.7569 0.9051 0.6379 -3.4061 1.6555 7.6348 1.1879 0.4679
Pedestrian -1 -1 0.0634 142.3848 127.6630 196.0943 249.3080 1.8810 0.8016 0.6867 -7.1629 1.1826 11.6681 -0.4772 0.4388
Pedestrian -1 -1 2.9917 0.0000 195.3725 94.6608 353.5471 1.6613 0.6889 0.7942 -6.5056 1.9356 8.2500 2.3393 0.3873
Cyclist -1 -1 2.3398 0.0000 180.3441 166.8074 337.7548 1.6926 1.8460 0.6367 -6.1919 1.7832 8.2421 1.7107 0.3365
Car -1 -1 -2.1701 847.3044 193.0125 1242.0000 375.0000 1.5258 1.6980 4.0979 3.1703 1.7214 4.8961 -1.6240 0.7996
Car -1 -1 -2.5118 260.4522 180.0593 445.4090 249.1285 1.5188 1.6195 4.0547 -6.2612 1.7075 17.5032 -2.8510 0.6206
Car -1 -1 -1.6897 551.4738 177.8909 614.6929 229.2995 1.5335 1.6294 3.8595 -1.0166 1.7153 23.9550 -1.7324 0.5353
Car -1 -1 -1.5354 532.3550 178.0871 568.1432 208.9980 1.5079 1.7372 3.3487 -3.0991 1.7926 37.4885 -1.6178 0.4740
Car -1 -1 -0.2174 560.3483 179.1193 616.6683 216.3279 1.5603 3.5290 1.8326 -1.0760 1.8627 32.8429 -0.2505 0.4644
Car -1 -1 1.3486 425.1306 181.4505 487.2137 223.3241 1.5209 1.7626 3.1509 -6.2165 1.8852 28.7441 1.1370 0.4618
Car -1 -1 -0.4397 490.5331 180.3958 534.3948 203.7233 1.5099 3.5207 1.6604 -6.8029 2.0517 49.8749 -0.5750 0.4460
Car -1 -1 3.1726 267.8423 181.1321 307.3393 214.2474 1.4973 3.4447 1.6602 -15.8425 1.9267 35.4834 2.7552 0.4302
Car -1 -1 2.9916 641.4565 174.6812 709.4915 224.8750 1.6293 4.2281 1.7758 2.1957 1.7004 25.7455 3.0750 0.4182
Car -1 -1 -1.7592 626.8214 179.5114 679.0096 214.9570 1.5099 1.7342 3.7044 1.8861 1.8366 33.4173 -1.7039 0.4104
Car -1 -1 -0.1540 608.1711 178.3106 633.7462 196.5991 1.5009 3.3555 1.6988 0.8932 1.9840 62.0541 -0.1401 0.3862
