Pedestrian -1 -1 1.4641 453.4196 171.7296 497.0658 254.9287 1.7392 0.8569 0.6567 -2.9549 1.7160 15.5182 1.2782 0.2736
Pedestrian -1 -1 3.2674 431.6243 169.4836 472.5344 262.4623 1.7431 0.8225 0.6759 -3.0957 1.6803 13.9640 3.0524 0.2430
Pedestrian -1 -1 2.1188 671.3214 163.5310 689.9609 199.1608 1.8780 0.7360 0.6966 3.7367 1.3869 38.5275 2.2143 0.1887
Pedestrian -1 -1 0.9258 845.3735 159.4807 974.5093 355.5190 1.7707 0.9478 0.6561 2.8218 1.6503 6.9593 1.2951 0.1812
Pedestrian -1 -1 3.4063 338.6708 158.5648 388.2186 260.9148 1.7307 0.8573 0.6175 -4.3586 1.4894 12.6449 3.0801 0.1801
Pedestrian -1 -1 -0.6369 771.7256 154.5618 828.4831 257.8137 1.8263 0.7880 0.6677 3.4308 1.5031 13.2507 -0.3898 0.1492
Pedestrian -1 -1 3.2490 507.8754 170.0287 522.9841 205.7129 1.8086 0.7402 0.6925 -4.8760 1.6658 36.9455 3.1183 0.1437
Cyclist -1 -1 2.8276 732.1215 189.8894 764.4130 260.2688 1.6163 1.5486 0.3049 3.3337 2.0541 17.7368 3.0093 0.3402
Cyclist -1 -1 1.5705 646.2777 177.8126 692.3463 217.3867 1.7055 1.9909 0.7523 2.5583 1.9266 31.6601 1.6497 0.2775
Cyclist -1 -1 3.2662 473.0367 158.8414 493.0951 211.1118 1.8586 1.7984 0.5088 -4.7047 1.3607 26.5645 3.0921 0.2203
Cyclist -1 -1 -0.5211 666.3598 165.8406 694.1257 200.1177 1.7859 1.8897 0.6142 3.7054 1.4208 38.5771 -0.4265 0.2088
Cyclist -1 -1 3.2959 460.2442 175.1449 495.7330 254.7377 1.5871 1.6323 0.4936 -2.8218 1.6385 15.2549 3.1153 0.1734
Car -1 -1 -0.2071 639.3375 178.9241 690.5833 213.9687 1.5050 3.4933 1.6729 2.4526 1.8025 33.4670 -0.1352 0.6486
Car -1 -1 -0.8555 0.0000 172.6014 284.9173 343.3322 1.6946 3.6081 1.6698 -5.9106 1.6924 8.1774 -1.4663 0.2573
Car -1 -1 2.0732 620.0470 178.4549 671.3546 198.7326 1.5340 3.7323 1.6395 2.7946 1.9913 57.1821 2.1213 0.2436
Car -1 -1 2.8634 649.6302 176.3351 685.7989 198.9098 1.5459 3.5474 1.6754 4.0841 1.8059 51.9005 2.9411 0.1795
Car -1 -1 3.0030 614.5506 186.1903 639.9858 204.6492 1.5021 3.6395 1.7405 1.4656 2.7092 63.3771 3.0255 0.1742
