Pedestrian -1 -1 3.3751 53.4778 183.8791 165.8987 367.0882 1.6647 0.7649 0.7342 -4.8666 1.7018 6.9237 2.7853 0.5501
Pedestrian -1 -1 -0.6846 1060.2334 133.5407 1120.4548 228.4737 1.8208 0.7754 0.6301 9.5364 0.9217 13.9714 -0.0944 0.3800
Pedestrian -1 -1 2.4378 1048.6381 162.4197 1073.7745 200.0645 1.7107 0.7607 0.6281 20.9780 0.8906 32.5451 3.0075 0.2933
Pedestrian -1 -1 -0.9840 973.7612 151.5563 1004.0945 198.4442 1.8281 0.8513 0.6319 15.2245 0.7011 28.0858 -0.4903 0.2749
Cyclist -1 -1 -3.1395 677.4450 174.6448 689.7100 208.1907 1.7875 1.9373 0.6501 4.2886 1.4769 38.6684 -3.0284 0.4347
Cyclist -1 -1 -3.4524 896.3154 154.4502 944.5773 227.2310 1.7781 1.8561 0.5819 8.0626 1.1433 18.2221 -3.0405 0.4246
Cyclist -1 -1 -0.7399 1087.8445 144.5173 1224.0000 270.7801 1.7873 1.9305 0.6273 8.5052 1.2796 10.9942 -0.0937 0.3311
Cyclist -1 -1 -3.6713 1093.9038 155.3770 1146.5182 205.9252 1.7405 1.8059 0.6938 18.3561 0.8770 25.2715 -3.0474 0.3199
Car -1 -1 -2.0254 851.0400 184.3917 1224.0000 370.0000 1.5125 1.5926 3.7838 3.4108 1.5577 5.9681 -1.5270 0.7875
Car -1 -1 -1.8622 772.3217 178.8255 948.2756 286.7237 1.4936 1.6029 3.8994 3.9552 1.4721 11.7531 -1.5440 0.7371
Car -1 -1 0.3701 297.3172 179.5568 377.4096 220.6023 1.5815 4.1145 1.7127 -11.0027 1.5467 29.3087 0.0162 0.6497
Car -1 -1 -1.6890 697.2561 169.2363 759.2098 219.9206 1.5969 1.6406 3.6820 4.0989 1.2436 24.1517 -1.5214 0.5742
Car -1 -1 -1.7327 687.4598 177.4698 743.3224 217.2161 1.5145 1.6554 3.7187 4.4019 1.4006 28.8047 -1.5811 0.4756
Car -1 -1 0.3724 516.5679 179.1274 551.8887 197.5429 1.5328 3.9044 1.7229 -6.0423 1.4198 60.9589 0.2757 0.3500
Car -1 -1 -1.6739 681.1959 176.7544 723.6213 209.3661 1.5064 1.6715 3.6882 4.6854 1.3348 34.5249 -1.5386 0.3037
