Pedestrian -1 -1 1.1005 882.5380 154.5317 1007.8737 326.3758 1.7401 1.0111 0.6501 3.5344 1.4788 7.5016 1.5265 0.6592
Pedestrian -1 -1 1.2639 52.7135 194.0943 101.0315 257.9430 1.7618 0.9302 0.7691 -15.2434 2.1666 20.3640 0.6302 0.4382
Pedestrian -1 -1 3.0009 15.6108 173.7514 72.1875 263.0896 1.7405 0.8635 0.7947 -11.4385 1.6106 14.3553 2.3406 0.3707
Pedestrian -1 -1 2.4665 832.9886 172.0003 876.0859 240.6921 1.6877 0.7088 0.7441 6.2492 1.4805 17.8256 2.7997 0.2975
Pedestrian -1 -1 -1.7472 1123.3589 191.1494 1224.0000 370.0000 1.6917 0.6692 0.7331 4.3536 1.7813 5.3516 -1.0914 0.2894
Pedestrian -1 -1 2.8743 516.7988 164.4225 566.3753 262.7350 1.7327 0.8809 0.6989 -1.2193 1.4510 12.9909 2.7847 0.2625
Pedestrian -1 -1 1.1474 970.1313 191.4404 1130.0973 370.0000 1.6477 0.7868 0.7159 3.2683 1.7383 5.3427 1.6720 0.2589
Pedestrian -1 -1 2.9795 253.1624 166.9648 305.4991 260.7914 1.7362 0.8839 0.7921 -6.3452 1.4874 13.6661 2.5554 0.2426
Pedestrian -1 -1 2.5969 641.2716 161.7875 698.0787 261.2191 1.7543 0.8547 0.6969 1.1375 1.4258 13.0072 2.6838 0.2386
Pedestrian -1 -1 1.3728 992.8690 164.8027 1063.7875 271.6730 1.7541 0.9198 0.6555 7.1547 1.4981 12.0582 1.8984 0.2090
Pedestrian -1 -1 0.9666 812.1988 169.2545 871.1786 258.5764 1.7137 0.9315 0.5977 4.6326 1.4995 13.9791 1.2815 0.1649
Pedestrian -1 -1 -0.9603 736.8912 164.1458 793.4654 255.1873 1.7680 0.8611 0.7150 3.1923 1.4520 14.2844 -0.7434 0.1631
Pedestrian -1 -1 2.0963 1152.8475 141.0223 1224.0000 249.3205 1.7919 0.8701 0.6602 10.1140 1.1404 12.2182 2.7767 0.1538
Cyclist -1 -1 -0.5045 642.0572 163.8710 720.0127 264.5324 1.7483 1.9015 0.5989 1.3424 1.4612 13.2673 -0.4043 0.2514
Cyclist -1 -1 1.5087 683.4102 160.7659 760.2031 231.5905 1.7659 1.8939 0.6374 2.9207 1.2754 18.0334 1.6683 0.2258
Cyclist -1 -1 0.0408 257.6326 163.8040 301.1064 261.1412 1.7672 1.8044 0.6830 -6.3691 1.4657 13.7964 -0.3812 0.2219
Cyclist -1 -1 -3.4431 863.0557 168.7760 935.5650 292.9291 1.6531 1.7512 0.4483 4.1966 1.4987 10.2998 -3.0652 0.2076
Cyclist -1 -1 -1.6227 556.8218 151.1869 631.9990 224.3135 1.8025 1.8618 0.6281 -0.3173 1.0816 17.7996 -1.6382 0.2033
Cyclist -1 -1 1.8215 306.9300 174.3502 448.3620 284.0954 1.6561 1.9855 0.7628 -3.5724 1.5649 11.0958 1.5200 0.1973
Cyclist -1 -1 -0.0724 520.3389 162.4516 560.7794 266.4414 1.7757 1.8118 0.6078 -1.2541 1.4692 13.0120 -0.1644 0.1939
Cyclist -1 -1 0.4367 0.0000 173.3340 68.4940 265.8096 1.7418 1.8475 0.5827 -11.6792 1.6084 14.2786 -0.2363 0.1774
Cyclist -1 -1 0.8343 1068.7815 189.4626 1224.0000 370.0000 1.6207 1.7065 0.6091 5.1321 1.7074 6.3280 1.4929 0.1730
Cyclist -1 -1 -1.0011 1123.0399 144.5486 1224.0000 254.5063 1.7611 1.8183 0.5859 10.0835 1.1869 12.2741 -0.3243 0.1673
Cyclist -1 -1 -0.5607 915.4841 159.1921 1025.1794 277.6458 1.7739 1.9618 0.6261 5.8730 1.4565 11.5910 -0.1010 0.1491
Car -1 -1 0.0597 46.1340 187.9377 111.1560 233.8836 1.5244 3.6822 1.6815 -19.3712 1.8216 26.1044 -0.5713 0.2700
Car -1 -1 -0.8668 1149.6113 187.0385 1224.0000 370.0000 1.5036 1.5832 3.8674 7.4874 1.5735 6.5129 -0.0344 0.1856
Car -1 -1 0.1239 534.7529 161.3894 615.0668 227.4492 1.6369 4.2284 1.7056 -0.7579 1.1650 19.6962 0.0879 0.1586
