Cyclist -1 -1 2.7943 652.4175 171.7857 685.9038 222.4728 1.7528 1.7935 0.6175 2.0613 1.7162 25.8954 2.8721 0.3411
Cyclist -1 -1 2.5942 642.6707 179.4207 674.9016 223.4045 1.6618 1.6371 0.4762 1.8603 1.9277 28.3427 2.6583 0.2853
Cyclist -1 -1 -0.4216 788.7874 166.9152 829.6450 223.8476 1.7984 1.8404 0.5839 6.4868 1.6112 23.7445 -0.1587 0.2520
Cyclist -1 -1 3.3205 445.4616 177.1141 462.1045 209.6962 1.7732 1.8907 0.5859 -8.7867 2.0182 40.4701 3.1076 0.1929
Cyclist -1 -1 2.7892 769.2183 157.5139 802.7284 210.3250 1.8377 1.8500 0.5626 6.2911 1.3043 26.0571 3.0231 0.1899
Cyclist -1 -1 -0.1849 472.7383 175.4977 486.4704 201.2468 1.6875 1.6884 0.6046 -8.7776 1.8683 48.3642 -0.3639 0.1606
Cyclist -1 -1 -3.7097 1124.1549 123.6921 1242.0000 317.6289 1.8179 1.7459 0.5312 6.2208 1.3574 7.6550 -3.0464 0.1557
Cyclist -1 -1 1.6647 689.0679 171.2842 749.7056 226.4361 1.6815 1.8160 0.7587 3.3839 1.6340 22.5796 1.8108 0.1517
Car -1 -1 -1.7688 543.5649 178.3288 579.9995 202.3964 1.5315 1.8118 3.3991 -3.3164 1.9153 48.6444 -1.8370 0.5123
Car -1 -1 -1.7340 661.5765 169.8336 734.0729 222.9286 1.6437 1.7396 4.2757 2.8340 1.5505 24.5127 -1.6209 0.5091
Car -1 -1 -1.6494 649.6199 178.0604 690.0947 211.9190 1.5501 1.6679 3.9751 2.8622 1.8220 35.6304 -1.5705 0.3301
Car -1 -1 -1.7270 650.6461 177.1139 707.3748 217.8215 1.5379 1.6844 4.1639 2.7329 1.7271 29.8368 -1.6372 0.2739
Car -1 -1 2.8691 626.6687 178.5007 660.5209 197.7671 1.4729 3.5533 1.8337 2.6514 1.9442 58.2317 2.9139 0.2429
Car -1 -1 2.7966 723.9294 175.8632 783.6623 209.8002 1.5547 3.6968 1.7042 6.9382 1.7107 35.3562 2.9882 0.1974
Car -1 -1 -1.8028 638.3829 177.2835 682.9893 205.7872 1.5286 1.6979 3.8544 2.8171 1.7955 41.3669 -1.7358 0.1668
Car -1 -1 -2.9830 481.7642 179.1403 508.2193 198.9227 1.5880 3.9330 1.6134 -9.7316 2.1382 61.1364 -3.1406 0.1541
