Pedestrian -1 -1 2.6878 514.1168 171.5639 538.3425 214.4510 1.7984 0.8788 0.7142 -3.6221 1.7447 30.8165 2.5712 0.6382
Cyclist -1 -1 0.1635 99.3764 179.2982 131.7854 230.8574 1.7247 1.9372 0.6279 -17.4264 1.9610 25.3972 -0.4332 0.3471
Car -1 -1 -2.8297 284.1572 187.9007 479.7622 258.7267 1.5260 1.7198 4.0085 -5.2487 1.8953 16.8052 -3.1286 0.6484
Car -1 -1 -0.6722 865.2529 172.1804 1191.5819 304.3372 1.5989 1.4856 3.7468 5.5251 1.5911 9.7785 -0.1716 0.5026
Car -1 -1 -2.7127 377.4426 181.1427 511.3422 236.0922 1.5761 1.7957 3.6185 -5.1218 1.8472 22.3176 -2.9363 0.5022
Car -1 -1 -0.4407 835.2783 173.8623 1101.6145 275.6536 1.5973 1.5487 3.7032 5.8251 1.6157 12.1144 -0.0028 0.4813
Car -1 -1 -3.8227 936.3623 173.2016 1242.0000 375.0000 1.5713 1.5420 3.7760 4.4964 1.5746 5.1156 -3.1306 0.4179
Car -1 -1 -2.3724 207.6246 181.8859 309.6822 220.7235 1.5139 4.0563 1.6062 -15.1723 1.9336 31.3146 -2.8205 0.4078
Car -1 -1 -1.5599 0.0000 197.2734 260.1632 375.0000 1.4730 1.6883 3.7334 -4.5602 1.7765 6.9208 -2.1255 0.3727
Car -1 -1 -0.6093 959.1345 156.2815 1095.9399 217.7428 1.6110 3.4946 1.6767 11.7940 1.1770 20.7312 -0.0984 0.3019
