Pedestrian -1 -1 1.0283 665.9324 193.3427 683.1039 218.0593 1.6744 0.8792 0.8547 4.4765 3.1227 50.4103 1.1156 0.4067
Pedestrian -1 -1 0.4921 854.3557 189.4339 878.6923 230.0385 1.7549 0.7872 0.7396 11.3940 2.5066 32.1592 0.8289 0.3794
Pedestrian -1 -1 1.5221 576.9714 194.1804 587.7153 217.3675 1.6754 0.7553 0.7764 -2.0740 3.2644 53.3247 1.4827 0.3776
Pedestrian -1 -1 2.6796 499.3609 173.8541 522.1218 216.9834 1.7778 0.8650 0.6263 -4.2124 1.8209 30.2973 2.5420 0.3542
Pedestrian -1 -1 0.6273 1174.3136 197.2206 1234.8625 271.0268 1.7476 0.9367 0.7562 14.6866 2.3687 17.8912 1.3057 0.3515
Pedestrian -1 -1 0.4605 713.1097 194.5980 741.9977 241.3922 1.7157 0.8566 0.7934 4.4515 2.5644 27.5694 0.6179 0.3411
Pedestrian -1 -1 0.6210 898.7755 185.1705 951.0803 255.9067 1.7527 0.9825 0.8281 8.1097 2.0826 18.6967 1.0236 0.2343
Pedestrian -1 -1 1.4588 568.1378 182.8658 582.1150 209.1791 1.7866 0.8860 0.7256 -2.4365 2.4831 49.7422 1.4096 0.2268
Pedestrian -1 -1 0.4171 915.8135 193.0955 967.0745 268.0388 1.6867 0.8582 0.8363 7.8325 2.1853 17.1575 0.8378 0.2256
Pedestrian -1 -1 0.3604 411.3707 172.5254 442.2077 231.9821 1.7734 0.7803 0.6776 -5.6116 1.7640 21.9441 0.1123 0.2123
Pedestrian -1 -1 -2.9534 975.1813 172.9243 1005.6624 232.6493 1.8139 0.8287 0.7018 11.7966 1.8165 22.4547 -2.4757 0.2054
Cyclist -1 -1 -0.7259 874.1448 172.1036 919.8028 216.4715 1.8081 1.8199 0.7665 12.0230 1.7779 30.3878 -0.3530 0.3285
Cyclist -1 -1 -0.0312 460.7002 181.9335 478.5328 231.9124 1.7882 1.8007 0.5993 -5.3267 2.1415 27.1013 -0.2241 0.3032
Cyclist -1 -1 -1.5184 478.6072 199.6648 524.9534 249.4586 1.8100 1.6891 0.6900 -4.0958 2.8335 27.1075 -1.6678 0.2849
Cyclist -1 -1 -1.2575 1165.2748 182.9054 1242.0000 257.8528 1.7262 1.8865 0.5261 14.8862 1.9876 17.8026 -0.5699 0.2657
Cyclist -1 -1 -1.5696 667.9909 190.5163 693.7241 217.5672 1.8528 1.7773 0.7029 4.9210 3.0983 50.4241 -1.4736 0.2656
Cyclist -1 -1 -0.0604 577.1102 190.3490 587.7236 214.7286 1.7377 1.6171 0.6870 -2.0769 3.0549 53.4678 -0.0997 0.2504
Cyclist -1 -1 2.8506 693.7558 185.1873 713.4705 219.1458 1.8044 1.5440 0.6572 5.1116 2.4981 39.7444 2.9768 0.2446
Cyclist -1 -1 -0.4410 810.9026 195.3471 881.6800 305.5969 1.7083 1.7062 0.4510 3.9732 2.1230 12.4112 -0.1395 0.2440
Cyclist -1 -1 -1.6963 885.6137 187.0571 964.8162 260.1891 1.8152 1.8019 0.7291 8.1044 2.1961 18.7342 -1.2948 0.2242
Car -1 -1 0.0534 536.8389 200.4023 579.7604 237.5510 1.4741 3.7038 1.7804 -2.3678 2.8159 33.2657 -0.0179 0.5085
Car -1 -1 3.5712 0.0000 146.4641 339.7474 375.0000 1.6408 3.9589 1.6784 -3.9560 1.4739 6.6201 3.0496 0.4717
Car -1 -1 2.9425 559.3590 182.4699 593.5182 205.9948 1.5588 3.9785 1.6831 -2.4733 2.2764 51.6865 2.8944 0.2740
Car -1 -1 -0.4777 856.2524 183.9562 931.9307 221.0357 1.4654 3.4795 1.6307 12.2454 1.9772 31.4199 -0.1099 0.2647
Car -1 -1 -3.0630 668.6170 192.7417 696.6882 215.6213 1.4740 3.7446 1.7285 5.2357 2.9613 51.9478 -2.9638 0.2419
Car -1 -1 0.0022 472.8514 195.6087 516.4085 238.7037 1.4946 3.5211 1.6167 -4.6508 2.4638 28.8553 -0.1569 0.2312
