Pedestrian -1 -1 -0.1302 229.5323 153.2506 275.5229 252.2706 1.8055 0.8519 0.6804 -6.8438 1.4484 13.6965 -0.5863 0.2748
Pedestrian -1 -1 0.6083 1139.2777 134.1784 1242.0000 362.4326 1.7961 0.9307 0.5932 5.0567 1.4922 6.0938 1.2768 0.1564
Car -1 -1 1.7445 371.6944 164.0403 473.0774 203.2345 1.6852 4.1045 1.8649 -8.3134 1.3066 32.1092 1.4928 0.3540
Car -1 -1 -1.2753 392.4951 162.5218 483.9943 197.7798 1.6906 4.0048 1.9692 -8.4835 1.1955 35.7040 -1.5072 0.2685
Car -1 -1 1.8602 485.0341 170.1964 598.9005 216.4337 1.6537 3.9123 1.7529 -2.5556 1.5590 27.0434 1.7664 0.2556
Car -1 -1 1.3607 570.4388 161.9874 659.1504 202.3697 1.8759 3.9812 1.8484 0.1623 1.3715 34.8269 1.3649 0.2319
Car -1 -1 1.5262 596.1946 170.1571 695.1669 214.9469 1.7824 3.9387 1.7201 1.3783 1.6754 29.5726 1.5717 0.2216
Car -1 -1 1.6372 602.7134 172.9888 717.8401 224.5512 1.7169 3.8740 1.6972 1.7403 1.7222 25.1286 1.7048 0.1796
Car -1 -1 -1.3467 525.7323 154.8400 605.8234 186.9925 1.6221 3.8355 1.9618 -2.3099 0.7137 37.6790 -1.4078 0.1758
Car -1 -1 -1.3263 490.4427 160.2236 591.1573 205.0827 1.7417 3.6875 2.0354 -2.8005 1.2516 29.2922 -1.4212 0.1751
Car -1 -1 0.2079 89.7697 167.7018 167.2762 214.7009 1.6082 3.7079 1.6388 -17.7607 1.4322 26.7111 -0.3744 0.1709
Car -1 -1 1.9412 317.1851 169.9995 410.2721 207.5836 1.8641 4.1283 1.7700 -12.5333 1.7229 36.7585 1.6144 0.1706
Car -1 -1 -0.8697 0.0000 165.8990 89.1789 197.5573 1.7224 4.0664 1.8048 -31.7366 1.3443 40.2283 -1.5345 0.1584
Car -1 -1 -1.4300 457.1098 160.3172 535.7118 192.7512 1.6877 3.9132 1.9469 -6.0501 1.0357 38.5443 -1.5849 0.1544
