Pedestrian -1 -1 1.3091 734.4128 140.8076 848.7656 331.9014 1.8503 1.0075 0.5384 1.7552 1.5404 7.2707 1.5353 0.3206
Pedestrian -1 -1 0.6172 176.3012 170.2931 227.4294 252.1003 1.7109 0.7340 0.6497 -8.8004 1.6577 15.4870 0.1074 0.2684
Pedestrian -1 -1 2.3383 642.6763 164.6508 661.1610 199.5288 1.7841 0.7439 0.6058 2.1342 1.3648 37.3839 2.3944 0.2486
Pedestrian -1 -1 0.3897 279.4648 165.0435 312.3860 227.6433 1.8231 0.7101 0.6743 -9.3424 1.5960 21.3715 -0.0182 0.1858
Pedestrian -1 -1 -2.3762 1050.7654 136.3504 1211.0026 357.4381 1.7799 0.8965 0.7061 4.4267 1.4864 6.2454 -1.7824 0.1853
Pedestrian -1 -1 2.2763 956.2255 164.0618 994.3004 220.4620 1.7769 0.8545 0.6849 11.7225 1.5003 23.2574 2.7376 0.1810
Pedestrian -1 -1 -1.5597 567.9990 175.1215 577.9948 202.5199 1.6706 0.6079 0.6177 -2.3060 1.8114 44.3671 -1.6118 0.1787
Cyclist -1 -1 -0.3174 802.1647 169.8615 824.7625 205.5292 1.7259 1.7714 0.5470 10.0466 1.5814 35.8084 -0.0465 0.6550
Cyclist -1 -1 2.9500 564.6750 176.6999 580.4033 204.9449 1.6856 1.8985 0.6116 -2.3434 1.9276 44.3238 2.8970 0.3354
Cyclist -1 -1 3.2863 372.2647 166.2307 387.4984 204.9963 1.8001 1.8039 0.4361 -11.0100 1.4929 34.4282 2.9787 0.1739
Cyclist -1 -1 -1.2131 383.4764 185.3581 414.9319 215.1258 1.8507 1.7890 0.6637 -13.3455 2.6481 45.5879 -1.4968 0.1715
Cyclist -1 -1 -0.6178 952.5652 160.9521 1006.6697 218.1124 1.7543 1.8046 0.5950 11.7466 1.3894 23.0793 -0.1526 0.1653
Car -1 -1 1.6320 512.2836 181.3769 574.5388 232.4220 1.4984 1.8101 3.3992 -2.1382 1.7966 23.4798 1.5415 0.7140
Car -1 -1 3.0684 583.3318 177.2276 617.9819 205.9872 1.4863 3.5255 1.6417 -0.5898 1.7383 39.6718 3.0531 0.5930
Car -1 -1 2.9102 379.3589 176.7489 407.5294 195.2879 1.5974 3.5266 1.6629 -19.5295 1.9587 64.9277 2.6188 0.2287
Car -1 -1 1.6677 263.1696 176.4965 363.8023 220.9973 1.7884 3.7928 1.7264 -12.5162 1.9501 30.5860 1.2819 0.1970
Car -1 -1 2.8750 662.0588 178.1405 697.9738 200.3444 1.5264 3.8195 1.6477 5.0318 1.9268 52.5837 2.9694 0.1968
Car -1 -1 1.1895 868.7599 167.5370 958.2940 206.6114 1.8034 3.5407 1.6596 14.2746 1.5584 34.1485 1.5819 0.1754
Car -1 -1 -2.9480 551.5229 177.4511 577.8981 195.7349 1.5362 3.7725 1.6264 -3.9803 1.9543 63.5887 -3.0106 0.1698
Car -1 -1 2.7211 660.4823 177.2278 695.9241 196.3306 1.5182 3.5012 1.6496 5.6281 1.8948 60.1439 2.8136 0.1678
