Pedestrian -1 -1 -1.8554 398.6239 173.2398 409.2445 196.6470 1.7350 0.5942 0.6885 -15.4346 1.7644 53.9437 -2.1330 0.2118
Pedestrian -1 -1 0.9315 716.3869 191.1616 743.5468 237.1960 1.7494 0.7641 0.7335 4.6634 2.4811 28.3182 1.0921 0.1732
Pedestrian -1 -1 2.8262 487.3072 163.4119 502.1678 195.5765 1.9651 0.7037 0.7234 -7.1524 1.3886 44.5568 2.6677 0.1707
Cyclist -1 -1 3.1118 399.1455 174.4682 408.0392 199.5088 1.8378 1.8294 0.5860 -15.4909 1.9612 54.0381 2.8336 0.2853
Cyclist -1 -1 3.3904 131.0328 170.5992 155.5417 207.9497 1.7878 1.8276 0.5766 -22.9812 1.6802 35.4923 2.8190 0.2121
Cyclist -1 -1 0.5427 1.2343 167.6386 43.6403 210.8060 1.8431 1.9005 0.5406 -25.8956 1.6208 31.7832 -0.1370 0.1885
Car -1 -1 1.6863 449.5274 181.1405 522.7195 238.2696 1.5411 1.7707 3.6154 -3.7043 1.8137 21.8491 1.5196 0.7460
Car -1 -1 -1.6493 580.7648 177.0398 625.1293 214.5802 1.5518 1.6742 3.7980 -0.4110 1.7505 32.2295 -1.6625 0.5780
Car -1 -1 3.5143 197.3433 178.1779 263.1266 211.2064 1.6803 4.2910 1.7461 -20.8048 1.9897 39.6506 3.0336 0.5513
Car -1 -1 1.2268 799.7974 186.0021 836.5127 206.7582 1.5062 1.6610 3.5181 16.2203 2.5684 56.4602 1.5046 0.2785
Car -1 -1 1.4816 537.9134 177.0271 586.4061 198.7600 1.6074 3.5432 1.6973 -3.6859 1.9318 54.9067 1.4145 0.2430
Car -1 -1 3.1828 516.5168 183.9462 539.0361 203.4740 1.5210 3.8381 1.7186 -6.8772 2.4805 60.4165 3.0695 0.1784
Car -1 -1 -2.1564 740.3973 187.5275 789.8732 210.9898 1.4576 1.7369 3.3125 10.4657 2.4924 49.0071 -1.9478 0.1611
Car -1 -1 2.7558 696.3621 184.2167 728.7375 201.3050 1.4900 3.2486 1.8927 9.4907 2.5758 67.1186 2.8952 0.1561
