Pedestrian -1 -1 3.1424 0.0000 154.1058 33.2812 296.8554 1.7336 0.6690 0.5947 -7.8020 1.5062 9.2069 2.4536 0.2733
Pedestrian -1 -1 -1.2878 1042.5724 172.5683 1058.8411 204.6227 1.6260 0.5612 0.6287 22.5745 1.6119 37.0178 -0.7441 0.2593
Cyclist -1 -1 -3.2975 1011.9787 174.1290 1033.2737 213.8618 1.6966 1.7091 0.5449 18.1112 1.7547 31.7612 -2.7837 0.3707
Cyclist -1 -1 -3.2614 1028.5820 175.3936 1049.1259 212.4556 1.7093 1.8000 0.6200 20.3679 1.8339 34.3540 -2.7305 0.3657
Cyclist -1 -1 -3.5887 985.2565 170.8257 1023.0408 215.2491 1.7255 1.8682 0.5693 15.7595 1.6471 28.9695 -3.0952 0.3331
Cyclist -1 -1 -0.4110 1036.1481 173.4939 1064.6897 206.5012 1.6522 1.7854 0.5787 22.5757 1.6863 37.0738 0.1320 0.2860
Cyclist -1 -1 0.3501 0.0000 136.3376 73.5316 303.1391 1.6732 1.7383 0.7260 -6.8914 1.3073 8.1753 -0.3344 0.2616
Cyclist -1 -1 -3.2440 878.9058 177.2355 906.7484 241.8794 1.6602 1.5378 0.5307 7.5612 1.7836 19.4495 -2.8791 0.2558
Car -1 -1 -3.0668 902.2198 180.4499 1002.2712 261.4442 1.4496 3.3909 1.6738 7.2124 1.6293 15.1530 -2.6308 0.6025
Car -1 -1 -2.9195 704.4515 175.3359 884.4863 317.5104 1.5430 3.7584 1.6105 2.6506 1.5846 9.9387 -2.6674 0.4894
Car -1 -1 -2.6877 377.0559 159.3339 701.4863 375.0000 1.5671 3.4009 1.6088 -0.4314 1.4764 6.7335 -2.7511 0.4857
Car -1 -1 1.4983 1053.8784 182.4520 1110.2294 222.7105 1.5278 1.6915 3.7194 19.7626 1.9596 30.3892 2.0699 0.4599
Car -1 -1 -1.3786 894.6285 173.6933 1003.5103 214.5331 1.4860 3.5909 1.6186 13.1003 1.5210 28.0288 -0.9459 0.4556
Car -1 -1 1.6318 1000.5668 169.7655 1071.7770 196.8225 1.4827 3.4113 1.6111 24.2621 1.3138 41.1567 2.1611 0.3280
