Pedestrian -1 -1 2.8614 46.7845 172.6053 66.3807 207.0716 1.8037 0.7166 0.6526 -29.3616 1.7910 38.2318 2.2097 0.3047
Pedestrian -1 -1 2.7575 852.4181 151.8388 878.0182 204.9502 1.8651 0.7301 0.6297 9.0468 1.1275 25.7162 3.0918 0.2929
Pedestrian -1 -1 3.2860 420.3372 167.4835 434.7427 205.6834 1.8090 0.7645 0.5653 -8.7789 1.5551 34.5763 3.0388 0.2737
Pedestrian -1 -1 2.2212 1027.7618 160.5794 1075.6481 237.7606 1.7287 0.7282 0.5959 10.1110 1.4541 16.6073 2.7597 0.2711
Pedestrian -1 -1 -0.4114 926.3591 158.0445 954.1686 209.1621 1.8810 0.8613 0.6520 12.3002 1.3364 26.9829 0.0118 0.2612
Pedestrian -1 -1 -0.0913 904.5126 177.4085 919.2331 208.3542 1.7417 0.7295 0.7088 17.1966 2.0050 41.1946 0.3011 0.2461
Pedestrian -1 -1 2.0940 1054.5958 157.1550 1108.3556 232.0379 1.8462 0.9410 0.6620 11.9378 1.4595 18.3562 2.6628 0.2394
Pedestrian -1 -1 2.8497 810.7264 161.1218 830.0248 200.8316 1.8973 0.7253 0.7138 10.1151 1.3371 34.8384 3.1296 0.2350
Cyclist -1 -1 2.7085 818.3163 184.5545 859.1400 247.2583 1.6580 1.5710 0.4614 6.3317 1.9989 20.1877 3.0074 0.2886
Cyclist -1 -1 0.3703 369.1557 178.4099 401.9476 223.7789 1.7058 1.8156 0.6106 -8.8203 1.9311 28.2797 0.0702 0.2885
Cyclist -1 -1 2.8422 531.3375 181.5801 548.2961 207.3145 1.7455 1.9482 0.6365 -4.9652 2.3709 50.6523 2.7445 0.2808
Cyclist -1 -1 0.2266 255.4869 171.4034 272.4209 199.8358 1.8637 1.9801 0.5913 -23.1957 1.7690 48.3244 -0.2190 0.2628
Cyclist -1 -1 -0.5268 959.0155 203.0846 1022.0826 290.4733 1.6753 1.5519 0.4352 7.9135 2.3439 15.1607 -0.0549 0.2373
Cyclist -1 -1 0.2901 0.0000 169.1836 37.9385 228.9522 1.7795 1.8053 0.8262 -18.6820 1.6706 22.4717 -0.3977 0.2226
Cyclist -1 -1 1.2569 831.3433 177.8116 971.1421 281.0526 1.6934 2.0432 0.9018 4.8993 1.7824 12.3858 1.6244 0.2176
Cyclist -1 -1 2.3836 1036.7854 172.9790 1079.0216 208.5410 1.7146 1.9227 0.6233 22.1599 1.7213 35.7977 2.9338 0.2145
Car -1 -1 1.6528 484.8224 181.6996 542.3073 227.5237 1.5144 1.7901 3.6628 -3.5030 1.8618 26.4383 1.5217 0.6619
Car -1 -1 -0.5402 463.5857 179.3267 505.2136 198.1062 1.5280 4.0249 1.7075 -10.8811 2.1052 62.2207 -0.7130 0.4029
Car -1 -1 2.6614 665.0492 180.2389 727.2524 211.5698 1.5114 3.8255 1.6481 4.4205 1.9206 37.8660 2.7761 0.3663
Car -1 -1 -0.1223 785.6735 176.2030 850.4166 226.0605 1.5321 3.9868 1.6056 6.9382 1.6561 24.5410 0.1495 0.3426
Car -1 -1 3.1809 367.1583 182.7867 413.5087 223.7217 1.4819 3.7796 1.6356 -8.8491 1.9115 29.1403 2.8882 0.3300
Car -1 -1 2.9967 666.6745 179.9852 692.1041 199.0244 1.4901 3.5667 1.5865 5.6830 2.0981 59.6537 3.0908 0.2801
Car -1 -1 0.0778 389.7706 182.7921 421.6307 209.3426 1.5163 3.6873 1.6124 -12.6301 2.1587 44.6421 -0.1967 0.2687
Car -1 -1 -3.2328 702.0585 179.0485 747.5800 216.0975 1.5079 3.8777 1.6269 4.9917 1.8001 32.0123 -3.0801 0.2211
