Pedestrian -1 -1 2.3365 734.5423 150.0921 767.6194 209.4332 1.8923 0.8348 0.6589 4.5539 1.1668 23.5375 2.5248 0.3584
Pedestrian -1 -1 2.3490 490.8627 179.7817 518.0849 222.3609 1.7830 0.8833 0.7503 -4.5684 2.0861 30.9589 2.2031 0.2143
Pedestrian -1 -1 -0.6978 712.8473 167.0064 734.6252 205.5753 1.8577 0.8648 0.6467 5.5216 1.5764 35.2885 -0.5444 0.2141
Pedestrian -1 -1 2.1925 470.2634 177.8271 499.1066 225.4342 1.6902 0.7999 0.6545 -4.5888 1.8742 26.1803 2.0200 0.1805
Pedestrian -1 -1 1.5947 419.7025 184.5972 456.9164 253.3994 1.6727 0.8925 0.6857 -4.3486 1.9748 18.1129 1.3616 0.1585
Cyclist -1 -1 2.9937 491.7385 190.8231 509.9197 237.1482 1.6976 1.6492 0.4558 -4.2822 2.4155 27.9564 2.8424 0.3065
Cyclist -1 -1 2.9158 520.9083 178.3666 541.2595 215.2263 1.7917 1.8860 0.6099 -4.0255 2.0774 36.3568 2.8058 0.1931
Cyclist -1 -1 -1.2559 696.3542 166.0412 735.7138 204.3403 1.8456 1.8226 0.5783 5.1649 1.5176 35.4297 -1.1128 0.1885
Cyclist -1 -1 -0.1739 491.8617 182.0893 514.4720 224.6929 1.7505 1.7700 0.6621 -4.6423 2.1597 30.9969 -0.3219 0.1832
Cyclist -1 -1 -1.1243 1054.4948 96.5011 1242.0000 375.0000 1.7420 1.6897 0.6380 4.2740 1.2727 5.3330 -0.4755 0.1719
Car -1 -1 -0.2601 680.8854 183.1835 781.1623 249.0819 1.4621 3.5476 1.6316 2.9276 1.7529 18.4359 -0.1060 0.7613
Car -1 -1 -0.0155 633.5192 189.9722 660.0505 213.8024 1.4528 3.8554 1.7194 2.4194 2.6561 48.7481 0.0331 0.2808
Car -1 -1 0.2156 630.4647 179.3133 662.4841 202.4412 1.6628 3.7958 1.6715 2.7934 2.1745 55.0682 0.2655 0.2772
Car -1 -1 -0.2571 677.1694 182.5921 727.5891 214.1350 1.4944 3.7722 1.6717 4.6885 2.0261 37.3862 -0.1340 0.2552
Car -1 -1 -0.7306 622.8108 178.4479 667.7277 197.5835 1.5825 3.9368 1.7228 3.0251 2.0869 62.9479 -0.6833 0.2525
Car -1 -1 3.2919 442.7672 184.1410 505.8627 231.3147 1.5455 4.0347 1.6984 -4.9680 1.9950 26.6592 3.1088 0.2282
