Pedestrian -1 -1 1.9576 1093.9091 161.2191 1197.3271 308.5720 1.7018 0.8378 0.6646 6.5137 1.5678 8.8622 2.5750 0.3108
Pedestrian -1 -1 1.0770 870.7086 169.5733 907.3695 227.9734 1.6764 0.7992 0.6190 8.0958 1.5826 21.0694 1.4385 0.2899
Pedestrian -1 -1 -0.9958 1044.6379 154.7406 1101.9778 250.4759 1.8395 0.6531 0.7595 9.1389 1.4918 14.3178 -0.4376 0.2472
Cyclist -1 -1 -0.2347 727.0510 169.6235 749.0850 206.1920 1.7687 1.8030 0.6698 6.3062 1.6128 35.8162 -0.0623 0.6440
Cyclist -1 -1 -0.2000 659.9360 178.4625 674.3203 203.7009 1.7206 1.7763 0.6606 3.9628 2.1209 50.5203 -0.1227 0.3683
Cyclist -1 -1 -3.5699 971.1956 151.2150 1050.6779 251.6279 1.7636 1.8520 0.5702 7.4620 1.3839 13.6122 -3.0781 0.3100
Cyclist -1 -1 -0.7046 1067.2947 154.6432 1239.9590 311.6144 1.7298 1.8691 0.6076 6.5493 1.5295 8.9058 -0.0869 0.3089
Cyclist -1 -1 3.3017 432.5553 167.0588 454.8259 221.5135 1.8608 1.8629 0.4792 -5.9305 1.6631 25.5983 3.0758 0.3069
Cyclist -1 -1 2.7188 845.8326 171.0725 884.7494 223.1058 1.6661 1.8137 0.5118 8.4333 1.6094 24.0274 3.0520 0.2398
Car -1 -1 -1.9546 826.9325 177.2070 1232.2556 375.0000 1.5402 1.6176 3.9438 3.2621 1.5930 6.6743 -1.5184 0.7811
Car -1 -1 -1.7925 760.9140 176.0002 872.0524 250.6383 1.5142 1.6478 3.6661 4.5743 1.5953 16.6574 -1.5298 0.7471
Car -1 -1 1.4355 738.6072 175.6935 808.2351 230.4316 1.5675 1.5981 3.9744 5.0463 1.6661 22.9153 1.6488 0.7299
Car -1 -1 -0.9564 0.0000 198.9118 256.0446 375.0000 1.5426 1.6462 3.9601 -4.3401 1.8055 5.2469 -1.6232 0.4850
Car -1 -1 -2.8935 621.4474 173.9120 664.7402 200.7277 1.5981 3.7362 1.8530 2.0873 1.6677 45.2153 -2.8482 0.4302
Car -1 -1 1.2879 956.8622 166.6210 1065.5710 204.6176 1.6456 3.9497 1.7351 17.9485 1.3760 32.5196 1.7880 0.2889
