Pedestrian -1 -1 -0.2914 805.6852 178.6599 895.7385 339.4156 1.6488 0.8223 0.7095 2.5361 1.7156 7.8419 0.0090 0.5803
Pedestrian -1 -1 -1.4374 341.3380 182.6869 349.7800 202.3792 1.7051 0.6092 0.6868 -23.2097 2.5732 63.2744 -1.7880 0.1968
Pedestrian -1 -1 1.2881 1130.7711 156.4393 1215.3881 270.5955 1.7402 0.9164 0.6186 8.8568 1.4903 11.4482 1.9336 0.1951
Pedestrian -1 -1 -1.3711 295.4028 175.3938 305.1458 195.0522 1.7450 0.6895 0.6289 -27.7152 1.9738 64.5210 -1.7755 0.1827
Pedestrian -1 -1 2.6718 939.4285 164.1979 992.9080 251.1534 1.7118 0.8432 0.6560 7.1569 1.5417 14.6301 3.1182 0.1731
Pedestrian -1 -1 0.8912 1163.7112 148.9775 1242.0000 285.9955 1.7438 0.8714 0.6423 7.9218 1.4403 9.5013 1.5706 0.1520
Cyclist -1 -1 -0.7460 698.9015 167.6849 719.2872 189.0809 1.8020 1.9114 0.5828 8.4453 1.3670 61.7149 -0.6110 0.2787
Cyclist -1 -1 3.2482 340.1074 183.6270 350.6718 204.0834 1.7385 1.8575 0.6765 -23.2419 2.6992 63.3350 2.8976 0.2692
Cyclist -1 -1 0.2971 197.9168 180.4380 217.1463 207.3194 1.7501 1.8372 0.6157 -27.0601 2.2702 48.4789 -0.2099 0.1733
Cyclist -1 -1 -0.4253 763.6041 169.5460 789.0585 203.0362 1.7446 1.8642 0.6045 8.8379 1.5727 38.5585 -0.2021 0.1720
Cyclist -1 -1 2.7720 826.2579 163.1094 866.9976 223.9950 1.8111 1.8359 0.5645 7.2734 1.5216 22.3939 3.0816 0.1681
Cyclist -1 -1 0.1586 5.0202 177.2345 32.4953 221.5133 1.7940 1.8781 0.6005 -24.9238 1.9847 30.3857 -0.5242 0.1550
Cyclist -1 -1 -0.7076 1104.3586 154.9245 1226.1492 270.8786 1.7306 1.7436 0.5352 8.8466 1.4634 11.6550 -0.0710 0.1524
Car -1 -1 1.9442 197.9810 190.5127 271.9694 228.3057 1.4920 1.7187 3.5961 -16.6354 2.3242 32.1110 1.4693 0.6737
Car -1 -1 0.0379 368.3596 183.1665 398.6293 209.4922 1.5118 3.6699 1.6597 -14.1113 2.1835 44.9789 -0.2648 0.6135
Car -1 -1 0.1498 277.9430 182.7385 304.4456 200.5233 1.5119 3.8622 1.6474 -29.0229 2.4411 65.7252 -0.2648 0.2251
Car -1 -1 -0.0914 197.8380 181.6935 230.1515 205.1951 1.5204 3.8587 1.6315 -27.6513 2.1620 50.2792 -0.5923 0.1845
Car -1 -1 3.1708 330.4475 181.4171 351.9818 199.6053 1.5316 3.7929 1.6996 -24.1203 2.3253 64.7751 2.8154 0.1744
Car -1 -1 -2.7184 447.2965 180.7485 480.4254 197.4657 1.4814 3.3058 1.8413 -13.6518 2.2398 67.4682 -2.9176 0.1642
Car -1 -1 3.5470 56.2734 194.5933 150.7488 237.2896 1.4796 3.8874 1.7191 -20.3989 2.4221 29.1910 2.9411 0.1616
Car -1 -1 0.2074 500.2464 181.7832 538.5143 207.4813 1.5016 3.7778 1.6503 -5.6944 2.0888 45.4653 0.0831 0.1564
Car -1 -1 2.9756 654.5502 180.9908 690.1779 205.5432 1.5202 3.9387 1.7251 4.0764 2.0854 48.0538 3.0592 0.1544
