Cyclist -1 -1 0.1904 0.0000 184.1444 37.0201 245.7101 1.7246 1.8268 0.6104 -17.7172 2.0764 21.5064 -0.4928 0.4130
Car -1 -1 -1.8691 725.0928 177.9134 895.6400 286.3369 1.5548 1.6531 4.0763 3.2177 1.6582 12.6188 -1.6261 0.8129
Car -1 -1 1.9906 58.6519 197.1595 320.0613 336.6267 1.5550 1.8226 4.0199 -5.9975 1.9904 10.8378 1.4950 0.7719
Car -1 -1 1.0384 303.6958 191.7702 462.8713 262.2170 1.5121 3.0996 2.4118 -5.8234 2.0488 18.4946 0.7367 0.7642
Car -1 -1 1.3695 668.2004 180.3888 731.1553 223.9987 1.5205 1.6207 4.0338 3.3466 1.8344 27.9497 1.4867 0.7170
Car -1 -1 -1.7597 696.7208 173.1506 795.8124 246.3520 1.6221 1.6710 3.9131 3.2122 1.6307 17.9715 -1.5865 0.7091
Car -1 -1 3.3024 463.1597 182.7478 514.5001 219.8351 1.5584 4.0897 1.7115 -5.5857 2.0457 33.4577 3.1377 0.6931
Car -1 -1 1.6987 403.5704 188.3448 473.8744 238.8016 1.5036 1.8872 3.3611 -5.7401 2.0648 24.3517 1.4690 0.6649
Car -1 -1 -1.7000 650.0492 178.7583 686.9504 206.9698 1.5361 1.6503 3.8373 3.3284 1.8967 42.0624 -1.6222 0.5615
Car -1 -1 -3.7897 1049.9156 150.6000 1242.0000 270.4463 1.7309 1.7611 3.7937 9.3076 1.4098 11.3471 -3.1158 0.4430
Car -1 -1 -0.4695 867.7948 172.0887 1038.3922 254.3646 1.5076 3.6706 1.6880 6.9152 1.4940 15.0923 -0.0479 0.3990
Car -1 -1 -0.3460 457.2237 175.1277 493.9713 196.1319 1.5557 3.6657 1.6495 -10.4631 1.7385 55.8709 -0.5306 0.3866
