Cyclist -1 -1 2.3477 1053.7480 172.6116 1092.3721 205.6093 1.7232 1.8212 0.6235 24.7382 1.7109 38.6348 2.9134 0.2605
Car -1 -1 1.7998 324.9869 195.0372 419.8293 259.9707 1.4585 1.6308 3.5241 -6.2755 2.1075 19.2729 1.4884 0.7746
Car -1 -1 -3.0147 661.3249 176.4554 735.9622 230.3056 1.5397 3.2423 1.9395 2.8096 1.6623 22.6797 -2.8937 0.7625
Car -1 -1 1.5022 398.4352 189.1834 470.4636 237.4790 1.4667 2.2050 2.9818 -6.1462 2.0693 24.8529 1.2616 0.7036
Car -1 -1 1.7065 449.2744 181.6582 499.4852 219.2015 1.5715 1.7589 3.8017 -6.1851 1.9989 33.0520 1.5224 0.5575
Car -1 -1 2.9523 498.0759 181.3734 533.5500 205.1147 1.5058 3.9097 1.6976 -6.5184 2.1146 49.4061 2.8214 0.4704
Car -1 -1 1.5446 479.5713 180.7456 514.9320 210.4438 1.5220 1.8331 3.4991 -6.3035 1.9791 39.8657 1.3883 0.3171
Car -1 -1 0.0346 411.0055 177.9059 431.9341 196.6912 1.5571 3.7900 1.6351 -16.4335 2.0122 62.9218 -0.2202 0.3080
Car -1 -1 -2.9485 1105.3262 170.2541 1240.4089 214.0650 1.5035 1.7612 3.6834 20.7300 1.4146 26.7225 -2.2944 0.2861
Car -1 -1 3.1484 531.9103 180.7802 551.4105 198.4195 1.5103 3.4649 1.7079 -6.1835 2.2466 65.1944 3.0538 0.2558
Car -1 -1 -1.4599 451.0518 170.4466 496.3364 191.1265 1.7444 3.6379 1.8361 -11.6856 1.5417 61.9135 -1.6460 0.2517
Car -1 -1 0.0875 0.0000 196.8607 61.6877 245.1021 1.4843 3.7361 1.7389 -21.2371 2.4263 26.2616 -0.5877 0.2410
Car -1 -1 -2.0908 992.3588 166.5601 1064.3199 189.3833 1.5962 4.0513 1.8490 29.7206 1.1564 51.3873 -1.5692 0.2404
