Pedestrian -1 -1 -0.0958 881.3859 192.3724 903.3497 240.0757 1.7162 0.7265 0.6877 10.4229 2.4524 26.7593 0.2710 0.1591
Pedestrian -1 -1 0.9788 32.7052 113.6930 195.2775 375.0000 1.7955 0.7305 0.6868 -3.6843 1.3989 5.3080 0.3947 0.1564
Cyclist -1 -1 1.6762 475.9462 177.1322 530.2817 223.4714 1.7248 1.9697 0.7532 -4.0791 1.8898 27.3479 1.5289 0.2558
Cyclist -1 -1 -1.0362 784.5607 165.0887 856.4607 226.5818 1.6752 1.7612 0.8911 5.9469 1.4640 20.5993 -0.7595 0.2177
Cyclist -1 -1 -0.2975 694.5323 173.9698 721.5345 217.3578 1.7070 1.7836 0.5848 3.9320 1.7542 29.3605 -0.1663 0.1815
Cyclist -1 -1 3.4524 0.0000 74.5148 168.5772 372.7848 1.7378 1.7271 0.5073 -3.7207 1.1652 5.1011 2.8464 0.1669
Cyclist -1 -1 -1.6859 754.6420 164.1542 845.7015 249.9127 1.7365 1.7682 0.6546 3.8885 1.5607 15.0484 -1.4386 0.1533
Car -1 -1 -2.0443 826.2579 169.9776 1242.0000 375.0000 1.6117 1.6392 3.9818 3.2092 1.5957 6.1032 -1.5810 0.7954
Car -1 -1 -1.7684 731.2719 167.3539 840.2094 245.4576 1.6116 1.6778 3.9380 3.9110 1.4984 16.8749 -1.5452 0.6687
Car -1 -1 1.5715 571.3136 178.4055 614.8785 216.0901 1.5275 1.8012 3.8366 -0.7871 1.7871 31.7550 1.5463 0.6306
Car -1 -1 -2.5247 582.4902 179.2911 641.2777 207.6867 1.4932 2.5600 2.2208 0.0866 1.8690 40.3923 -2.5231 0.5204
Car -1 -1 -0.4552 609.2407 180.5903 648.9794 201.4975 1.5757 3.8461 1.6671 1.4739 2.2207 58.0232 -0.4305 0.2520
