Pedestrian -1 -1 1.7201 115.2263 158.8416 242.5402 340.3417 1.8100 1.0731 0.6340 -4.5518 1.5957 7.5371 1.1969 0.8022
Pedestrian -1 -1 1.4430 55.6136 189.9415 99.9071 251.2552 1.7008 0.9384 0.7779 -15.2478 1.9829 20.3992 0.8100 0.4174
Pedestrian -1 -1 1.5053 1125.1145 193.9485 1224.0000 370.0000 1.6725 0.7071 0.7358 4.3469 1.7857 5.3523 2.1603 0.3945
Pedestrian -1 -1 2.4047 832.3820 173.4445 877.5411 243.3125 1.7129 0.7347 0.7821 6.2587 1.5415 17.8207 2.7385 0.3312
Pedestrian -1 -1 2.9909 253.1297 166.2741 305.7719 260.6101 1.7441 0.8924 0.8047 -6.3405 1.4827 13.6603 2.5669 0.3298
Pedestrian -1 -1 2.8841 517.4869 164.7171 567.2205 262.5752 1.7238 0.8800 0.7084 -1.2048 1.4474 12.9839 2.7955 0.2544
Pedestrian -1 -1 2.6663 641.2213 161.7199 698.3666 261.3575 1.7546 0.8737 0.7234 1.1362 1.4255 12.9873 2.7532 0.2525
Pedestrian -1 -1 3.0300 12.8654 173.2830 69.3245 262.4823 1.7336 0.8525 0.8127 -11.4716 1.5949 14.3252 2.3673 0.2515
Pedestrian -1 -1 1.2902 555.8537 160.0055 612.7587 251.0131 1.8343 1.0575 0.5984 -0.4765 1.4229 14.6927 1.2602 0.2279
Pedestrian -1 -1 -1.7953 966.4810 198.2907 1102.7542 370.0000 1.6838 0.7092 0.7338 3.1343 1.8307 5.3130 -1.2865 0.2267
Pedestrian -1 -1 0.7673 1043.3315 190.8119 1117.6992 282.5052 1.6832 0.8847 0.7933 9.0703 1.8898 13.5679 1.3472 0.1857
Pedestrian -1 -1 -0.8386 729.0231 153.9932 784.5785 248.2469 1.8310 0.8424 0.7034 3.0194 1.3177 14.2780 -0.6329 0.1774
Pedestrian -1 -1 -0.8308 994.4467 166.0552 1069.7947 274.4081 1.7639 0.8730 0.6680 7.2030 1.5304 12.0210 -0.3010 0.1771
Pedestrian -1 -1 2.7555 605.6108 164.4869 655.1531 252.8833 1.7651 0.8768 0.7494 0.4749 1.4470 14.6542 2.7889 0.1756
Pedestrian -1 -1 2.7506 818.3762 167.2173 866.2202 257.7883 1.7300 0.8723 0.6029 4.6301 1.4779 13.9583 3.0658 0.1704
Cyclist -1 -1 -0.8721 0.0000 169.3634 99.1960 259.8466 1.7892 1.8473 0.6148 -11.4172 1.5706 14.3183 -1.5327 0.2367
Cyclist -1 -1 0.0372 253.5797 167.4481 301.1543 263.6693 1.7381 1.7469 0.7588 -6.3698 1.5039 13.7186 -0.3869 0.2236
Cyclist -1 -1 1.7143 627.4038 162.6130 735.8221 259.4974 1.7101 1.9100 0.7193 1.3807 1.3960 13.0581 1.8189 0.2197
Cyclist -1 -1 -0.0448 522.0691 163.0785 560.0368 266.8560 1.7683 1.8363 0.6093 -1.2425 1.4731 12.9937 -0.1361 0.2162
Cyclist -1 -1 1.0191 1041.2817 192.5826 1224.0000 370.0000 1.7050 1.7667 0.5998 5.1164 1.8261 6.6109 1.6562 0.2129
Cyclist -1 -1 -2.0290 1020.9537 189.1573 1135.8691 282.1526 1.7212 1.7170 0.6750 9.0305 1.8947 13.5992 -1.4522 0.2124
Cyclist -1 -1 1.4337 684.0065 161.3426 760.3392 231.4312 1.7546 1.8505 0.6240 2.9335 1.2766 18.0285 1.5940 0.2008
Cyclist -1 -1 -1.6050 557.1119 148.2288 633.2688 221.6882 1.8110 1.8835 0.6335 -0.2931 1.0170 17.7882 -1.6191 0.1909
Cyclist -1 -1 -0.9759 1121.8197 147.0166 1224.0000 256.8468 1.7548 1.9031 0.6050 10.1124 1.2215 12.2902 -0.2984 0.1894
Cyclist -1 -1 -1.1167 283.4822 196.6100 359.1285 267.2179 1.8056 1.7290 0.6899 -7.5167 2.2422 18.6755 -1.4923 0.1874
Cyclist -1 -1 1.9755 245.7603 174.9947 383.7227 286.8577 1.6979 1.8822 0.7024 -4.5737 1.6160 11.1018 1.5964 0.1659
Cyclist -1 -1 -1.5856 592.9177 163.1243 682.6380 249.6492 1.7622 1.8288 0.6974 0.6355 1.4099 14.7697 -1.5418 0.1549
Car -1 -1 -2.2749 1154.7429 183.3758 1224.0000 370.0000 1.5482 1.6733 3.9049 6.5539 1.5813 5.6940 -1.4453 0.2597
Car -1 -1 0.0470 49.1395 187.4947 113.7488 233.7623 1.5293 4.1052 1.7021 -19.3366 1.8117 26.2077 -0.5813 0.1956
Car -1 -1 2.4982 555.6284 172.4733 604.7082 194.4775 1.5464 3.7289 1.6847 -1.8401 0.9836 51.6649 2.4645 0.1892
