Pedestrian -1 -1 -0.4323 809.3575 161.2645 841.1053 217.8666 1.7998 0.8426 0.6948 6.9298 1.4316 23.4082 -0.1484 0.2601
Pedestrian -1 -1 0.8048 1057.0673 182.2950 1107.7753 246.5743 1.6727 0.8855 0.7212 12.6091 1.9320 19.3431 1.3748 0.2440
Pedestrian -1 -1 -0.8035 784.6780 142.1006 823.5084 211.5384 1.8420 0.8249 0.6144 5.2335 1.0266 19.6499 -0.5472 0.2276
Pedestrian -1 -1 0.0050 828.1136 179.6486 843.7300 219.0128 1.7361 0.7300 0.6624 10.1113 2.0460 32.4215 0.3041 0.2242
Pedestrian -1 -1 0.3725 1117.1389 178.4926 1132.3424 203.2524 1.7712 0.7378 0.6768 37.2968 2.1842 52.3183 0.9887 0.1839
Pedestrian -1 -1 -2.2165 860.8878 193.3937 931.3838 279.0664 1.5189 0.7197 1.1060 5.3705 1.9279 13.7228 -1.8518 0.1579
Pedestrian -1 -1 -3.0348 718.5562 172.3704 725.9420 193.4240 1.8117 1.1045 0.5213 9.7333 1.7704 62.6860 -2.8818 0.1493
Cyclist -1 -1 -0.5258 798.4720 161.6720 843.3795 219.4993 1.8152 1.8688 0.5356 6.8333 1.4645 23.6176 -0.2480 0.6417
Cyclist -1 -1 -0.6503 858.8068 172.8955 877.7897 192.3194 1.8151 1.9662 0.6308 24.4793 1.8195 68.4596 -0.3086 0.3240
Cyclist -1 -1 1.1897 839.6296 178.3681 943.8354 267.8281 1.6609 1.7628 0.5738 5.2938 1.7686 13.7363 1.5494 0.2170
Cyclist -1 -1 -0.7726 1053.8888 185.8288 1114.4069 247.0228 1.5435 1.5217 0.3948 12.6165 1.9054 19.3146 -0.2017 0.1956
Cyclist -1 -1 0.3742 239.3437 179.7315 254.4047 199.4355 1.7991 1.9615 0.5826 -34.0204 2.4532 67.5803 -0.0908 0.1844
Cyclist -1 -1 -0.6534 921.8942 171.5202 940.8705 190.4221 1.7182 1.7806 0.6458 29.6037 1.5973 66.5271 -0.2366 0.1775
Cyclist -1 -1 -0.9988 1056.5226 165.1693 1087.7983 189.8592 1.8190 1.9295 0.6512 34.6540 1.2532 54.1669 -0.4324 0.1610
Car -1 -1 -1.9888 347.1743 183.9640 403.6599 211.7144 1.5351 2.1358 3.1326 -14.1278 2.2311 43.2949 -2.3028 0.4856
Car -1 -1 -0.4438 665.7856 182.7673 705.1300 203.3744 1.5226 3.6092 1.7117 5.9197 2.3363 57.2091 -0.3418 0.2289
Car -1 -1 -0.3919 718.2083 179.2761 760.6218 201.5502 1.5518 3.9266 1.7205 9.5327 2.0478 53.5806 -0.2172 0.2057
Car -1 -1 -0.8025 861.8008 180.3443 915.6812 202.4758 1.5028 3.4257 1.6787 20.0896 2.0647 52.1884 -0.4374 0.2032
Car -1 -1 2.8258 769.8723 179.7409 800.7692 196.8163 1.5106 3.2650 1.8542 16.2041 2.1657 66.9006 3.0620 0.1500
