Pedestrian -1 -1 -2.6991 426.0031 174.4713 439.5829 199.4660 1.8061 0.9706 0.6071 -12.9771 1.9258 52.7396 -2.9396 0.3696
Pedestrian -1 -1 2.0245 1001.0397 162.3453 1068.6665 265.2599 1.6904 0.7788 0.6910 7.2242 1.5181 12.3651 2.5423 0.2809
Pedestrian -1 -1 2.3140 532.5676 159.4568 552.7100 194.2363 1.8975 0.9262 0.6308 -3.7606 1.1670 39.8949 2.2203 0.2576
Pedestrian -1 -1 1.9395 895.7383 172.9491 921.8110 216.6250 1.6911 0.7711 0.6435 11.7327 1.6953 28.4356 2.3266 0.2133
Pedestrian -1 -1 3.0884 221.6198 129.8727 263.9252 239.4848 1.8681 0.6146 0.6356 -6.5300 1.1360 12.7190 2.6223 0.2074
Pedestrian -1 -1 1.8644 1024.9415 172.2385 1079.4187 262.6993 1.6870 0.7302 0.7123 8.5064 1.6759 13.9633 2.4015 0.2069
Pedestrian -1 -1 2.0144 1152.3149 134.9102 1242.0000 350.6186 1.7318 0.8158 0.6940 5.3403 1.4276 6.3081 2.6937 0.1966
Cyclist -1 -1 -2.8803 870.6883 162.0176 905.4402 203.9820 1.6976 1.7035 0.9545 11.5906 1.2596 30.1551 -2.5170 0.3638
Cyclist -1 -1 -1.9905 1046.5677 150.6177 1169.0770 247.4682 1.7836 1.8456 0.5800 9.3838 1.3745 13.7270 -1.4012 0.3061
Cyclist -1 -1 -0.1686 425.8824 177.0293 437.9734 200.4074 1.6704 1.6289 0.5925 -13.0462 1.9809 52.7264 -0.4104 0.2971
Cyclist -1 -1 0.1045 535.5710 162.4873 549.1628 196.4218 1.8378 1.9292 0.5547 -3.7799 1.2767 40.0416 0.0107 0.2845
Cyclist -1 -1 -0.3790 701.5791 169.2774 721.1935 197.3080 1.7778 1.8697 0.6053 6.5255 1.5513 46.7408 -0.2415 0.2423
Cyclist -1 -1 3.4870 0.0000 141.4480 121.5975 375.0000 1.6866 1.8616 0.5132 -4.2701 1.4976 5.3132 2.8340 0.2329
Cyclist -1 -1 -0.5526 1090.0101 181.6079 1242.0000 375.0000 1.6135 1.6021 0.2980 4.7260 1.6994 6.2384 0.0722 0.2172
Cyclist -1 -1 -0.3607 842.4191 180.3553 896.4946 276.2655 1.6071 1.5335 0.3805 4.5882 1.7505 12.9805 -0.0290 0.2114
Cyclist -1 -1 -0.6714 1116.4149 124.4696 1242.0000 273.6223 1.7489 1.6219 0.8603 7.4603 1.1819 9.2725 -0.0095 0.2060
Car -1 -1 -1.8473 787.7554 174.6362 902.2317 217.7831 1.5749 3.7889 1.7348 8.7873 1.6451 27.3361 -1.5400 0.6607
Car -1 -1 -0.9932 49.9983 171.6712 266.4853 248.7979 1.6883 3.9493 1.7426 -10.3964 1.6628 16.7183 -1.5427 0.3215
Car -1 -1 -0.2327 651.2448 167.1211 687.7395 191.3630 1.6194 3.7913 1.6924 4.0660 1.2368 50.2000 -0.1527 0.3200
Car -1 -1 -1.7668 750.6612 158.0461 860.3726 201.4102 1.8121 4.2974 1.8305 8.3336 1.1937 31.1961 -1.5085 0.3128
Car -1 -1 2.3821 678.5438 176.3038 724.5796 196.7911 1.5446 3.1899 1.9321 7.1703 1.8258 56.8784 2.5064 0.2089
