Pedestrian -1 -1 -1.5453 972.6277 166.1548 1003.4835 227.2366 1.7664 0.7971 0.6533 11.1382 1.5730 21.3406 -1.0705 0.2625
Pedestrian -1 -1 -0.9869 653.4359 171.8806 670.4536 203.1594 1.8223 0.7409 0.6946 3.0291 1.7660 42.5353 -0.9168 0.2534
Pedestrian -1 -1 -1.4667 363.1369 177.0556 372.5897 198.9773 1.7033 0.6364 0.6759 -19.0218 2.0357 56.6124 -1.7897 0.1971
Pedestrian -1 -1 -1.4692 331.7845 174.0862 340.8192 195.6236 1.7147 0.6142 0.6565 -21.9800 1.8146 57.8841 -1.8309 0.1744
Pedestrian -1 -1 2.6190 650.7497 165.0199 667.9081 199.8855 1.9069 0.7027 0.6877 2.6924 1.4788 39.9267 2.6854 0.1699
Pedestrian -1 -1 2.3356 1094.0013 157.3062 1140.0557 226.0241 1.8108 0.7331 0.7022 13.6057 1.4015 19.4405 2.9387 0.1628
Pedestrian -1 -1 -0.8724 533.0911 172.7888 554.2762 212.5446 1.7288 0.6329 0.6945 -2.9654 1.7263 31.8392 -0.9651 0.1596
Pedestrian -1 -1 1.8892 1116.5042 157.1563 1159.9783 221.2904 1.7965 0.8372 0.6936 15.1428 1.3571 20.7511 2.5125 0.1586
Cyclist -1 -1 3.1556 363.0486 177.6712 371.6088 200.6466 1.7611 1.8356 0.6114 -19.0829 2.1464 56.6786 2.8319 0.2878
Cyclist -1 -1 -0.4528 658.2019 173.1945 688.1772 205.5301 1.6268 1.8200 0.8276 3.2168 1.6453 37.3173 -0.3680 0.2096
Cyclist -1 -1 -0.5917 966.6980 163.4091 1024.2577 226.1800 1.7751 1.8037 0.5824 11.3157 1.5084 21.3302 -0.1102 0.2021
Cyclist -1 -1 -0.6879 630.4926 171.6018 648.5135 191.2950 1.7558 1.8544 0.5812 2.6408 1.6445 65.2420 -0.6480 0.1787
Cyclist -1 -1 2.9524 533.2885 175.2391 553.5856 214.4767 1.6842 1.7530 0.5739 -3.0035 1.7934 32.0015 2.8591 0.1643
Car -1 -1 -1.6220 565.8336 181.8848 713.5504 320.7694 1.5202 1.6798 4.0319 0.2208 1.6739 10.2024 -1.6026 0.5394
Car -1 -1 -0.2354 584.9510 171.9528 633.0507 203.4958 1.6157 3.9881 1.7113 -0.1479 1.5699 39.0958 -0.2397 0.3277
Car -1 -1 -3.0081 586.2841 179.4648 660.2758 238.4264 1.5550 3.9476 1.7004 0.4438 1.7721 21.5737 -2.9887 0.2126
Car -1 -1 2.6055 128.4205 179.2481 185.1568 203.2034 1.6637 3.9039 1.7657 -33.1243 2.1458 52.6821 2.0463 0.2006
Car -1 -1 -2.8089 523.9512 180.7391 571.2774 207.0793 1.5660 4.2705 1.7429 -3.9952 2.1000 46.5461 -2.8946 0.1981
Car -1 -1 -0.4291 504.7064 182.0638 545.3946 203.4954 1.5226 3.6623 1.7072 -6.5327 2.2506 54.9931 -0.5472 0.1848
Car -1 -1 -0.1466 642.5677 174.8025 678.8277 201.4124 1.5528 3.8010 1.6746 3.0377 1.6783 44.3508 -0.0791 0.1798
Car -1 -1 2.6838 523.0675 180.0351 561.8336 199.7330 1.5247 3.7295 1.6985 -5.6120 2.1361 59.3627 2.5896 0.1583
