Pedestrian -1 -1 0.7636 1050.4117 141.6404 1188.9456 317.6194 1.8291 1.0423 0.7221 5.6080 1.4269 7.8018 1.3695 0.7458
Pedestrian -1 -1 1.7167 1116.3438 187.8546 1224.0000 370.0000 1.6538 0.7210 0.6942 4.3292 1.7164 5.3469 2.3702 0.4132
Pedestrian -1 -1 1.4207 56.4530 189.6137 101.3424 251.2657 1.7114 0.9392 0.7765 -15.2212 1.9839 20.4081 0.7888 0.3662
Pedestrian -1 -1 2.5537 831.9969 170.9980 875.7562 239.9280 1.6901 0.7951 0.7169 6.2231 1.4587 17.8066 2.8860 0.3554
Pedestrian -1 -1 2.6487 641.4466 163.2811 696.4787 262.1128 1.7478 0.8511 0.6866 1.1254 1.4450 13.0260 2.7345 0.3518
Pedestrian -1 -1 -0.1440 254.7443 165.5835 304.6380 260.3686 1.7533 0.8856 0.7617 -6.3323 1.4791 13.6522 -0.5677 0.2900
Pedestrian -1 -1 2.8726 15.1699 172.4130 73.3148 261.3200 1.7340 0.8276 0.7366 -11.4070 1.5779 14.3276 2.2128 0.2746
Pedestrian -1 -1 0.9488 967.6561 191.6831 1134.8087 370.0000 1.6495 0.7858 0.7267 3.2761 1.7419 5.3315 1.4753 0.2142
Pedestrian -1 -1 -0.9709 1158.8345 145.3620 1224.0000 253.7381 1.7818 0.8327 0.6553 10.1188 1.2058 12.1114 -0.2861 0.2095
Pedestrian -1 -1 2.8149 517.0824 164.2180 567.5844 262.7369 1.7357 0.8676 0.6812 -1.2043 1.4505 12.9863 2.7264 0.2036
Pedestrian -1 -1 0.9451 810.2675 167.6028 870.1644 257.6194 1.7233 0.9398 0.6174 4.6003 1.4780 13.9694 1.2581 0.1952
Pedestrian -1 -1 -0.9366 992.9820 163.4968 1069.1927 272.2028 1.7685 0.8824 0.6763 7.1974 1.4936 12.0370 -0.4077 0.1890
Pedestrian -1 -1 1.4669 293.6378 193.2732 326.1601 263.8732 1.7984 0.7251 0.7206 -7.8347 2.1462 18.6718 1.0770 0.1720
Pedestrian -1 -1 1.7513 460.5058 170.6794 512.4191 254.8850 1.7440 0.9859 0.6317 -2.5392 1.5422 14.9632 1.5884 0.1565
Pedestrian -1 -1 1.2721 557.4293 159.8637 612.4100 249.6827 1.8162 1.0190 0.5812 -0.4641 1.4005 14.7311 1.2430 0.1556
Pedestrian -1 -1 1.3008 76.9671 201.0758 113.1838 260.1105 1.7605 0.7587 0.6916 -15.8641 2.4159 21.9502 0.6832 0.1449
Cyclist -1 -1 -1.0022 1122.1870 144.7832 1224.0000 256.3304 1.7799 1.8886 0.5857 10.0968 1.2116 12.2652 -0.3245 0.2653
Cyclist -1 -1 1.4428 683.6899 160.8513 759.8968 230.9752 1.7550 1.8514 0.6214 2.9238 1.2648 18.0304 1.6025 0.2111
Cyclist -1 -1 -1.1174 280.2074 196.4346 356.5377 265.4547 1.7671 1.7417 0.7021 -7.6049 2.1997 18.7036 -1.4964 0.1990
Cyclist -1 -1 1.8175 309.2848 176.1368 445.8309 287.3179 1.6800 1.9215 0.7184 -3.5754 1.6157 11.0903 1.5156 0.1964
Cyclist -1 -1 1.7187 632.6859 162.4714 736.8010 259.6773 1.7218 1.8383 0.6539 1.4371 1.4041 13.0688 1.8274 0.1871
Cyclist -1 -1 -0.4499 852.7119 171.6873 940.6786 293.5702 1.6392 1.7711 0.4456 4.1935 1.5224 10.4042 -0.0756 0.1819
Cyclist -1 -1 0.1005 253.0688 166.0303 301.8036 262.4546 1.7412 1.7544 0.6703 -6.3601 1.4816 13.7011 -0.3235 0.1787
Cyclist -1 -1 -0.5683 0.0000 169.5226 81.3167 262.5414 1.7985 1.8310 0.6225 -11.5701 1.5879 14.2598 -1.2373 0.1545
Cyclist -1 -1 -0.0890 520.7444 161.0654 562.3699 264.8727 1.7697 1.8262 0.5983 -1.2354 1.4400 13.0005 -0.1797 0.1545
Cyclist -1 -1 0.8861 1080.7802 185.8066 1224.0000 367.1845 1.5880 1.7417 0.5704 5.3844 1.6407 6.5010 1.5557 0.1482
Cyclist -1 -1 -1.6267 554.8087 147.8023 630.5422 220.5946 1.7937 1.8737 0.6350 -0.3610 0.9896 17.8029 -1.6445 0.1423
Car -1 -1 0.3996 21.1788 184.5641 125.3615 230.9707 1.5441 3.8521 1.6628 -19.3929 1.7067 25.9490 -0.2347 0.2231
Car -1 -1 0.1733 529.5973 162.3235 616.5280 229.0425 1.6542 4.2297 1.6994 -0.8047 1.2052 19.7356 0.1350 0.2160
Car -1 -1 1.0064 633.7967 175.7691 720.6620 218.5533 1.5313 1.7927 3.3713 2.6873 1.3635 27.2102 1.1054 0.1924
Car -1 -1 0.9732 916.9628 203.5475 1099.7002 271.1852 1.5635 3.7555 1.6955 10.1716 2.1865 18.0438 1.4803 0.1473
