Pedestrian -1 -1 -0.5323 718.9131 164.1087 738.5975 199.0636 1.9012 0.8980 0.7127 6.5099 1.4259 39.7903 -0.3717 0.3494
Pedestrian -1 -1 1.2071 720.2744 151.3315 772.8130 239.8430 1.9054 0.9572 0.6873 2.9607 1.4424 15.9552 1.3864 0.2670
Pedestrian -1 -1 2.5632 773.1793 172.1600 790.1946 202.3128 1.7431 0.7425 0.6696 9.9982 1.7033 42.1711 2.7940 0.2582
Pedestrian -1 -1 -1.7239 689.2854 170.0098 704.3563 194.1292 1.8239 1.0552 0.6190 6.5756 1.6092 54.8887 -1.6057 0.2283
Cyclist -1 -1 3.4015 296.1129 185.0748 323.1850 227.6789 1.6659 1.8151 0.5792 -12.3829 2.1850 29.6870 3.0091 0.5138
Cyclist -1 -1 0.7291 7.9140 214.9813 149.1456 375.0000 1.6154 1.5410 0.3291 -5.9943 2.1381 8.1601 0.1107 0.3032
Cyclist -1 -1 3.3488 433.1758 181.3258 446.7542 204.9458 1.7431 1.9859 0.6119 -12.9701 2.4006 54.9638 3.1177 0.2945
Cyclist -1 -1 3.6249 0.0000 197.5834 51.8465 269.3120 1.6401 1.6563 0.3747 -14.6014 2.2841 17.9293 2.9485 0.2882
Cyclist -1 -1 3.6207 134.1485 197.9200 179.6329 258.4644 1.7124 1.7738 0.3992 -13.8659 2.5100 22.0488 3.0644 0.2786
Cyclist -1 -1 -3.3436 772.1761 171.5168 788.6057 201.8766 1.7477 1.7867 0.5880 9.9772 1.6711 42.4339 -3.1147 0.2686
Cyclist -1 -1 0.0205 511.1676 185.2063 521.4530 210.6853 1.7384 1.6361 0.6877 -6.6327 2.6249 50.9035 -0.1089 0.2550
Car -1 -1 3.0275 490.3376 180.7839 521.5724 204.7886 1.5353 3.6030 1.7127 -7.1867 2.1002 49.4013 2.8833 0.4769
Car -1 -1 -1.4549 445.9968 185.3233 511.2274 210.9508 1.4620 3.6583 1.7046 -7.8326 2.2234 43.0670 -1.6342 0.4362
Car -1 -1 3.0289 510.7933 179.8448 538.4352 199.9649 1.5279 3.3707 1.8322 -6.9070 2.1074 57.9252 2.9103 0.3613
Car -1 -1 0.2056 342.2019 180.9062 382.7445 208.3702 1.5995 3.8125 1.6540 -15.4774 2.1264 45.1830 -0.1230 0.3274
Car -1 -1 -1.9592 807.7841 162.7502 868.2667 185.7908 1.6174 3.7046 1.8608 16.2893 0.9085 51.7328 -1.6560 0.2949
Car -1 -1 -1.3314 0.0000 207.5706 106.7163 375.0000 1.4909 1.6230 3.7676 -7.5051 2.0120 8.7696 -2.0244 0.2424
Car -1 -1 1.2729 865.0001 166.1731 924.0418 188.0323 1.5362 3.5894 1.7056 20.3146 1.0670 51.6883 1.6452 0.2331
Car -1 -1 -2.0126 876.5662 169.5385 957.8536 197.1785 1.6093 4.0621 1.8392 18.2354 1.4166 43.0150 -1.6145 0.2296
