Pedestrian -1 -1 -0.3337 455.5992 164.8240 475.1131 205.0462 1.8499 0.8494 0.6515 -6.8009 1.4809 33.7134 -0.5317 0.4416
Pedestrian -1 -1 2.5168 919.4884 151.5602 967.7842 237.5066 1.8487 0.6622 0.7128 7.3010 1.3910 15.9135 2.9394 0.3453
Pedestrian -1 -1 -0.3642 486.2175 170.5262 499.5049 198.7367 1.8612 0.7996 0.6307 -7.8423 1.7080 48.1051 -0.5253 0.3143
Cyclist -1 -1 -0.6976 744.5005 162.0815 782.5004 205.5605 1.8194 1.8378 0.5452 6.5641 1.3690 31.1284 -0.4922 0.3145
Cyclist -1 -1 -0.4875 897.8768 173.9376 950.9514 241.4928 1.6183 1.6492 0.4962 7.8329 1.6472 18.1521 -0.0868 0.2994
Cyclist -1 -1 2.4969 1021.0737 150.5552 1151.6721 283.7609 1.7772 1.8329 0.5871 6.8409 1.4801 10.5615 3.0584 0.2973
Cyclist -1 -1 2.6672 898.2285 161.2296 945.4836 221.3794 1.6523 1.6641 0.5295 8.8603 1.3334 20.6678 3.0666 0.2459
Cyclist -1 -1 -0.5138 931.1708 152.0212 1012.8065 249.2940 1.8208 1.8467 0.6130 7.1458 1.4312 14.4441 -0.0631 0.2213
Car -1 -1 -1.6968 679.7683 171.0110 743.7886 220.0926 1.5805 1.6951 4.0334 3.4285 1.5215 25.2541 -1.5641 0.7215
Car -1 -1 1.6118 506.2079 177.6664 552.4094 217.5891 1.5897 1.8278 3.6486 -3.4551 1.8099 31.0661 1.5014 0.6454
Car -1 -1 1.2525 762.1144 149.5252 1002.4965 308.7725 1.7032 1.7003 4.0722 3.2892 1.4540 9.7530 1.5677 0.6063
Car -1 -1 -1.3570 567.7434 174.6667 611.1967 203.1501 1.5557 1.8079 3.4611 -1.1695 1.6650 41.5099 -1.3855 0.4797
Car -1 -1 -2.4224 1004.8211 184.7973 1242.0000 375.0000 1.5469 1.7167 4.0890 2.9927 1.6163 2.0902 -1.5261 0.4307
Car -1 -1 2.8594 590.8026 180.8233 627.0930 201.4941 1.5249 3.2689 2.0055 -0.1401 2.1698 56.5028 2.8564 0.2246
