Pedestrian -1 -1 -0.3515 699.2904 159.5692 723.0692 210.6648 1.9080 0.7786 0.6644 3.7933 1.4123 27.3922 -0.2159 0.2960
Pedestrian -1 -1 2.8421 543.3370 171.1360 556.1919 199.5476 1.8554 0.7210 0.6608 -4.0046 1.7436 47.5757 2.7582 0.1854
Pedestrian -1 -1 -0.0994 734.3917 169.7482 764.3248 241.2630 1.7326 0.7425 0.6527 3.3959 1.6578 17.8760 0.0845 0.1532
Pedestrian -1 -1 3.1327 143.9442 149.4721 189.1335 268.3186 1.7720 0.6090 0.5823 -6.9142 1.4237 11.1673 2.5887 0.1296
Cyclist -1 -1 3.0035 561.9841 181.6296 572.6879 203.3369 1.7952 1.9875 0.6415 -3.6683 2.5567 61.5447 2.9437 0.4038
Cyclist -1 -1 -3.2143 709.8685 160.2961 733.9769 215.7347 1.7612 1.7121 0.6541 3.6319 1.3626 23.7980 -3.0653 0.2226
Cyclist -1 -1 2.6308 681.1494 165.8795 707.0594 201.2227 1.7665 1.8441 0.4742 4.2625 1.4182 37.0018 2.7441 0.2170
Cyclist -1 -1 -0.4049 631.7429 175.3811 645.8804 194.4995 1.7792 1.9408 0.6232 2.7068 2.0228 68.4324 -0.3660 0.1910
Cyclist -1 -1 -1.5488 650.2660 174.8159 680.7084 205.6267 1.7940 1.7733 0.6218 3.2355 1.9109 42.4560 -1.4738 0.1821
Cyclist -1 -1 -2.8718 709.1902 167.6736 756.5693 239.6479 1.7087 1.7722 0.7334 3.0530 1.5861 18.0853 -2.7081 0.1794
Cyclist -1 -1 -0.5710 688.3936 167.1309 728.4125 215.3311 1.7868 1.8877 0.5911 3.7184 1.5750 27.7249 -0.4397 0.1559
Car -1 -1 3.0066 648.5485 176.6040 683.3211 203.0767 1.5328 3.5792 1.6428 3.3467 1.7721 44.1321 3.0813 0.5019
Car -1 -1 1.1487 626.5360 184.3842 664.1827 204.1544 1.5225 1.7617 3.6920 2.8801 2.5141 59.9835 1.1959 0.2243
Car -1 -1 -0.2142 656.9011 175.8740 685.1403 194.3227 1.5408 3.5729 1.7204 5.2537 1.8117 62.7575 -0.1314 0.1916
