Pedestrian -1 -1 -0.9855 876.9800 129.5456 940.2103 236.7533 1.8370 0.8351 0.6299 5.2735 1.0953 12.8834 -0.6054 0.2247
Pedestrian -1 -1 -2.5287 1110.1965 205.1386 1242.0000 375.0000 1.4954 0.7342 1.0031 5.5161 1.8329 6.9435 -1.8791 0.1908
Cyclist -1 -1 -0.5832 836.9326 160.8187 894.8209 232.7352 1.8628 1.9077 0.5087 6.8954 1.5514 19.6735 -0.2514 0.6443
Cyclist -1 -1 -1.0485 1119.1582 165.6458 1155.8031 193.6872 1.8044 1.9078 0.5778 34.6157 1.3410 47.4163 -0.4211 0.2190
Cyclist -1 -1 -1.0041 1005.9865 164.7725 1035.4880 189.8201 1.8271 1.8856 0.5800 30.4704 1.2379 53.5969 -0.4897 0.2133
Cyclist -1 -1 -3.3752 1187.4730 165.6446 1208.0175 193.7960 1.7323 1.8670 0.5774 36.9085 1.2890 45.3639 -2.6956 0.1897
Cyclist -1 -1 0.5185 203.9354 183.9443 222.9626 203.9000 1.7533 1.9427 0.6321 -35.9813 2.7748 65.4534 0.0174 0.1688
Car -1 -1 3.4059 294.1862 189.0504 343.9584 217.7635 1.5421 3.6051 1.8552 -17.2217 2.5456 42.7880 3.0250 0.6192
Car -1 -1 1.9514 213.9932 189.4174 298.4898 233.3258 1.4812 1.6850 3.5558 -13.4454 2.1561 27.5520 1.5008 0.5782
Car -1 -1 0.3599 195.0473 185.6838 231.3639 203.6538 1.5322 3.9743 1.6381 -36.5788 2.7533 66.5732 -0.1411 0.2404
Car -1 -1 2.3118 1052.3461 182.3705 1139.7964 213.5178 1.4682 3.5179 1.6643 24.8548 1.9829 37.0831 2.8981 0.1834
Car -1 -1 1.5611 968.8335 172.9524 1013.5267 189.9686 1.5377 3.6166 1.7270 35.2400 1.5474 66.8115 2.0444 0.1825
Car -1 -1 -1.1873 0.0000 203.0683 67.0374 375.0000 1.5337 1.6300 3.9377 -6.2206 1.8772 6.0612 -1.9637 0.1691
Car -1 -1 -0.2884 939.9655 170.3766 974.1650 189.2847 1.5500 3.6854 1.6167 29.3180 1.3473 61.0912 0.1569 0.1689
