Pedestrian -1 -1 0.4161 252.3189 184.7273 327.0802 300.4502 1.6073 0.8615 0.7081 -4.7113 1.7883 10.5400 0.0044 0.3711
Cyclist -1 -1 2.6304 853.9444 180.5611 872.9876 205.3902 1.7542 1.8285 0.4677 18.4040 2.3254 52.4991 2.9653 0.3752
Car -1 -1 1.9975 65.2202 197.6861 273.7554 309.6367 1.4643 1.5870 3.6134 -7.1968 1.9472 12.1435 1.4717 0.7142
Car -1 -1 -1.6233 600.2829 180.5867 696.6240 271.8924 1.5101 1.6359 3.7504 0.5779 1.6822 14.1360 -1.5844 0.6910
Car -1 -1 3.7340 0.0000 201.4896 186.4476 294.8516 1.4866 3.6231 1.6708 -10.3956 2.1328 14.4395 3.1185 0.6783
Car -1 -1 1.8401 339.4488 187.9251 410.4433 230.4776 1.6068 1.8253 4.2120 -10.0034 2.2974 30.9020 1.5290 0.5876
Car -1 -1 0.3646 220.8380 183.0807 297.5211 222.8900 1.4995 3.6671 1.6625 -14.5513 1.9527 30.0470 -0.0832 0.5403
Car -1 -1 3.2762 396.9988 184.6374 441.2320 217.8743 1.5524 3.9583 1.6859 -9.8241 2.1946 37.2312 3.0195 0.4613
Car -1 -1 3.0647 491.7143 183.0902 528.5558 212.6367 1.5693 3.8093 1.8197 -5.8625 2.1918 41.7991 2.9257 0.4574
Car -1 -1 2.9401 446.8361 182.5852 486.0827 207.9060 1.5346 3.7307 1.8142 -9.4962 2.2020 47.3897 2.7430 0.4553
Car -1 -1 1.8717 694.6398 179.8972 756.8754 218.7601 1.5186 1.5880 3.8139 4.9916 1.8417 31.0004 2.0292 0.4340
Car -1 -1 -1.2371 732.8954 174.1274 837.5823 236.7496 1.5576 1.6665 3.8766 4.9231 1.5971 20.1105 -1.0011 0.4188
