Pedestrian -1 -1 -2.4733 1145.7336 213.0112 1242.0000 375.0000 1.6893 0.8404 0.7781 5.0634 2.0465 5.9379 -1.7931 0.2414
Pedestrian -1 -1 -0.1841 691.7550 187.4941 704.3414 213.4532 1.7266 0.6561 0.7348 5.9147 2.7230 48.7351 -0.0648 0.2341
Pedestrian -1 -1 3.1079 369.8974 179.4794 386.2002 218.1293 1.6754 0.8130 0.6603 -10.3115 1.9736 31.9386 2.7976 0.1879
Pedestrian -1 -1 -1.9288 351.7826 171.4662 363.4077 196.3789 1.7012 0.5424 0.7088 -17.4216 1.6067 49.7131 -2.2644 0.1667
Pedestrian -1 -1 1.3617 733.9400 181.7050 757.5856 221.3849 1.7273 0.9065 0.6688 5.9587 2.1234 31.9082 1.5439 0.1543
Cyclist -1 -1 -0.0577 350.6888 171.9452 361.9665 198.6173 1.7954 1.9205 0.6219 -17.4652 1.7346 49.5737 -0.3950 0.2254
Cyclist -1 -1 -3.7992 1139.7621 203.2317 1242.0000 375.0000 1.6576 1.6255 0.4267 5.1769 1.9469 6.0438 -3.1161 0.2158
Cyclist -1 -1 -0.2077 690.6064 178.4517 711.4350 216.8955 1.7857 1.8378 0.6227 4.3299 2.0628 34.7292 -0.0854 0.1975
Cyclist -1 -1 0.3922 141.0818 171.1383 180.2499 216.5370 1.7376 1.8132 0.6701 -17.8055 1.6723 28.5624 -0.1612 0.1953
Cyclist -1 -1 -3.2086 692.2704 187.0065 703.7479 214.0338 1.7593 1.6768 0.6538 5.9053 2.7320 48.7138 -3.0894 0.1879
Cyclist -1 -1 2.3923 356.8487 178.7150 394.6093 218.1706 1.7133 1.7634 0.5491 -10.4996 1.9806 32.1963 2.0791 0.1586
Cyclist -1 -1 0.4390 130.4096 173.8678 173.0473 223.6273 1.7813 1.8742 0.5938 -17.0593 1.8208 26.8333 -0.1230 0.1483
Cyclist -1 -1 -0.6182 854.2183 171.5180 928.9445 255.6928 1.7837 1.8649 0.5812 6.2549 1.7558 16.2629 -0.2579 0.1390
Cyclist -1 -1 -0.4986 727.2775 179.6860 759.2465 220.5860 1.7474 1.8217 0.5939 5.8723 2.0609 32.1027 -0.3200 0.1327
Car -1 -1 0.5168 437.7529 181.9024 499.7278 211.4726 1.5362 3.2782 2.0646 -7.9152 2.0683 40.5165 0.3247 0.3311
Car -1 -1 -0.6879 689.6202 182.3814 774.4637 219.2814 1.5443 4.0491 1.6818 5.5473 2.0156 33.4889 -0.5259 0.3019
Car -1 -1 -0.0671 177.6343 193.0910 210.3806 216.7199 1.5398 3.9445 1.8202 -30.5171 3.0823 52.8366 -0.5890 0.2449
Car -1 -1 3.6363 54.8390 181.7443 162.0387 229.2192 1.5482 3.6929 1.6176 -18.0929 1.8946 26.1677 3.0360 0.1957
Car -1 -1 3.6974 53.3396 196.8549 116.5850 220.6050 1.4483 3.7869 1.8052 -36.2534 3.1734 49.8960 3.0714 0.1789
Car -1 -1 -0.1076 501.0701 181.9642 525.1490 200.5028 1.5312 3.3617 1.7372 -8.5375 2.3533 63.2405 -0.2417 0.1788
Car -1 -1 -0.5742 647.9263 178.4230 702.0022 203.0245 1.5870 4.2090 1.6961 4.4017 1.9893 49.8210 -0.4871 0.1622
