Pedestrian -1 -1 -0.8105 658.8450 176.6018 674.4276 203.3250 1.7348 0.7412 0.7043 3.6967 1.9845 47.4909 -0.7338 0.4082
Pedestrian -1 -1 -0.5939 704.8322 171.1727 732.5562 219.8678 1.7841 0.7923 0.6987 4.0116 1.7229 26.9415 -0.4483 0.2970
Pedestrian -1 -1 3.3097 289.9710 161.2953 325.7765 236.3717 1.8260 0.8381 0.6935 -7.5886 1.5452 18.0325 2.9162 0.2663
Pedestrian -1 -1 2.4816 747.6671 163.9123 791.7035 235.9681 1.7774 0.8607 0.7130 4.0032 1.5572 18.3374 2.6924 0.2646
Pedestrian -1 -1 0.9411 484.3421 171.5751 499.8558 194.1773 1.7823 1.0324 0.6551 -9.4181 1.6818 57.4922 0.7792 0.2207
Cyclist -1 -1 -0.2487 658.3326 176.7051 674.2474 203.7387 1.7352 1.8397 0.6073 3.6689 1.9944 47.5410 -0.1727 0.4108
Cyclist -1 -1 2.8971 485.1023 172.8107 498.3912 195.3646 1.7693 1.8514 0.6155 -9.4671 1.7662 57.5706 2.7345 0.2919
Cyclist -1 -1 3.4721 0.0000 129.9655 85.1621 333.2549 1.7767 1.8311 0.5137 -5.9593 1.4022 7.2522 2.8020 0.2697
Car -1 -1 1.6495 442.9124 188.4729 512.4846 250.3727 1.4725 1.6042 3.7631 -3.6392 1.9502 20.0982 1.4719 0.7666
Car -1 -1 1.8137 0.0000 185.6997 226.2125 281.8941 1.4979 3.7043 1.7084 -9.2109 1.7570 13.0752 1.2093 0.5914
Car -1 -1 1.3828 442.2818 182.2800 507.1634 208.5811 1.4649 3.5031 1.7791 -8.0490 2.0423 42.7033 1.1971 0.4922
Car -1 -1 -0.4941 628.1171 177.5468 668.5292 197.2057 1.5683 3.9600 1.7188 3.1639 1.9777 60.7441 -0.4428 0.3472
Car -1 -1 2.4774 900.2949 129.7349 1242.0000 375.0000 1.6193 4.1764 1.6822 4.4988 1.3459 6.7382 3.0456 0.2523
Car -1 -1 1.7879 587.7936 184.5427 635.8917 205.8845 1.5424 3.3460 1.7720 0.1300 2.4491 54.7179 1.7897 0.2325
Car -1 -1 -0.3788 440.3045 165.6753 484.2744 189.9878 1.6250 3.8670 1.6905 -10.3628 1.1456 50.3039 -0.5812 0.2236
