Pedestrian -1 -1 2.9405 657.4202 134.8293 684.8658 212.5647 1.8817 0.6517 0.5536 1.4558 0.9616 17.8198 3.0201 0.3711
Cyclist -1 -1 1.2321 923.0095 167.9605 970.5051 206.9675 1.7923 1.8979 0.6362 15.6099 1.5678 33.5559 1.6637 0.3495
Cyclist -1 -1 2.3779 1017.1892 168.5928 1051.6017 200.2066 1.7166 1.7243 0.6246 23.5269 1.4856 40.0878 2.9051 0.3469
Car -1 -1 -1.8231 631.1520 181.2577 750.3772 265.7991 1.5083 1.5907 3.6028 1.5089 1.7073 15.1518 -1.7269 0.7711
Car -1 -1 0.7527 216.8600 178.0607 294.4037 208.3456 1.6366 4.1034 1.6970 -20.5516 1.9557 41.9602 0.2995 0.5544
Car -1 -1 2.1818 789.6312 167.9426 885.3495 211.3022 1.6608 1.7224 4.0761 9.3169 1.4730 29.5619 2.4838 0.5318
Car -1 -1 1.1244 560.0390 174.9711 654.3896 214.1096 1.5579 3.5785 1.7487 -0.1591 1.6522 30.4562 1.1186 0.4821
Car -1 -1 0.8197 721.6210 176.9769 823.1465 220.1661 1.4699 3.3699 1.7196 5.9192 1.6305 26.4561 1.0368 0.4189
Car -1 -1 -0.9016 857.6213 172.3620 943.3196 209.1638 1.5650 1.6140 3.7115 12.9806 1.5445 32.3074 -0.5232 0.4146
Car -1 -1 -0.4671 1035.6774 169.5245 1134.4329 211.2535 1.5253 3.8784 1.6478 18.5108 1.4039 28.3864 0.1057 0.4144
Car -1 -1 0.0854 259.6730 179.7352 305.0335 214.0298 1.5756 4.2209 1.7159 -16.4676 1.9443 36.3365 -0.3377 0.3811
Car -1 -1 0.5710 914.8310 172.2104 994.2147 204.5587 1.4932 3.7842 1.7148 16.7056 1.4638 35.0327 1.0124 0.3258
Car -1 -1 0.2039 680.3109 169.3916 732.1384 203.8272 1.5743 3.4549 1.8300 4.6661 1.4164 34.9163 0.3352 0.3164
