Pedestrian -1 -1 2.6229 536.0450 178.9218 595.0007 266.1145 1.6480 0.9724 0.7801 -0.7569 1.6005 14.1948 2.5650 0.7465
Pedestrian -1 -1 2.9623 603.7374 171.6646 627.4688 225.6288 1.6866 0.7874 0.6201 0.4195 1.3803 22.8884 2.9752 0.6887
Pedestrian -1 -1 2.3916 765.0881 164.0980 811.8115 237.0699 1.8207 0.8974 0.7525 4.7762 1.3877 18.4954 2.6356 0.6778
Pedestrian -1 -1 2.9027 590.5021 170.4991 611.3009 215.2198 1.7749 0.7773 0.6695 -0.0434 1.3393 28.9660 2.8961 0.6345
Pedestrian -1 -1 1.3218 429.3438 181.5504 484.6566 267.7146 1.6585 0.9522 0.6334 -2.9212 1.6608 14.3176 1.1185 0.6193
Pedestrian -1 -1 2.6057 688.2479 170.9745 705.4743 204.9735 1.7306 0.6740 0.6201 4.9068 1.1957 36.9954 2.7315 0.5120
Pedestrian -1 -1 2.7121 619.3192 171.8255 638.8511 209.2589 1.7335 0.8096 0.6343 1.2855 1.2864 33.7586 2.7447 0.4771
Pedestrian -1 -1 -0.9149 583.2936 169.9094 606.7966 210.2982 1.7915 0.8608 0.6175 -0.3007 1.2783 32.3651 -0.9293 0.4598
Pedestrian -1 -1 1.6046 628.9957 171.0987 644.9531 207.5213 1.7498 0.7572 0.5937 1.7173 1.2510 34.8319 1.6484 0.4178
Pedestrian -1 -1 3.1597 321.2773 189.1677 371.1451 283.9812 1.6378 0.8888 0.8267 -4.6660 1.7843 13.0485 2.8168 0.3732
Pedestrian -1 -1 2.6347 700.7852 164.4230 719.6360 205.8240 1.7811 0.5968 0.5948 4.7213 1.0474 31.2849 2.7782 0.3639
Pedestrian -1 -1 1.2359 490.0503 188.0621 524.5419 246.3347 1.6861 0.8266 0.7176 -2.8371 1.8874 21.4039 1.1002 0.3545
Pedestrian -1 -1 2.7765 678.0135 169.6510 691.5401 199.5721 1.7531 0.5767 0.6270 4.9247 1.0596 42.4427 2.8863 0.3472
Pedestrian -1 -1 2.6950 645.3718 174.1548 663.8415 210.7807 1.6988 0.7276 0.6082 2.4861 1.3591 33.7667 2.7628 0.3344
Pedestrian -1 -1 0.3507 759.2424 179.5229 785.4676 228.0521 1.7063 0.8380 0.6743 6.1178 1.6379 25.7896 0.5760 0.3170
Pedestrian -1 -1 2.7862 516.2250 169.8116 561.0311 241.7968 1.7474 0.9988 0.8214 -1.6214 1.4648 18.0625 2.6925 0.3150
Pedestrian -1 -1 1.5476 187.1193 161.4090 264.9468 305.4358 1.8061 0.8863 0.6886 -5.0201 1.5555 9.5208 1.0678 0.3119
Pedestrian -1 -1 2.8640 515.8458 173.1110 539.6031 218.7794 1.7248 0.8579 0.6976 -2.8621 1.4090 27.6564 2.7567 0.2358
Cyclist -1 -1 2.9873 517.8370 174.0935 558.3796 246.3714 1.7169 1.7345 0.7403 -1.6412 1.5422 17.9930 2.8922 0.4033
Cyclist -1 -1 -0.5267 709.8085 162.8570 792.8146 262.1973 1.7675 1.9687 0.6362 2.7951 1.4371 13.8123 -0.3362 0.3625
Cyclist -1 -1 -0.2807 582.8979 170.9773 605.1998 210.7011 1.7518 1.7278 0.5433 -0.3590 1.2887 32.5818 -0.2968 0.3609
Cyclist -1 -1 -0.3709 586.2670 171.6799 615.0312 216.3403 1.7526 1.7183 0.5703 -0.0631 1.3683 29.0911 -0.3782 0.3236
Cyclist -1 -1 1.9846 382.7631 184.6083 469.4181 253.7937 1.5791 1.8784 0.6542 -4.1557 1.6556 16.9182 1.7418 0.3161
Cyclist -1 -1 0.1611 516.5289 171.5275 536.3972 215.6148 1.6452 1.6649 0.5096 -2.8941 1.2741 27.6485 0.0526 0.3146
Cyclist -1 -1 2.6745 630.6420 177.1468 653.6348 207.1406 1.6671 1.8456 0.5206 2.3040 1.4259 40.8719 2.7253 0.3064
Cyclist -1 -1 -0.4844 682.2646 159.0372 721.5767 218.6533 1.8311 1.7394 0.4759 3.1656 1.1423 22.9588 -0.3540 0.2976
Cyclist -1 -1 3.0491 601.3200 174.8761 613.2236 202.9461 1.5794 1.7000 0.5183 0.3290 1.2075 41.2850 3.0519 0.2913
Cyclist -1 -1 -0.0772 469.0296 191.4556 504.0481 272.2879 1.7401 1.8218 0.6497 -2.7203 1.9856 16.6602 -0.2423 0.2584
Cyclist -1 -1 -0.1766 691.6260 169.2295 709.7464 204.0004 1.7539 1.7227 0.6216 5.1108 1.1358 37.1060 -0.0458 0.2490
Cyclist -1 -1 -3.0774 621.9396 171.2338 635.3501 209.5915 1.7607 1.7484 0.5326 1.2804 1.2904 33.8672 -3.0450 0.2489
Cyclist -1 -1 -1.8700 568.6883 169.2186 597.0678 196.5244 1.7879 1.7748 0.6256 -1.2208 0.9845 47.6163 -1.9005 0.2421
Cyclist -1 -1 2.0209 283.1880 178.7634 398.6716 275.3098 1.7050 1.8707 0.6886 -4.7799 1.6580 13.1207 1.6723 0.2359
Car -1 -1 -0.4899 551.4858 173.4508 597.2395 196.9163 1.5370 3.5174 1.6401 -1.8694 1.0104 48.9788 -0.5328 0.2741
Car -1 -1 3.1580 550.0081 178.9962 585.9983 211.8201 1.5065 3.9623 1.6517 -1.6152 1.3925 34.9751 3.1070 0.2400
