Pedestrian -1 -1 2.6701 789.3710 166.9923 856.0134 276.2968 1.7136 0.8013 0.7571 3.4047 1.6220 11.7760 2.9438 0.4306
Pedestrian -1 -1 3.1970 471.2683 166.3095 496.1802 231.6734 1.7922 0.8091 0.6448 -3.5792 1.6131 20.2205 3.0234 0.3260
Pedestrian -1 -1 0.8086 671.2051 169.1443 686.8663 193.8766 1.8658 1.0692 0.6017 5.2370 1.5863 54.9958 0.9027 0.2443
Pedestrian -1 -1 -0.3228 705.1483 166.1859 722.0670 207.5001 1.8583 0.6312 0.5904 4.6696 1.5587 32.8151 -0.1832 0.2198
Pedestrian -1 -1 0.7549 1132.8783 169.2628 1206.0942 266.1540 1.7702 0.8788 0.6725 10.4718 1.7049 13.5854 1.4005 0.2190
Pedestrian -1 -1 1.8283 561.5505 177.6421 578.6150 206.9330 1.7006 0.8624 0.6630 -2.3789 1.9854 42.4358 1.7721 0.2167
Pedestrian -1 -1 1.9662 269.2745 166.3302 352.5237 297.5159 1.7792 0.8815 0.6890 -4.2348 1.6911 10.1311 1.5788 0.2071
Pedestrian -1 -1 3.0806 505.8301 174.6140 531.0277 238.5908 1.7836 0.8256 0.6631 -2.6688 1.8354 20.6065 2.9526 0.1814
Cyclist -1 -1 2.7323 670.1706 171.0522 685.8141 194.1985 1.7405 1.7173 0.5497 5.1635 1.6053 55.1542 2.8248 0.2584
Cyclist -1 -1 -1.7094 580.0927 182.5159 601.0197 204.5737 1.9002 1.7506 0.6797 -1.7234 2.7514 63.0553 -1.7371 0.2155
Cyclist -1 -1 -0.6300 683.5738 178.7582 709.5925 210.6646 1.6945 1.8132 0.4252 4.6974 2.0258 39.5429 -0.5132 0.2126
Cyclist -1 -1 1.9540 237.2097 163.2059 387.3547 289.6728 1.7211 1.8453 0.6435 -4.2051 1.5902 10.1399 1.5694 0.2092
Cyclist -1 -1 3.1614 563.9319 175.3629 574.8148 205.4188 1.7221 1.8418 0.6052 -2.4159 1.8733 42.4270 3.1044 0.2088
Cyclist -1 -1 -0.0935 669.5093 179.5616 678.2571 198.6116 1.6624 1.6872 0.6200 5.6769 2.2694 64.4047 -0.0064 0.2038
Cyclist -1 -1 -0.6177 785.0741 162.6652 883.8713 276.8129 1.7275 1.8194 0.5889 3.5897 1.5737 11.8730 -0.3320 0.1980
Cyclist -1 -1 -0.7269 1109.6643 169.8445 1224.5038 272.1980 1.7520 1.8593 0.5650 10.1462 1.7009 13.2986 -0.0865 0.1823
Car -1 -1 -0.0516 662.8600 182.1777 697.9980 212.4422 1.4948 3.7540 1.6707 3.6972 2.0202 38.7225 0.0423 0.6170
Car -1 -1 2.9500 561.3317 177.5452 589.5168 197.5262 1.6282 3.8988 1.6971 -3.0201 2.0445 61.8728 2.9011 0.2682
Car -1 -1 -1.5331 667.7049 176.6525 688.8753 193.9987 1.5229 1.8033 3.4125 6.2452 1.8800 65.9459 -1.4395 0.2526
Car -1 -1 -3.2850 742.2632 175.0546 865.3915 270.4446 1.5140 3.6600 1.6360 3.3968 1.5612 13.4383 -3.0435 0.2283
