Pedestrian -1 -1 -0.5440 762.9963 136.1557 803.0974 215.1234 1.8166 0.8283 0.5739 4.0388 0.9728 17.0788 -0.3160 0.4924
Pedestrian -1 -1 2.5450 928.9553 175.7924 972.8759 247.3495 1.6797 0.7569 0.6399 8.1615 1.7527 17.3956 2.9765 0.4213
Pedestrian -1 -1 2.1213 895.0214 171.3198 920.0518 212.8385 1.7124 0.7532 0.6285 12.4301 1.6495 30.2461 2.5073 0.3123
Pedestrian -1 -1 2.0386 1106.5236 154.0629 1166.6814 241.8478 1.7484 0.7932 0.6574 10.7970 1.3745 14.8719 2.6568 0.3013
Pedestrian -1 -1 -2.1766 895.7122 141.5569 961.6033 243.1163 1.8435 0.9961 0.5392 5.8858 1.2757 13.4583 -1.7729 0.2564
Pedestrian -1 -1 2.1111 1135.6606 144.2814 1216.7665 260.6219 1.7983 0.8069 0.6622 9.0759 1.3570 11.6480 2.7605 0.1990
Cyclist -1 -1 3.4071 241.7965 185.3046 259.7152 211.8541 1.7831 1.9518 0.6295 -25.1259 2.6712 50.4294 2.9467 0.5256
Cyclist -1 -1 2.3164 1156.5477 155.6060 1242.0000 255.4894 1.7802 1.9479 0.6680 11.6167 1.4731 13.8675 3.0029 0.3473
Cyclist -1 -1 2.3841 887.5526 171.2769 924.6009 209.4310 1.5556 1.5696 0.4856 12.3499 1.4917 30.2348 2.7681 0.2669
Car -1 -1 2.0369 27.2727 195.7145 262.4375 309.6973 1.5495 1.8137 3.9902 -7.9020 2.0175 12.6955 1.4891 0.7070
Car -1 -1 3.0664 587.0193 180.8044 623.1631 210.7721 1.5183 3.6235 1.6968 -0.3474 1.9739 39.4274 3.0571 0.5358
Car -1 -1 2.7920 681.2994 178.0408 725.6531 203.1186 1.5459 3.8419 1.6624 6.0563 1.9017 47.3848 2.9179 0.2970
Car -1 -1 -0.2829 657.1348 174.1638 688.4430 193.6084 1.6164 3.9890 1.6403 5.3679 1.7339 62.3799 -0.1978 0.2712
Car -1 -1 1.2741 663.8822 177.1348 713.7458 198.3978 1.6454 3.5917 1.7628 6.2406 1.9942 57.5229 1.3812 0.2589
Car -1 -1 3.0278 431.7242 187.3510 481.3593 226.7798 1.5489 3.8331 1.7194 -6.8932 2.2336 31.9690 2.8166 0.2443
Car -1 -1 3.1575 512.9071 188.4325 536.9775 209.4175 1.5293 3.9878 1.8477 -6.7992 2.8213 57.7416 3.0403 0.1973
