Pedestrian -1 -1 -0.6119 664.7565 139.9535 708.7728 230.1314 1.8058 0.7691 0.5634 1.5308 1.1473 14.9192 -0.5123 0.3519
Pedestrian -1 -1 2.5666 524.3044 177.8853 539.8093 203.4277 1.6989 0.7758 0.7377 -5.2954 2.0428 48.7327 2.4585 0.2837
Pedestrian -1 -1 1.5629 239.8413 168.3884 290.5250 270.0093 1.7648 0.8055 0.6788 -6.2652 1.6876 13.0084 1.1215 0.2465
Pedestrian -1 -1 3.7578 0.0000 112.1645 97.2308 333.5928 1.8823 0.7800 0.6483 -5.2952 1.3667 6.5349 3.0965 0.1647
Pedestrian -1 -1 1.6883 68.1735 167.2352 164.1909 325.3748 1.6989 0.8272 0.6447 -5.6533 1.6389 8.2236 1.1007 0.1433
Pedestrian -1 -1 3.6828 122.0304 156.5163 206.5913 296.0881 1.7548 0.7510 0.6447 -5.8679 1.5497 9.4451 3.1391 0.1418
Cyclist -1 -1 -0.4310 468.0199 169.9020 486.8128 196.7508 1.8135 1.8904 0.5300 -9.1629 1.6144 49.6585 -0.6128 0.1894
Cyclist -1 -1 -0.3596 522.7747 177.4368 541.3465 203.8456 1.7406 1.9040 0.6187 -5.3201 2.0578 48.8864 -0.4679 0.1374
Car -1 -1 1.5770 414.0005 182.4592 484.3820 248.6365 1.5598 1.6929 3.8183 -4.4046 1.8489 19.6419 1.3586 0.7277
Car -1 -1 1.7235 482.7110 176.5902 542.4393 202.7128 1.7606 3.8633 1.7669 -6.7204 2.0237 49.8107 1.5896 0.3406
Car -1 -1 3.1149 383.4075 182.0905 413.7225 209.4576 1.5122 3.6615 1.6427 -12.7267 2.0912 43.2071 2.8297 0.1970
Car -1 -1 2.8863 520.2294 186.3479 566.8569 215.6202 1.4699 3.8031 1.6734 -3.7879 2.2611 40.2136 2.7924 0.1708
Car -1 -1 -1.0477 499.2749 185.5432 564.4854 211.5986 1.5410 3.7483 1.7232 -4.9806 2.3726 45.7185 -1.1561 0.1173
