Pedestrian -1 -1 2.5914 808.5938 165.8055 828.1993 201.1482 1.8060 0.7916 0.6562 10.7435 1.4462 37.3367 2.8691 0.3424
Pedestrian -1 -1 -1.2588 349.1106 169.8204 361.7331 197.7899 1.7550 0.5872 0.6297 -16.1166 1.5650 45.5929 -1.5970 0.2335
Pedestrian -1 -1 1.3118 758.0153 163.7974 773.5095 190.7408 1.8383 0.9266 0.5582 10.6599 1.2207 49.5268 1.5223 0.2213
Pedestrian -1 -1 -0.7016 1104.3165 156.0308 1152.8552 228.0112 1.7637 0.7511 0.6561 12.9358 1.3518 18.0796 -0.0885 0.1756
Cyclist -1 -1 2.6502 815.4838 176.9910 838.5564 204.8390 1.7025 1.8383 0.5855 13.5959 1.9684 45.3518 2.9392 0.2929
Cyclist -1 -1 -0.5644 802.7021 165.6796 831.9773 201.2092 1.7965 1.7664 0.6024 10.6994 1.4341 37.4133 -0.2883 0.2368
Cyclist -1 -1 0.1887 0.0000 164.2587 23.9747 211.1569 1.7810 1.8015 0.5387 -23.5930 1.4549 28.3170 -0.5014 0.2290
Cyclist -1 -1 -0.2528 718.0035 176.0750 730.9484 198.0382 1.7138 1.8349 0.5744 9.0929 1.9751 57.5152 -0.0973 0.2238
Cyclist -1 -1 2.5868 751.6956 166.8477 773.2709 193.5636 1.8045 1.8502 0.5595 10.4624 1.3992 49.6987 2.7928 0.1876
Car -1 -1 -1.7433 567.7339 174.9756 639.5227 227.8065 1.5520 1.6686 3.8528 -0.3387 1.6272 23.4064 -1.7583 0.6205
Car -1 -1 2.8409 315.2247 178.9446 350.7919 199.0054 1.5543 3.8597 1.6542 -22.7613 2.0712 59.1620 2.4749 0.4437
Car -1 -1 -0.5481 656.5621 175.7582 693.7372 193.2622 1.5516 3.6355 1.7822 5.9676 1.8284 66.6526 -0.4596 0.2736
Car -1 -1 0.3455 285.8101 176.6905 329.3443 199.2151 1.5373 3.6841 1.7315 -21.6689 1.8229 51.7642 -0.0493 0.2311
Car -1 -1 2.7144 598.1697 181.9574 664.4230 217.6058 1.4847 3.7039 1.6390 0.8741 1.9283 33.1066 2.7399 0.2131
Car -1 -1 2.6290 715.1619 176.7615 756.0303 196.8371 1.5187 3.6647 1.6015 9.9176 1.8405 57.3524 2.7989 0.2103
Car -1 -1 -0.3003 823.8844 175.3906 872.9824 202.9670 1.5240 3.8418 1.6444 13.8331 1.6794 42.1607 0.0142 0.1890
Car -1 -1 2.7958 794.0054 176.4833 839.4836 200.8460 1.5611 3.9982 1.6939 13.9209 1.8178 48.8985 3.0711 0.1889
Car -1 -1 2.5910 627.4161 179.2251 667.6616 198.2859 1.5036 3.5158 1.7707 3.0777 2.0528 60.1960 2.6414 0.1811
Car -1 -1 2.2694 825.0422 166.4923 885.1691 191.6627 1.7240 3.8657 1.7094 17.4216 1.2887 51.5139 2.5935 0.1782
