Pedestrian -1 -1 2.4440 1005.5716 158.7685 1070.3877 256.3845 1.7464 0.7956 0.6765 7.8575 1.4948 13.3567 2.9655 0.5520
Pedestrian -1 -1 -0.8459 785.2083 168.2556 812.9275 213.3618 1.7085 0.8198 0.6344 7.2508 1.5346 27.8438 -0.5943 0.5103
Pedestrian -1 -1 -0.8273 732.1992 166.2734 756.4432 205.9372 1.8364 0.8526 0.7301 6.2822 1.5321 33.9643 -0.6465 0.3530
Pedestrian -1 -1 -3.4685 970.4559 154.1011 1042.2628 276.0296 1.7811 0.7959 0.7327 5.9620 1.5075 10.9881 -2.9832 0.2497
Pedestrian -1 -1 1.7863 678.0770 167.3150 691.0649 193.3666 1.8391 0.8053 0.6255 5.2811 1.4485 51.3574 1.8878 0.2006
Pedestrian -1 -1 -2.1958 661.9856 173.3952 675.3404 194.6022 1.7893 0.9329 0.6436 4.9710 1.8361 61.4181 -2.1159 0.1935
Cyclist -1 -1 -0.5273 951.5515 148.7905 1059.9045 279.4281 1.8247 1.8908 0.5476 5.9293 1.4890 11.0326 -0.0460 0.5749
Cyclist -1 -1 -0.5150 725.2093 163.7380 757.1303 203.6465 1.8354 1.8668 0.6462 6.1560 1.4165 34.1688 -0.3387 0.3295
Cyclist -1 -1 -0.4586 782.0629 168.6462 813.9798 214.0618 1.7042 1.6519 0.5099 7.2204 1.5467 27.9339 -0.2088 0.2864
Cyclist -1 -1 3.3338 0.0000 196.2675 19.1555 234.1428 1.7028 1.6954 0.4388 -28.6386 2.8449 34.3350 2.6422 0.2862
Cyclist -1 -1 2.4308 1075.4346 187.8449 1106.1196 221.4882 1.7609 1.6168 0.4376 26.1567 2.5957 39.3310 3.0135 0.2723
Cyclist -1 -1 -0.8905 1123.5256 163.3973 1157.9025 189.7754 1.8156 1.9957 0.6217 37.2465 1.1650 50.7040 -0.2599 0.2241
Cyclist -1 -1 1.1247 1007.6829 163.2297 1127.5250 253.7398 1.6556 1.8160 0.6334 8.5446 1.4799 13.6051 1.6752 0.2082
Cyclist -1 -1 2.6761 771.7744 172.6789 787.8177 192.7877 1.7216 1.7615 0.6302 14.7255 1.7070 62.7008 2.9054 0.1828
Cyclist -1 -1 -0.4403 660.4938 174.8304 675.6602 195.3315 1.7190 1.7168 0.6148 4.9277 1.8905 61.5847 -0.3613 0.1813
Car -1 -1 2.6354 934.8519 181.4830 992.0539 205.5026 1.5606 3.9152 1.9115 24.5500 2.1869 50.3269 3.0865 0.3504
Car -1 -1 2.7381 738.9865 179.3138 785.1864 202.8656 1.5128 3.9687 1.6724 10.3710 1.9762 49.6106 2.9425 0.2800
Car -1 -1 -0.6515 1080.0419 182.5274 1166.6494 212.7777 1.4602 3.7416 1.7967 26.8544 1.9949 37.9490 -0.0398 0.2618
Car -1 -1 2.0750 1139.7579 180.8484 1233.4894 208.7959 1.5238 3.9302 1.8516 34.0378 2.0219 42.7495 2.7436 0.2382
Car -1 -1 2.3261 905.5715 182.6144 975.0417 209.6629 1.4945 3.5827 1.7112 19.7154 2.1072 43.2774 2.7504 0.2279
Car -1 -1 2.5409 801.5273 173.2993 860.1714 199.6697 1.5232 3.5887 1.6460 13.2841 1.5517 43.7001 2.8337 0.2248
Car -1 -1 2.5982 996.9349 172.2149 1058.7874 198.0281 1.5136 3.4734 1.7063 25.4119 1.4764 44.0609 3.1181 0.2198
Car -1 -1 2.7964 654.1699 181.9451 704.5900 209.5453 1.4916 3.9148 1.7201 3.9936 2.0540 42.4931 2.8889 0.2077
