Cyclist -1 -1 -0.2058 751.3903 175.3995 790.6638 267.0651 1.6742 1.6882 0.3935 3.0658 1.7272 14.0673 0.0034 0.2313
Cyclist -1 -1 2.9571 574.1714 178.3651 585.9619 200.4101 1.7140 1.8001 0.6171 -2.4175 2.1609 57.5163 2.9149 0.2267
Car -1 -1 -2.0550 855.6443 144.1895 1242.0000 375.0000 1.6839 1.7296 4.1623 3.0623 1.5770 4.8208 -1.5174 0.7848
Car -1 -1 -1.6475 737.8859 173.5879 809.7435 237.6578 1.6249 1.6414 3.9531 4.4846 1.6481 20.4129 -1.4350 0.6741
Car -1 -1 1.9172 78.6242 186.7851 446.4137 375.0000 1.5557 1.7854 3.8820 -2.8968 1.7282 6.9407 1.5342 0.6379
Car -1 -1 -1.6140 723.5887 174.7456 769.5182 215.4887 1.5996 1.7222 3.8247 5.6721 1.6852 30.5245 -1.4326 0.5355
Car -1 -1 -1.7141 756.0503 178.4416 873.5275 264.7630 1.5072 1.7125 4.0153 4.0252 1.6396 14.9580 -1.4571 0.4102
Car -1 -1 -0.3058 745.6646 148.1673 941.3593 270.8823 1.5158 3.4261 1.7054 3.1629 1.2112 10.6439 -0.0251 0.3608
Car -1 -1 -3.1734 670.8556 173.9235 697.9435 197.6679 1.5632 3.7702 1.7230 5.0502 1.6400 49.6145 -3.0730 0.3230
Car -1 -1 -0.7459 677.6289 177.6495 723.1294 196.7154 1.5234 3.7771 1.6747 7.5466 1.9406 60.6898 -0.6232 0.2528
Car -1 -1 -1.3980 487.1278 169.5057 555.3412 195.4773 1.6746 4.2119 1.8119 -5.8409 1.4590 47.5315 -1.5200 0.2418
Car -1 -1 3.1831 519.0546 179.0568 554.2946 210.9706 1.4913 3.5403 1.6162 -3.6760 1.8188 36.2352 3.0822 0.2199
