Pedestrian -1 -1 3.0368 486.5361 171.2551 524.9691 252.6614 1.7204 0.9013 0.7393 -2.3389 1.6870 15.7742 2.8911 0.5664
Pedestrian -1 -1 3.1369 422.6069 139.1371 487.1731 291.6607 1.8429 0.9436 0.7701 -2.0444 1.4359 9.2593 2.9245 0.5646
Pedestrian -1 -1 2.9699 232.6727 174.5689 247.7276 206.9449 1.8070 0.7662 0.6374 -20.9578 1.9056 40.8187 2.4980 0.2336
Pedestrian -1 -1 2.8916 247.5235 169.5431 267.3138 212.8482 1.8314 0.7924 0.5874 -15.1935 1.6917 31.0029 2.4391 0.2145
Cyclist -1 -1 3.5254 7.0013 178.9752 32.2849 208.0895 1.8597 1.9500 0.5998 -38.9090 2.2721 47.5362 2.8421 0.3792
Cyclist -1 -1 0.5727 39.3915 183.0577 68.9144 209.9979 1.7737 1.9070 0.6665 -37.9282 2.4839 49.2187 -0.0814 0.2576
Cyclist -1 -1 3.5195 226.9970 179.3562 251.8241 210.7964 1.7184 1.8766 0.5963 -20.9723 2.0951 40.7946 3.0471 0.2317
Cyclist -1 -1 3.0573 426.5737 145.5184 489.4670 299.7755 1.8078 1.7769 0.6464 -2.0670 1.4878 9.3972 2.8455 0.2122
Cyclist -1 -1 2.9668 483.5815 169.9410 526.1965 254.6793 1.7518 1.7899 0.6195 -2.3833 1.6919 15.8607 2.8192 0.2114
Car -1 -1 -0.3365 685.9125 169.5374 864.0867 236.0754 1.6151 1.6225 4.1666 4.1303 1.5349 18.5692 -0.1217 0.6184
Car -1 -1 0.5060 348.8395 178.9282 470.5292 238.7039 1.5778 4.1163 1.7311 -5.9196 1.7794 21.6959 0.2421 0.5687
Car -1 -1 -0.5368 571.6008 177.7696 688.3802 221.8668 1.5302 1.6848 4.1135 0.7313 1.7274 27.1627 -0.5108 0.5038
Car -1 -1 1.3238 740.1680 169.9130 808.1567 200.7102 1.9201 3.9068 1.7445 10.3748 1.7371 45.9069 1.5442 0.2720
Car -1 -1 1.1994 1143.6759 168.1288 1230.7609 196.7266 1.7029 3.7857 1.7974 35.3853 1.4219 44.3775 1.8691 0.2500
Car -1 -1 1.7670 381.7475 175.8310 447.0723 201.5970 1.6557 3.8886 1.7792 -12.8926 1.8567 47.6149 1.5036 0.2400
Car -1 -1 1.0351 1131.7805 170.0994 1223.0988 200.1496 1.5384 3.2649 1.9226 29.8500 1.3977 38.0931 1.6957 0.2304
Car -1 -1 -0.9808 155.7173 191.9349 227.8135 216.7849 1.5369 3.7185 1.7834 -27.3491 2.8121 47.1923 -1.5038 0.2203
