Pedestrian -1 -1 -0.7940 1016.9080 121.6398 1116.5739 270.7190 1.8395 0.8650 0.6825 5.8773 1.2079 9.4039 -0.2497 0.2900
Pedestrian -1 -1 2.2899 325.5077 182.1729 343.0994 210.3702 1.7572 0.8247 0.6384 -17.4922 2.3536 45.6984 1.9259 0.2375
Pedestrian -1 -1 -1.9398 729.2281 174.3402 739.1021 193.7511 1.7672 0.6987 0.6640 11.3610 1.9046 66.1406 -1.7708 0.1895
Cyclist -1 -1 3.4533 180.1876 196.9154 209.0956 250.1288 1.7035 1.6368 0.3694 -14.2441 2.5553 24.6927 2.9343 0.5318
Cyclist -1 -1 0.3077 0.0000 205.4327 47.4869 282.7018 1.7117 1.7697 0.3747 -14.3451 2.5484 17.6269 -0.3682 0.4078
Cyclist -1 -1 0.3089 106.5906 196.1382 142.4359 258.1434 1.7004 1.7192 0.3673 -14.3719 2.4171 21.3198 -0.2787 0.2893
Cyclist -1 -1 -0.8698 1150.5986 146.1795 1242.0000 252.5218 1.7589 1.8881 0.5674 10.7345 1.3180 12.9116 -0.1877 0.2449
Cyclist -1 -1 -0.3417 727.0943 175.5544 739.7752 194.3421 1.6950 1.6552 0.6255 11.3011 1.9464 66.2104 -0.1738 0.1954
Cyclist -1 -1 -0.0128 376.8488 173.8063 384.8170 196.8617 1.7566 1.7508 0.5670 -17.8069 1.8321 55.9688 -0.3197 0.1948
Car -1 -1 1.6306 505.5394 182.5411 550.9459 220.6785 1.5112 1.7406 4.1305 -3.5738 1.9663 31.7659 1.5189 0.6675
Car -1 -1 0.1047 414.4196 184.7822 496.9167 216.1351 1.5788 1.7971 4.1143 -8.1618 2.2303 38.2814 -0.1045 0.4731
Car -1 -1 -0.2117 432.1308 169.6095 459.1973 187.7522 1.6235 3.6155 1.7116 -15.2045 1.3335 66.5649 -0.4357 0.2751
Car -1 -1 -1.9646 854.1618 170.7111 922.8251 198.3338 1.7043 3.5740 1.9273 17.4999 1.5725 45.5323 -1.6002 0.2653
Car -1 -1 2.8298 658.4849 182.0294 712.2443 212.0696 1.5046 4.1766 1.7299 4.0440 2.0384 39.7189 2.9299 0.2044
Car -1 -1 2.4873 733.3710 176.4278 793.3287 202.0210 1.4942 3.6230 1.7914 9.4184 1.7261 44.7085 2.6931 0.2036
