Pedestrian -1 -1 1.1041 842.4128 157.6659 942.5060 297.7552 1.7399 1.0044 0.6709 3.6569 1.4580 9.1589 1.4739 0.8296
Pedestrian -1 -1 1.3741 54.9670 195.0887 102.0097 259.3747 1.7717 0.9562 0.7929 -15.2130 2.2067 20.3827 0.7418 0.3942
Pedestrian -1 -1 3.0091 253.6346 166.9664 305.5722 261.4957 1.7474 0.9003 0.8055 -6.3378 1.4989 13.6601 2.5853 0.3442
Pedestrian -1 -1 -1.6070 1128.4642 188.2643 1224.0000 370.0000 1.6769 0.6901 0.7115 4.3486 1.7428 5.3496 -0.9515 0.3146
Pedestrian -1 -1 1.2616 972.1185 184.8325 1127.3607 370.0000 1.6362 0.8037 0.6996 3.2655 1.6734 5.3462 1.7857 0.2890
Pedestrian -1 -1 2.6128 640.7394 162.2540 697.1687 261.1544 1.7450 0.8459 0.7006 1.1237 1.4247 13.0024 2.6987 0.2586
Pedestrian -1 -1 2.3252 831.9961 173.6440 876.0900 242.7665 1.6947 0.7262 0.7590 6.2394 1.5282 17.8277 2.6579 0.2539
Pedestrian -1 -1 2.8625 515.7840 163.6106 567.0633 262.5487 1.7388 0.8877 0.7193 -1.2201 1.4436 12.9649 2.7727 0.2490
Pedestrian -1 -1 3.0299 13.8689 175.6777 69.3484 263.4106 1.7077 0.8409 0.7993 -11.4712 1.6155 14.3377 2.3676 0.2394
Pedestrian -1 -1 -0.0709 94.9216 161.6682 138.9455 255.2760 1.7974 0.8022 0.6747 -9.7784 1.4374 14.0948 -0.6650 0.1771
Pedestrian -1 -1 1.6651 292.0424 189.6064 325.0331 260.9200 1.8228 0.7301 0.7802 -7.8550 2.0710 18.6692 1.2742 0.1714
Pedestrian -1 -1 -0.8485 993.1472 164.8112 1069.5537 273.2907 1.7680 0.8806 0.6849 7.2041 1.5140 12.0443 -0.3195 0.1675
Pedestrian -1 -1 2.0232 604.9847 169.8970 657.9688 256.0561 1.7254 0.8704 0.7263 0.5129 1.5147 14.6794 2.0590 0.1648
Pedestrian -1 -1 0.6805 1043.8909 193.0353 1116.8857 286.2852 1.7047 0.8772 0.7882 9.0696 1.9559 13.5665 1.2603 0.1637
Pedestrian -1 -1 2.1231 1141.4794 147.5225 1220.5073 254.5190 1.8089 0.8698 0.6503 10.1003 1.2530 12.4681 2.7931 0.1540
Cyclist -1 -1 0.3811 0.0000 175.8557 68.2981 267.8385 1.7355 1.8474 0.6633 -11.7064 1.6495 14.3151 -0.2919 0.2602
Cyclist -1 -1 -0.0610 519.2953 162.6196 559.5607 266.8564 1.7702 1.8299 0.6203 -1.2698 1.4682 12.9540 -0.1546 0.2556
Cyclist -1 -1 -1.6488 578.8969 156.5348 653.4116 228.7096 1.7780 1.8300 0.6262 0.2299 1.1892 17.7832 -1.6342 0.2419
Cyclist -1 -1 -2.1060 1021.2347 192.8890 1136.6310 288.1076 1.7664 1.7316 0.7016 9.0445 2.0132 13.5992 -1.5286 0.2236
Cyclist -1 -1 -0.4793 643.0286 164.5243 718.1716 264.4006 1.7410 1.8698 0.6000 1.3392 1.4642 13.2999 -0.3796 0.2201
Cyclist -1 -1 1.4514 683.2347 161.2224 759.9755 231.7968 1.7647 1.8664 0.6345 2.9179 1.2843 18.0291 1.6108 0.2069
Cyclist -1 -1 0.0441 255.6724 167.5037 300.7774 262.9026 1.7254 1.7218 0.7052 -6.3531 1.4920 13.7132 -0.3792 0.2017
Cyclist -1 -1 -0.9670 1122.3445 143.5087 1224.0000 253.3716 1.7640 1.8135 0.5685 10.0671 1.1717 12.2977 -0.2919 0.2001
Cyclist -1 -1 1.9344 307.6029 175.9719 449.9357 285.9420 1.6542 1.9800 0.7741 -3.5599 1.5878 11.0791 1.6335 0.1861
Cyclist -1 -1 -1.2428 271.7083 199.1878 349.1344 271.2217 1.8446 1.7602 0.7021 -7.8129 2.3516 18.7139 -1.6311 0.1845
Cyclist -1 -1 -2.6843 239.2455 181.9976 333.6164 298.1021 1.6652 1.8714 0.5679 -4.9916 1.6924 11.1080 -3.0944 0.1592
Cyclist -1 -1 -0.4496 879.3078 154.5589 966.5129 268.2458 1.7807 1.8342 0.5889 5.2964 1.3760 11.9982 -0.0419 0.1537
Cyclist -1 -1 0.6578 1095.2377 183.7947 1224.0000 370.0000 1.6123 1.7479 0.5881 5.4628 1.6468 6.5451 1.3312 0.1532
Car -1 -1 -0.8797 1141.9613 187.4646 1224.0000 370.0000 1.5003 1.5693 3.8794 7.4122 1.5752 6.5374 -0.0541 0.2273
Car -1 -1 0.2966 28.1351 186.0958 121.3569 232.5644 1.5398 3.8249 1.6710 -19.3961 1.7636 26.0054 -0.3368 0.2047
