Pedestrian -1 -1 1.8787 1077.8680 153.1671 1111.3749 206.2431 1.8114 0.8117 0.6546 16.8425 1.1399 25.1436 2.4633 0.3210
Pedestrian -1 -1 -2.0933 801.2847 165.2467 820.9587 194.3916 1.8537 1.0781 0.5648 12.8722 1.3702 46.2972 -1.8241 0.1796
Cyclist -1 -1 2.1316 1062.9485 156.9270 1121.7325 207.2648 1.6982 1.6928 0.5083 16.7862 1.1613 25.2148 2.7133 0.2898
Cyclist -1 -1 3.6062 0.0000 184.6649 126.4479 354.3958 1.7334 1.9145 0.5923 -6.5413 1.8892 8.4988 2.9650 0.2821
Cyclist -1 -1 0.1531 377.6561 173.8295 390.7574 200.6813 1.8397 1.8797 0.5948 -15.8164 1.9096 50.4753 -0.1494 0.2561
Cyclist -1 -1 2.2866 849.2817 163.5604 877.4155 189.6525 1.8926 2.1050 0.5676 18.7050 1.2189 53.3895 2.6216 0.2232
Cyclist -1 -1 -0.6232 843.4149 180.6585 866.7483 206.9966 1.6947 1.6623 0.6041 16.2055 2.2220 47.8312 -0.2990 0.2116
Cyclist -1 -1 -0.6098 1092.8793 163.6424 1141.5292 206.6053 1.6743 1.8469 0.6536 20.3429 1.3157 29.0408 -0.0038 0.1919
Cyclist -1 -1 -0.2147 924.8638 165.0713 954.0417 213.2107 1.7774 1.7771 0.6394 12.5291 1.4904 27.5730 0.2074 0.1880
Cyclist -1 -1 3.3780 363.1815 175.1518 375.3882 196.9623 1.8081 1.9220 0.5438 -20.3660 2.0059 61.0011 3.0568 0.1782
Car -1 -1 0.2840 384.5817 181.6937 477.5204 238.1749 1.5501 4.1908 1.7022 -5.5195 1.8535 22.5998 0.0465 0.6432
Car -1 -1 0.1529 488.0275 183.0218 539.4027 220.2346 1.4895 3.9230 1.6737 -4.2336 1.9679 31.9386 0.0216 0.6342
Car -1 -1 -1.6373 662.2278 178.9882 714.4377 225.3443 1.5017 1.5837 3.7532 2.6859 1.7374 25.7785 -1.5354 0.5816
Car -1 -1 -0.0794 562.0531 180.3674 590.0836 203.3009 1.4740 3.6744 1.6297 -2.3938 2.0105 49.5606 -0.1279 0.2975
Car -1 -1 -0.8655 0.0000 192.1814 139.4437 375.0000 1.5477 1.7239 3.6630 -7.2723 1.8106 7.9501 -1.5898 0.2895
Car -1 -1 2.5538 557.5688 180.0161 601.3370 200.9307 1.5136 3.5978 1.6384 -2.4041 2.0839 55.4766 2.5102 0.1760
