Pedestrian -1 -1 1.1186 171.4435 199.8488 205.4535 252.2782 1.7277 0.7672 0.7369 -14.5549 2.6770 24.8378 0.5928 0.2082
Pedestrian -1 -1 -0.6378 976.4164 146.0904 1031.4222 232.0646 1.7909 0.8315 0.6697 8.3932 1.2338 15.4885 -0.1495 0.1947
Cyclist -1 -1 0.1761 102.4971 191.0121 130.2941 242.3422 1.7075 1.8322 0.4951 -17.5409 2.3758 25.5999 -0.4200 0.4367
Cyclist -1 -1 3.0303 601.8422 151.8125 623.7556 207.9703 1.8819 1.9434 0.5455 0.0390 1.1771 25.1721 3.0313 0.3270
Cyclist -1 -1 -0.7712 1135.7778 153.7254 1242.0000 284.1625 1.6990 1.9714 0.7283 8.6781 1.4502 10.4102 -0.0906 0.2054
Car -1 -1 -1.1748 684.2142 187.3498 941.6713 362.7528 1.5192 1.6110 3.7397 2.5187 1.7306 8.5363 -0.8987 0.5660
Car -1 -1 -0.5303 357.9078 187.3411 553.9341 265.8940 1.4755 1.5718 4.0702 -3.4072 1.8406 16.2162 -0.7350 0.5312
Car -1 -1 -0.7734 572.1191 189.8824 831.2841 318.6364 1.4876 1.4857 3.7983 1.3849 1.7776 10.5320 -0.6478 0.4629
Car -1 -1 2.8051 270.3494 187.4521 445.8300 253.2854 1.5343 1.7168 4.1834 -6.8356 1.9722 19.6553 2.4740 0.4574
Car -1 -1 -0.3842 403.5801 180.5117 475.2697 220.3778 1.5127 3.6661 1.6527 -7.2101 1.8536 30.1073 -0.6177 0.2021
