Pedestrian -1 -1 2.5838 761.4448 173.9129 852.4531 303.8031 1.6731 0.9657 0.8078 2.6233 1.6889 9.8833 2.8345 0.2491
Cyclist -1 -1 -0.6680 491.3594 172.3032 521.0948 202.8722 1.7294 1.7259 0.8042 -6.0387 1.6986 41.7023 -0.8114 0.3632
Cyclist -1 -1 2.0777 1189.0427 164.2909 1242.0000 212.8154 1.8038 1.8714 0.5185 23.4625 1.4859 27.7857 2.7734 0.3241
Cyclist -1 -1 -3.3711 769.4337 176.4988 844.2462 306.6989 1.6314 1.6783 0.6001 2.6121 1.6862 9.9299 -3.1225 0.2947
Car -1 -1 -1.5444 519.3523 185.2805 739.1146 375.0000 1.5098 1.6393 3.8808 0.1719 1.6703 7.3188 -1.5240 0.6468
Car -1 -1 1.7591 378.5186 184.2613 414.5092 206.9313 1.5311 1.8422 3.7829 -15.5681 2.3957 52.6870 1.4728 0.4965
Car -1 -1 -0.1741 418.6827 181.6345 451.8062 203.7697 1.5313 3.3402 1.8257 -12.9671 2.2035 53.3131 -0.4120 0.4667
Car -1 -1 -2.6839 306.3326 182.1144 351.4414 202.8978 1.5497 4.1177 1.7231 -22.4908 2.3195 57.8204 -3.0536 0.4413
Car -1 -1 0.5802 254.1619 188.4012 301.3438 208.5073 1.4721 3.6606 1.7004 -26.5677 2.7589 57.7601 0.1505 0.3857
Car -1 -1 2.5305 692.6082 177.4180 742.1403 199.2829 1.5296 3.9468 1.6615 7.8872 1.8819 53.5012 2.6756 0.3813
Car -1 -1 3.4539 331.7088 185.4742 373.2572 208.4241 1.5444 3.6434 1.8091 -18.6882 2.4942 52.4308 3.1127 0.3671
Car -1 -1 0.2229 0.0000 197.0793 45.3545 224.2939 1.4920 3.9620 1.7206 -37.2599 3.0943 45.5527 -0.4600 0.3104
Car -1 -1 0.0569 952.3337 172.8377 1022.1973 196.5400 1.5153 1.6534 4.0244 24.9818 1.5147 47.8638 0.5351 0.2944
Car -1 -1 -3.2604 994.4553 169.5849 1055.3409 191.4272 1.5408 1.7732 3.6434 30.0518 1.3105 52.4198 -2.7425 0.2594
Car -1 -1 2.8471 612.6331 180.2516 651.9642 203.9013 1.4698 3.5876 1.6363 1.4118 1.9823 48.0037 2.8758 0.2511
