Pedestrian -1 -1 2.2582 594.5234 171.4183 609.2188 195.1927 1.7718 0.8821 0.6692 -0.2271 1.0962 53.2261 2.2556 0.3235
Pedestrian -1 -1 2.2950 250.2570 170.2262 267.5393 195.5226 1.8548 0.9537 0.6559 -25.5845 1.1028 52.2814 1.8440 0.3160
Pedestrian -1 -1 1.5296 50.8527 182.6030 68.9628 211.8828 1.6777 0.8118 0.6109 -31.6753 1.8027 41.0729 0.8780 0.2886
Pedestrian -1 -1 1.3221 902.9578 162.8344 989.7845 300.8581 1.7054 0.8638 0.6721 4.3418 1.4888 9.1405 1.7540 0.2745
Pedestrian -1 -1 -1.4357 41.4322 178.5054 63.7449 217.6625 1.7561 0.7166 0.6494 -25.1447 1.6681 32.1639 -2.0928 0.2609
Pedestrian -1 -1 2.9889 494.7216 172.2380 511.3216 205.9193 1.8296 0.7887 0.7941 -5.6235 1.3822 38.8942 2.8481 0.2581
Pedestrian -1 -1 -0.9498 461.5356 171.5858 476.7587 196.7841 1.8253 0.8728 0.6590 -9.9254 1.1808 51.6932 -1.1366 0.2492
Cyclist -1 -1 -1.5700 607.1483 166.7708 632.1286 191.4680 1.8060 1.8270 0.6191 1.0844 0.8033 52.0291 -1.5476 0.5306
Cyclist -1 -1 -1.4700 557.3219 167.4426 581.6326 190.9837 1.7954 1.8078 0.6519 -2.7130 0.8008 54.2915 -1.5179 0.4404
Cyclist -1 -1 -2.8336 406.5793 176.4386 426.1610 206.8760 1.6924 1.8461 0.5392 -10.7337 1.4680 40.2452 -3.0906 0.4029
Cyclist -1 -1 2.5477 829.3958 148.2761 864.5361 192.9786 1.9001 1.8839 0.4820 10.5762 0.5319 31.0201 2.8750 0.4002
Cyclist -1 -1 0.1324 252.6764 171.7019 264.7777 195.5085 1.7333 1.7012 0.5808 -25.6359 1.0940 52.3718 -0.3187 0.3072
Cyclist -1 -1 2.9659 596.1271 171.8347 606.1451 193.7425 1.6232 1.5305 0.4944 -0.2870 0.9825 53.1799 2.9623 0.3060
Cyclist -1 -1 -0.1484 463.1859 172.5387 475.1454 196.6101 1.7339 1.6962 0.6197 -9.9569 1.1617 51.8281 -0.3354 0.2770
Cyclist -1 -1 -2.3984 54.0732 186.8507 86.1408 214.6989 1.7599 1.7626 0.6367 -34.7855 2.1826 46.0008 -3.0411 0.2704
Cyclist -1 -1 3.5649 119.9902 183.6454 157.8087 225.0419 1.7470 1.9893 0.6149 -20.4449 1.8911 31.0200 2.9885 0.2493
Cyclist -1 -1 -1.4045 736.2814 160.4081 760.2654 184.6926 1.7907 1.6733 0.6187 10.6921 0.3104 52.7212 -1.2038 0.2471
Cyclist -1 -1 -0.9425 88.4282 174.7249 121.8789 201.0938 1.8075 1.8608 0.6527 -34.4956 1.4130 48.8047 -1.5530 0.2274
Cyclist -1 -1 -0.5063 730.5687 158.7308 773.3954 209.7501 1.7505 1.6928 0.7637 5.1861 1.0051 25.1767 -0.3039 0.2240
Car -1 -1 -3.0473 537.1918 171.3983 568.3955 196.1063 1.5793 3.9270 1.7076 -3.4397 0.9989 47.1717 -3.1179 0.5025
Car -1 -1 0.3882 96.9401 179.0836 147.1718 201.9642 1.5664 3.8682 1.6032 -34.3894 1.4708 50.4570 -0.2054 0.3687
Car -1 -1 1.1765 787.3969 162.2107 846.5601 188.1271 1.5840 3.0754 1.8435 13.2438 0.4675 44.2849 1.4669 0.2975
Car -1 -1 -2.0875 855.4838 148.3365 953.4136 184.9219 1.6361 3.7373 1.8822 13.8143 0.1992 32.7716 -1.6902 0.2893
Car -1 -1 3.3490 11.5700 191.5291 58.1551 215.2944 1.4778 3.7745 1.7044 -38.5979 2.2593 47.9485 2.6760 0.2527
Car -1 -1 2.1009 927.6373 160.4988 1068.0416 209.9750 1.5823 3.9346 1.7718 13.6030 0.9442 24.7489 2.5997 0.2323
Car -1 -1 0.4647 432.6175 176.1858 466.3740 192.0463 1.4905 3.4434 1.8337 -14.9679 1.0862 68.3361 0.2517 0.2259
Car -1 -1 2.6645 758.2342 168.6833 798.2698 188.2811 1.5522 3.5299 1.7568 14.1648 0.6175 57.9163 2.9048 0.2186
Car -1 -1 -1.1970 232.9586 165.4284 288.0413 182.8781 1.5238 3.9945 1.8687 -30.5462 0.2088 62.8177 -1.6458 0.2171
