Pedestrian -1 -1 -0.3007 234.5240 162.3268 256.6611 206.7435 1.8910 0.7941 0.6504 -15.8144 1.4432 31.2276 -0.7663 0.2962
Pedestrian -1 -1 3.2455 519.4053 145.1055 540.1283 208.7781 1.8766 0.6605 0.5520 -2.4436 1.0591 21.5955 3.1337 0.2894
Pedestrian -1 -1 2.6696 785.3559 163.5570 825.3508 234.1523 1.7899 0.8545 0.6881 5.0280 1.5545 18.7821 2.9266 0.2073
Cyclist -1 -1 -0.9997 840.3874 161.3785 910.2712 222.5249 1.7348 1.8137 0.7748 7.8088 1.4096 21.4234 -0.6551 0.2050
Cyclist -1 -1 -3.3978 830.3145 156.7856 879.6810 212.7342 1.7291 1.7015 1.0957 7.7958 1.2328 23.1801 -3.0776 0.2009
Car -1 -1 -1.1865 84.5805 176.5822 410.2622 370.1856 1.6725 1.8664 3.9527 -3.7809 1.7262 8.3126 -1.6023 0.6957
Car -1 -1 1.6127 400.2187 185.8001 461.2338 235.0383 1.4989 1.8784 2.9189 -6.0468 1.9666 24.4287 1.3720 0.6137
Car -1 -1 1.9690 77.3737 190.9686 278.8507 298.1064 1.4333 1.7053 3.1899 -6.9455 1.7750 11.9063 1.4502 0.5091
Car -1 -1 3.5686 125.9762 185.0143 220.2314 230.2215 1.4644 3.3776 1.6527 -15.7294 1.9344 26.0928 3.0303 0.3906
Car -1 -1 -2.7825 330.5691 179.5613 414.0067 226.3731 1.5164 3.5237 1.6799 -8.4070 1.7722 25.6836 -3.0963 0.2734
Car -1 -1 3.3727 23.7708 182.6891 174.1822 270.7906 1.4757 3.4343 1.6668 -10.0605 1.6984 14.4100 2.7716 0.2199
