Pedestrian -1 -1 1.5451 774.8477 180.8958 794.0166 220.0628 1.6840 0.7965 0.6245 7.5861 2.0405 31.5663 1.7781 0.4290
Pedestrian -1 -1 0.6990 459.0135 190.2992 474.0800 213.4836 1.7314 0.8232 0.7869 -11.0113 3.0812 55.2594 0.5027 0.4046
Pedestrian -1 -1 1.2885 434.6272 193.8980 450.1086 221.2122 1.7223 0.8000 0.7545 -10.9124 3.1037 46.8266 1.0602 0.2998
Pedestrian -1 -1 -0.8265 1053.5967 137.7961 1114.5708 229.6469 1.8245 0.8361 0.6347 9.6713 1.1285 14.8147 -0.2575 0.2783
Pedestrian -1 -1 -0.9477 802.1984 152.8195 848.8964 228.9575 1.8261 0.8912 0.6576 5.2815 1.3460 17.8566 -0.6651 0.2762
Pedestrian -1 -1 1.2969 476.0039 191.8158 487.2359 211.9512 1.7443 0.8081 0.7481 -11.4065 3.4396 63.9817 1.1207 0.2656
Pedestrian -1 -1 0.6384 945.9619 187.8035 960.8475 210.5807 1.7582 0.7754 0.7445 27.0438 2.9476 56.8757 1.0796 0.2569
Pedestrian -1 -1 2.1783 631.0085 175.5861 643.5460 198.4611 1.7919 0.6913 0.7445 2.1362 2.0105 57.1429 2.2150 0.2159
Pedestrian -1 -1 1.9463 203.0197 186.5603 221.3213 211.7855 1.8182 0.9787 0.7203 -29.1796 2.8311 52.8795 1.4439 0.2041
Pedestrian -1 -1 -1.2267 367.1151 183.3415 376.9523 201.7618 1.7052 0.7069 0.6174 -22.2693 2.6909 67.4697 -1.5446 0.1983
Cyclist -1 -1 -2.4564 173.7503 181.4133 204.7615 210.0875 1.7429 1.8738 0.6447 -26.4969 2.2936 45.4142 -2.9822 0.3517
Cyclist -1 -1 0.4116 365.6408 184.9456 380.2592 204.3125 1.7578 1.9084 0.5885 -22.2472 2.9089 67.6860 0.0949 0.3347
Cyclist -1 -1 0.3718 189.7762 187.0217 205.6696 207.5886 1.7641 1.6605 0.6644 -36.5549 3.0373 63.9535 -0.1459 0.2580
Cyclist -1 -1 0.2632 130.7335 175.4258 151.7432 205.7859 1.7074 1.7394 0.5818 -27.0801 1.8595 41.6476 -0.3106 0.2546
Cyclist -1 -1 -2.8508 388.0805 193.4933 407.8927 226.9346 1.6501 1.6359 0.5397 -11.0253 2.7447 37.4314 -3.1359 0.2403
Cyclist -1 -1 -1.3461 746.0975 162.9143 784.2415 200.1231 1.8580 1.8102 0.5890 7.8469 1.3620 36.6735 -1.1374 0.2335
Cyclist -1 -1 3.5328 200.9281 184.1446 219.1787 208.6366 1.7344 1.7138 0.5551 -29.2789 2.5746 52.7893 3.0282 0.2160
Cyclist -1 -1 2.3510 625.7618 175.5407 647.7260 197.7722 1.7259 1.7886 0.6602 2.0852 1.9422 57.1024 2.3869 0.2076
Cyclist -1 -1 -1.2708 454.5005 188.4705 478.5363 213.0774 1.8535 1.6849 0.6681 -11.0189 3.0598 55.2984 -1.4671 0.1900
Car -1 -1 -3.1009 612.6183 182.5854 657.5876 221.5029 1.6009 4.0979 1.8852 1.1647 2.0729 32.8501 -3.0665 0.5281
Car -1 -1 -3.1366 678.0730 178.1176 724.2481 220.7170 1.5559 4.1404 1.7139 3.6268 1.7840 29.0480 -3.0143 0.5105
Car -1 -1 -0.8339 1097.5796 179.1922 1161.4965 201.5508 1.5062 3.4821 1.6680 37.0222 1.9759 51.5470 -0.2141 0.3408
Car -1 -1 -2.4004 996.9154 185.7417 1052.7214 205.1867 1.4882 1.8654 3.7412 34.4290 2.5976 60.0241 -1.8822 0.2461
Car -1 -1 1.4823 947.9232 179.5091 1001.1420 199.3851 1.5071 3.6218 1.6367 28.7658 2.0472 57.0883 1.9466 0.2194
Car -1 -1 1.6557 934.2216 167.4914 991.8238 188.7818 1.5717 3.8180 1.6496 26.8493 1.1762 54.9497 2.1078 0.1961
Car -1 -1 -0.4351 504.9183 190.1404 563.6273 219.2324 1.5132 4.2827 1.7982 -4.5564 2.5882 42.5567 -0.5418 0.1921
