Pedestrian -1 -1 -0.5969 730.5530 151.2906 791.7685 260.6663 1.7847 0.8318 0.6639 2.5108 1.4332 12.2833 -0.4009 0.2708
Pedestrian -1 -1 1.8644 178.0731 185.2058 197.6488 215.7462 1.6690 0.7754 0.6865 -23.5472 2.3647 40.1946 1.3371 0.2529
Car -1 -1 -1.5689 551.3900 182.7346 713.3449 336.0076 1.4920 1.6391 4.0596 0.2147 1.6482 9.3326 -1.5483 0.6919
Car -1 -1 -2.3853 0.0000 178.9696 431.0371 375.0000 1.5690 3.1549 2.0616 -3.1716 1.6324 5.6388 -2.8787 0.6456
Car -1 -1 1.4613 688.6231 179.4844 744.5151 221.0990 1.5356 1.7942 3.9851 4.2055 1.8236 29.2848 1.6018 0.6257
Car -1 -1 -1.4496 477.4238 173.2397 537.4595 220.6236 1.6187 1.7425 3.7598 -3.7420 1.6342 26.5717 -1.5887 0.6115
Car -1 -1 -1.4304 434.8967 184.5642 523.0585 246.0686 1.4950 1.9210 3.5040 -3.5708 1.8489 19.9995 -1.6055 0.5729
Car -1 -1 -0.3965 792.3173 190.0470 1109.5891 372.9655 1.4870 4.0668 1.6637 3.4235 1.7339 8.2967 -0.0190 0.4012
Car -1 -1 2.9620 665.3302 166.0265 715.1263 200.2167 1.6751 3.8667 1.8856 4.0516 1.3410 37.3455 3.0688 0.3547
Car -1 -1 -1.3966 727.8683 175.7952 765.9887 192.7672 1.5537 3.2531 1.8970 12.8983 1.8373 68.0169 -1.2103 0.3207
Car -1 -1 2.7239 714.5119 177.0681 759.7486 200.8809 1.5270 3.6800 1.6630 8.5468 1.8249 48.9564 2.8953 0.2748
Car -1 -1 -1.6431 585.3961 178.9674 656.6878 243.2215 1.5667 1.6650 3.8242 0.1657 1.7525 19.9257 -1.6358 0.2486
