Pedestrian -1 -1 3.0573 353.9561 172.1815 420.3909 307.5395 1.7030 0.9602 0.7724 -3.0534 1.6949 9.6651 2.7581 0.7626
Pedestrian -1 -1 3.1929 408.8636 172.7533 448.3506 270.9691 1.7179 0.8707 0.6517 -3.3343 1.7165 13.1076 2.9477 0.7466
Pedestrian -1 -1 -0.3459 574.4687 177.8176 596.8345 218.7075 1.7007 0.8363 0.7067 -1.0796 1.9155 30.6537 -0.3815 0.7322
Pedestrian -1 -1 3.2170 224.7346 174.5512 336.4877 375.0000 1.6988 0.9267 0.7731 -2.7717 1.7147 6.0417 2.8021 0.6928
Pedestrian -1 -1 3.2108 314.6956 151.5085 366.9831 280.6940 1.7976 0.8413 0.6557 -3.9657 1.5009 10.5329 2.8583 0.5369
Pedestrian -1 -1 2.0087 843.5710 167.2819 916.1013 281.0590 1.7086 0.8311 0.7674 4.2095 1.6253 11.3975 2.3531 0.5055
Pedestrian -1 -1 1.6670 439.6174 177.4097 465.2683 226.2456 1.7111 0.8321 0.6905 -5.6591 1.8765 25.7433 1.4522 0.4990
Pedestrian -1 -1 2.6955 595.9021 176.4188 610.2653 202.7870 1.7172 0.7114 0.7092 -0.4886 1.9550 47.5898 2.6848 0.4169
Pedestrian -1 -1 3.4333 187.4351 152.6635 295.5532 353.1668 1.8155 0.9079 0.7003 -3.6129 1.6330 7.0367 2.9734 0.3885
Pedestrian -1 -1 2.5319 795.4158 163.4526 872.2204 278.5202 1.6990 0.8985 0.7559 3.4049 1.5606 11.1971 2.8188 0.3273
Pedestrian -1 -1 3.0284 393.3765 153.2982 415.1927 212.1773 1.8412 0.6878 0.5949 -6.6047 1.2300 22.9914 2.7513 0.3091
Pedestrian -1 -1 2.4720 779.7171 156.2063 818.2132 221.8635 1.8225 0.8691 0.6629 5.3303 1.3608 20.5576 2.7216 0.3003
Pedestrian -1 -1 3.3284 0.0000 109.1131 127.3478 375.0000 1.8545 0.9559 0.7172 -4.2638 1.4181 5.5274 2.6941 0.2863
Pedestrian -1 -1 2.3068 690.9023 166.4812 712.6793 205.8699 1.8326 0.7659 0.6742 4.2954 1.5364 34.0769 2.4306 0.2490
Pedestrian -1 -1 -0.5257 456.4213 178.7904 472.5303 207.5095 1.6898 0.8156 0.6191 -8.7426 2.0496 43.1733 -0.7248 0.2343
Cyclist -1 -1 -0.4204 827.0161 175.4740 885.2892 259.9463 1.6435 1.7453 0.4551 5.0273 1.7015 14.9821 -0.1035 0.4513
Cyclist -1 -1 -0.2983 793.2584 177.7606 842.6613 253.7976 1.7151 1.8373 0.6103 4.9120 1.8396 17.3189 -0.0274 0.4418
Cyclist -1 -1 -0.3682 803.7328 161.2524 896.5582 280.6688 1.7368 1.7422 0.7927 3.6832 1.5684 11.3858 -0.0638 0.3907
Cyclist -1 -1 2.8335 454.0640 179.7500 473.9532 209.4992 1.7212 1.9394 0.6065 -8.7845 2.1440 43.2000 2.6337 0.3457
Cyclist -1 -1 3.0790 489.7387 178.8362 497.8456 197.8202 1.7262 1.7973 0.6326 -10.8383 2.2911 67.1478 2.9193 0.2990
Cyclist -1 -1 -0.2513 594.9812 176.3564 610.9818 203.0538 1.7180 1.8274 0.6186 -0.5031 1.9543 47.6436 -0.2623 0.2607
Cyclist -1 -1 3.0425 441.1018 176.6989 464.0551 226.8459 1.7160 1.8574 0.6199 -5.6899 1.8592 25.8172 2.8271 0.2502
Car -1 -1 2.8274 613.8093 177.0110 663.7759 207.4882 1.5381 3.7413 1.6085 1.4649 1.7747 38.9809 2.8642 0.3235
Car -1 -1 -0.5371 467.9448 180.2454 521.8141 205.8760 1.5379 3.8031 1.7185 -7.4787 2.0349 46.4618 -0.6962 0.3198
Car -1 -1 2.9224 596.4564 176.6513 634.8546 203.4989 1.5646 3.6135 1.6136 0.2740 1.8095 44.5312 2.9280 0.2627
Car -1 -1 -0.1681 481.6489 177.5091 506.5107 194.2280 1.5245 3.1013 1.8365 -11.0496 1.9785 68.5370 -0.3277 0.2498
Car -1 -1 3.1528 0.0000 175.0641 41.4311 249.4829 1.5672 3.8480 1.7454 -14.8935 1.6270 17.3529 2.4510 0.2428
Car -1 -1 -1.2175 524.4825 185.3421 573.8072 207.7952 1.5139 2.9553 2.1643 -4.3651 2.4337 51.6812 -1.3018 0.2291
