Pedestrian -1 -1 -0.7353 1067.8118 144.7435 1118.3625 223.2885 1.8163 0.7962 0.6213 11.4051 1.1666 17.1237 -0.1559 0.4215
Pedestrian -1 -1 1.6794 961.7033 168.8700 991.2019 221.6772 1.7583 0.8320 0.6517 12.4115 1.6260 24.5217 2.1426 0.2154
Pedestrian -1 -1 2.2206 1008.7311 155.8361 1051.6278 218.5730 1.8091 0.8770 0.6573 12.3714 1.3187 21.3359 2.7397 0.1482
Cyclist -1 -1 -3.2576 841.4551 171.0640 856.6948 193.7281 1.7690 1.8449 0.9365 18.9558 1.6297 57.3133 -2.9401 0.3814
Cyclist -1 -1 0.5501 235.4177 180.2693 254.0931 201.5117 1.7905 1.8016 0.5844 -31.5892 2.4415 62.3809 0.0828 0.2780
Cyclist -1 -1 2.4840 857.0767 167.7795 887.4463 201.5617 1.7966 1.7912 0.5753 14.2378 1.5271 39.3112 2.8287 0.2375
Cyclist -1 -1 2.5325 842.3706 172.1658 867.3149 199.3913 1.7632 1.8137 0.6329 16.1377 1.7190 47.6845 2.8565 0.2015
Cyclist -1 -1 -0.0842 372.0211 184.1864 387.8375 217.0717 1.7721 1.9046 0.6900 -12.9864 2.4259 40.5889 -0.3924 0.1964
Cyclist -1 -1 -0.7658 878.5905 168.5946 915.9127 206.1668 1.7788 1.8309 0.5735 13.9221 1.5775 35.1120 -0.3916 0.1609
Cyclist -1 -1 -2.5120 153.6294 182.7686 181.6113 209.2900 1.8093 1.9944 0.6318 -31.2822 2.5246 51.0036 -3.0601 0.1571
Cyclist -1 -1 -3.7137 1063.4988 148.0325 1164.7225 256.6680 1.7909 1.8034 0.5643 8.8287 1.3821 12.7994 -3.1210 0.1513
Car -1 -1 3.0847 343.9858 183.8139 379.8501 214.0791 1.5095 3.5554 1.6495 -13.6024 2.1374 39.3589 2.7536 0.5564
Car -1 -1 -0.5531 91.8648 187.2857 151.2050 211.0565 1.4806 3.6726 1.5976 -32.6805 2.4752 48.2247 -1.1463 0.2400
Car -1 -1 -0.8128 6.1943 185.5594 94.8799 215.6588 1.6224 3.8292 1.7322 -31.6593 2.3605 40.8361 -1.4693 0.2340
Car -1 -1 0.7206 0.0000 202.2611 107.9068 243.2471 1.5898 1.7031 3.4966 -23.4646 2.8661 30.3368 0.0663 0.2285
Car -1 -1 -0.1181 960.3588 173.8573 1027.3180 221.6680 1.5699 3.8322 1.6427 13.6172 1.6091 25.8593 0.3614 0.1724
Car -1 -1 0.7792 195.9591 185.5606 255.2105 208.6744 1.5187 3.5012 1.7825 -27.3898 2.4594 51.4632 0.2920 0.1716
Car -1 -1 -0.1478 675.3265 162.9096 754.6052 223.7969 1.6575 4.2585 1.7188 3.0058 1.3871 21.7792 -0.0131 0.1658
Car -1 -1 2.6502 824.8264 178.6665 878.4475 204.0381 1.5325 3.8397 1.6507 15.4914 1.9242 46.5433 2.9692 0.1552
