Pedestrian -1 -1 -0.7895 991.5110 119.9483 1105.2939 300.9919 1.8231 0.8935 0.5790 4.6400 1.2907 7.7705 -0.2683 0.2467
Pedestrian -1 -1 -0.8861 802.3278 139.0063 851.3745 226.0012 1.8109 0.8372 0.5713 4.6097 1.1067 15.5236 -0.6031 0.2187
Pedestrian -1 -1 3.3581 120.9104 177.4039 149.4773 229.8125 1.7672 0.7970 0.6662 -16.4239 1.9277 24.9027 2.7798 0.2133
Cyclist -1 -1 -2.1697 1050.2216 156.8874 1097.9983 197.4122 1.8444 1.8270 0.6045 21.2883 1.1181 33.1691 -1.6033 0.3118
Cyclist -1 -1 -0.4886 991.2986 185.4056 1023.5351 235.8188 1.6218 1.5338 0.2527 13.3565 2.0593 24.3597 0.0071 0.2439
Cyclist -1 -1 0.2246 421.3576 170.9859 435.8204 196.0098 1.7602 1.8156 0.6157 -13.0095 1.6292 51.6648 -0.0212 0.2435
Cyclist -1 -1 0.5734 174.5460 171.2026 222.9104 221.7373 1.7761 1.8178 0.6442 -14.9965 1.7184 26.2825 0.0590 0.2194
Cyclist -1 -1 -0.4662 656.4880 175.5097 676.5817 200.8614 1.7209 1.8514 0.6238 3.8906 1.9095 50.1559 -0.3897 0.2028
Cyclist -1 -1 -0.6404 761.1232 151.4945 825.5898 226.5309 1.8168 1.8814 0.5770 4.6058 1.3000 18.4457 -0.4000 0.1933
Cyclist -1 -1 -3.5178 1192.1255 164.8493 1216.9597 193.4459 1.7166 1.6935 0.5867 36.3786 1.2364 44.2049 -2.8327 0.1917
Cyclist -1 -1 -3.4385 1123.4452 172.1710 1144.9813 199.9235 1.7479 1.8258 0.6057 33.6682 1.7052 46.4019 -2.8142 0.1833
Car -1 -1 1.6041 567.7263 174.1269 619.0925 222.9445 1.5459 1.6343 3.5205 -0.5555 1.5930 24.7073 1.5812 0.5979
Car -1 -1 1.0096 959.8025 178.3340 1020.7409 199.3230 1.5123 3.5703 1.8466 28.1912 1.9278 53.6017 1.4911 0.3919
Car -1 -1 -2.1499 967.2712 168.9211 1023.7021 188.4687 1.5258 3.5131 1.8641 30.6164 1.2192 57.4062 -1.6623 0.3307
Car -1 -1 0.5425 278.0349 179.1744 375.4741 225.7313 1.5470 3.7351 1.6248 -10.3289 1.7968 26.4900 0.1737 0.3145
Car -1 -1 2.7198 626.4911 176.7895 668.7978 199.0715 1.5447 3.9046 1.6334 2.6870 1.8451 52.8820 2.7698 0.2892
Car -1 -1 1.0986 881.3366 176.6000 940.2727 197.2958 1.4926 3.6641 1.6723 22.1959 1.7752 53.3711 1.4904 0.2612
Car -1 -1 -3.4179 1093.5002 170.8706 1146.2875 196.5563 1.5503 4.0179 1.6807 32.1998 1.4309 45.7200 -2.8076 0.2461
Car -1 -1 -0.8530 942.5787 181.2174 1022.6571 209.7220 1.5314 4.0288 1.7043 21.6911 2.0467 42.2325 -0.3818 0.2230
Car -1 -1 1.7337 516.2432 178.2502 571.1337 200.8176 1.5021 3.5112 1.7728 -4.5516 1.8804 49.5159 1.6420 0.2161
Car -1 -1 -1.9689 906.5248 165.5243 965.4177 185.7194 1.5788 3.7995 1.9809 25.8831 1.0061 57.4376 -1.5477 0.1982
