Pedestrian -1 -1 -1.0468 1071.5796 126.6143 1131.9456 223.0077 1.8439 0.7554 0.6517 9.7897 0.8147 14.0011 -0.4454 0.6694
Pedestrian -1 -1 2.2541 908.2427 157.0885 951.5552 223.1091 1.7957 0.8381 0.7126 9.0408 1.1605 19.7597 2.6788 0.5596
Pedestrian -1 -1 3.1654 99.6882 159.5604 118.2792 202.5214 1.9513 0.8684 0.6786 -22.9257 1.0017 32.6592 2.5598 0.3169
Pedestrian -1 -1 0.5860 948.8473 164.2487 1011.4138 258.1400 1.7855 0.7032 0.8465 7.3697 1.4781 13.9818 1.0633 0.2372
Cyclist -1 -1 2.9054 584.2372 160.3372 604.2620 197.3613 1.8753 2.0855 0.5725 -0.5868 0.8555 36.8895 2.8914 0.2960
Cyclist -1 -1 -1.1444 939.1063 163.9033 1028.9225 246.4041 1.5570 1.4652 0.5880 7.4921 1.2454 14.0971 -0.6634 0.2959
Cyclist -1 -1 -0.8741 0.0000 154.2413 75.6843 233.5330 1.7604 1.7251 0.7006 -13.1851 1.1791 16.0613 -1.5499 0.2295
Car -1 -1 3.0832 414.0684 170.5072 473.8710 225.1323 1.5956 3.7668 1.6529 -5.2659 1.3053 22.6871 2.8599 0.4761
Car -1 -1 3.1879 441.8743 169.1942 484.8383 207.6008 1.5951 4.0212 1.6765 -6.2612 1.1271 31.4721 2.9953 0.3736
Car -1 -1 1.0448 1158.2396 172.7620 1224.0000 232.4948 1.5029 1.5925 3.7234 17.4141 1.3098 19.7628 1.7606 0.3564
Car -1 -1 2.8727 578.5698 172.2676 617.0186 196.0818 1.5563 3.7151 1.6954 -0.5315 1.0196 48.2219 2.8635 0.2554
Car -1 -1 -0.5603 532.8599 172.8275 576.2871 192.8755 1.5448 3.8252 1.6899 -4.0506 0.9549 56.5210 -0.6298 0.2480
Car -1 -1 2.7627 0.0000 177.4272 78.7794 217.5504 1.5529 3.7055 1.6350 -23.4606 1.4355 28.9883 2.0894 0.2118
