Pedestrian -1 -1 1.7031 294.6046 139.8801 409.5749 345.0743 1.8753 0.9739 0.6101 -2.5230 1.5743 6.9887 1.3675 0.5562
Pedestrian -1 -1 2.9723 359.2519 140.4913 429.0823 298.2168 1.8231 0.9664 0.6740 -2.7371 1.4494 8.9198 2.6819 0.5214
Pedestrian -1 -1 -0.5256 602.6616 169.6665 626.8430 213.3346 1.7795 0.8253 0.6796 0.1524 1.6499 29.9269 -0.5212 0.4408
Pedestrian -1 -1 -0.9270 989.3538 139.1936 1048.8632 229.9303 1.8025 0.8448 0.6494 8.3597 1.1342 14.8489 -0.4229 0.2673
Pedestrian -1 -1 -2.0770 1110.6552 172.6155 1168.2583 254.2341 1.7513 0.7104 0.8234 11.6227 1.7466 15.9293 -1.4561 0.2432
Car -1 -1 -1.8285 713.5586 177.4071 839.8874 260.5047 1.5299 1.6259 3.9709 3.3677 1.6410 15.5261 -1.6198 0.7963
Car -1 -1 -1.7436 649.7259 177.9437 704.4199 217.9523 1.4850 1.5679 3.7125 2.6033 1.7047 29.1816 -1.6561 0.6988
Car -1 -1 -1.7610 707.9298 176.4035 751.0360 204.2947 1.5343 1.8258 3.5201 6.8579 1.7497 41.9303 -1.6004 0.6035
Car -1 -1 3.0473 623.2805 175.4773 647.2087 194.4966 1.5661 3.6784 1.7030 2.1113 1.7981 61.8197 3.0808 0.3829
Car -1 -1 2.1209 238.4355 177.1131 285.3949 194.3949 1.5621 3.5307 1.7323 -32.2104 1.9628 66.7719 1.6728 0.3414
Car -1 -1 -3.1244 1031.3170 178.7122 1083.5316 215.5893 1.5523 3.4709 1.9383 20.4198 1.8365 32.9835 -2.5745 0.3224
Car -1 -1 -2.6189 0.0000 0.0000 1242.0000 375.0000 1.5617 1.6995 4.0152 3.3888 1.6367 1.9190 -1.6280 0.3083
Car -1 -1 2.0816 244.0104 181.0530 295.8563 199.1085 1.5278 3.7064 1.7631 -29.6811 2.2554 62.9848 1.6426 0.2427
