Pedestrian -1 -1 1.5038 601.1454 144.7484 690.4472 301.6765 1.8607 1.0527 0.6581 0.4339 1.4385 8.7167 1.5536 0.5533
Pedestrian -1 -1 1.4337 1121.6958 194.9191 1224.0000 370.0000 1.6828 0.7098 0.7539 4.3480 1.8039 5.3476 2.0892 0.4047
Pedestrian -1 -1 1.4750 58.2875 186.3731 100.2714 247.5424 1.7072 0.9124 0.7314 -15.2167 1.8832 20.4158 0.8434 0.3480
Pedestrian -1 -1 -0.2382 14.4631 169.1273 75.4162 260.7436 1.7820 0.9066 0.7849 -11.4010 1.5624 14.3368 -0.8975 0.3019
Pedestrian -1 -1 -0.4691 654.6880 164.8892 708.7122 261.3800 1.7171 0.8366 0.6881 1.3669 1.4409 13.0907 -0.3658 0.2850
Pedestrian -1 -1 -0.1747 255.1052 162.4312 304.9999 257.9623 1.7721 0.8750 0.7420 -6.3379 1.4385 13.6810 -0.5979 0.2598
Pedestrian -1 -1 2.2357 831.8792 176.5230 877.0629 246.7045 1.7163 0.7189 0.8249 6.2465 1.6206 17.8116 2.5690 0.2446
Pedestrian -1 -1 2.8161 525.3333 167.6232 571.1185 252.6238 1.7267 0.8350 0.7321 -1.2445 1.4667 14.8857 2.7362 0.2309
Pedestrian -1 -1 -0.9003 994.2238 167.3904 1070.1390 275.3753 1.7576 0.8770 0.6735 7.2134 1.5459 12.0340 -0.3703 0.2241
Pedestrian -1 -1 0.6369 1041.9998 193.1387 1115.9222 286.6353 1.7064 0.8967 0.8071 9.0510 1.9604 13.5784 1.2154 0.1953
Pedestrian -1 -1 2.7722 516.5211 163.2679 568.3447 262.0471 1.7390 0.8787 0.6761 -1.2021 1.4372 12.9858 2.6839 0.1860
Pedestrian -1 -1 1.8146 1154.1027 141.8080 1224.0000 250.2391 1.7989 0.8232 0.6993 10.1021 1.1586 12.2645 2.4926 0.1707
Pedestrian -1 -1 1.0417 973.1746 196.5374 1134.2775 370.0000 1.6589 0.7474 0.7368 3.2918 1.7901 5.3323 1.5702 0.1640
Pedestrian -1 -1 1.2121 290.3462 189.6369 328.3401 260.6772 1.8128 0.7244 0.7125 -7.8481 2.0624 18.6758 0.8217 0.1490
Pedestrian -1 -1 -3.3208 1122.6155 205.4841 1224.0000 370.0000 1.5072 0.8312 0.9018 5.3223 1.7584 6.4778 -2.6553 0.1468
Pedestrian -1 -1 0.9665 811.7532 167.4121 870.6611 256.9578 1.7183 0.9297 0.5988 4.6241 1.4688 13.9825 1.2808 0.1460
Pedestrian -1 -1 -1.0371 734.5587 146.7664 797.8515 253.0877 1.7808 0.8644 0.6626 2.7757 1.2174 12.3743 -0.8200 0.1452
Pedestrian -1 -1 1.5337 589.9267 170.6201 634.5823 255.7734 1.7224 0.8989 0.6580 0.0988 1.5242 14.6383 1.5419 0.1418
Cyclist -1 -1 -0.3357 649.3934 160.9321 712.9263 260.9804 1.7441 1.8924 0.5860 1.3527 1.4046 13.3090 -0.2351 0.2856
Cyclist -1 -1 -2.0799 1018.7325 193.0806 1134.5492 288.6290 1.7717 1.7403 0.6956 9.0104 2.0229 13.6165 -1.5047 0.2453
Cyclist -1 -1 1.8823 311.6584 176.7529 449.1056 285.9219 1.6605 1.9374 0.7053 -3.5454 1.6052 11.1145 1.5834 0.2402
Cyclist -1 -1 0.0403 257.7917 162.0444 298.4026 260.0322 1.7737 1.7857 0.6306 -6.3702 1.4413 13.7396 -0.3832 0.2205
Cyclist -1 -1 1.0490 1041.3275 194.0936 1224.0000 370.0000 1.7110 1.7642 0.5907 5.1208 1.8476 6.6166 1.6861 0.2168
Cyclist -1 -1 1.4561 681.8916 160.1272 756.8204 230.2104 1.7534 1.8250 0.6271 2.8622 1.2453 18.0357 1.6126 0.2010
Cyclist -1 -1 -0.6499 0.0000 166.9504 85.6050 260.2204 1.8113 1.8152 0.6213 -11.5271 1.5498 14.2546 -1.3173 0.1958
Cyclist -1 -1 1.6877 503.4422 163.8633 596.2231 248.5427 1.7402 1.8835 0.6865 -1.1846 1.4000 14.9072 1.6118 0.1632
Cyclist -1 -1 -0.4106 856.7789 173.6908 939.5242 295.1534 1.6287 1.7569 0.4288 4.2000 1.5391 10.3613 -0.0344 0.1614
Cyclist -1 -1 -0.9041 1124.9781 142.9423 1224.0000 253.3248 1.7736 1.8155 0.5592 10.0900 1.1718 12.3034 -0.2282 0.1485
Cyclist -1 -1 -0.4966 833.5908 153.0006 915.7972 262.7477 1.7743 1.7815 0.5389 4.6179 1.3314 12.3464 -0.1453 0.1432
Car -1 -1 3.0858 0.0000 179.1750 32.7895 217.3096 1.5810 4.0948 1.7505 -26.7543 1.5275 31.3987 2.3868 0.1884
Car -1 -1 2.8921 591.1891 183.6583 655.5948 222.9182 1.5582 3.9629 1.8490 0.6952 1.7057 30.5393 2.9162 0.1740
Car -1 -1 0.4033 340.0155 169.3829 471.5186 243.1928 1.5469 3.7757 1.6226 -4.6100 1.3155 16.7971 0.1421 0.1449
