Pedestrian -1 -1 -0.7381 974.7916 149.1584 1036.4965 247.4282 1.7985 0.7914 0.6630 7.4315 1.3652 13.6676 -0.2496 0.2837
Pedestrian -1 -1 2.1179 986.4497 150.3414 1033.4008 232.5476 1.8193 0.6972 0.6573 9.0552 1.3214 16.4322 2.6136 0.1990
Pedestrian -1 -1 3.2037 495.2681 172.0459 521.7344 236.6903 1.6953 0.8196 0.6547 -2.7629 1.6744 19.3534 3.0631 0.1751
Pedestrian -1 -1 0.1945 994.5286 141.5554 1056.9381 273.2100 1.8069 0.7170 0.6622 5.9359 1.3777 10.3878 0.7009 0.1716
Pedestrian -1 -1 2.7560 780.1734 163.1675 802.0314 202.5938 1.8145 0.8592 0.7168 8.4094 1.3691 33.6806 2.9982 0.1655
Pedestrian -1 -1 0.7964 516.7891 167.5984 545.5912 221.4804 1.7717 0.6865 0.6718 -2.6876 1.5992 24.2002 0.6864 0.1573
Cyclist -1 -1 2.4856 774.4384 158.8286 810.3937 199.0164 1.8095 1.8955 0.5746 8.4038 1.1783 33.4683 2.7292 0.4106
Cyclist -1 -1 -3.2315 701.6379 170.8880 724.9747 221.5524 1.7395 1.8396 0.6515 3.6214 1.6724 25.7050 -3.0938 0.1716
Cyclist -1 -1 -0.2969 404.5584 166.4170 471.8476 257.8750 1.6239 1.6108 0.8053 -3.3386 1.5100 13.7073 -0.5321 0.1711
Cyclist -1 -1 0.2534 489.0021 171.4507 526.6019 238.4180 1.7088 1.8178 0.5617 -2.7655 1.6733 19.3434 0.1125 0.1527
Cyclist -1 -1 -0.4299 542.8236 170.3358 577.4332 213.2906 1.7315 1.7629 0.7699 -2.1321 1.6303 30.0401 -0.5007 0.1476
Car -1 -1 -1.7634 709.7546 169.7899 813.3925 245.0092 1.5575 1.6245 3.7517 3.3483 1.4944 16.8136 -1.5709 0.7777
Car -1 -1 -1.9470 691.2583 171.1561 788.1301 228.0332 1.6014 1.8418 3.2179 3.8294 1.5540 22.0770 -1.7782 0.4412
Car -1 -1 -0.5367 650.6414 175.4717 705.8386 202.3432 1.5270 3.5058 1.7463 4.0197 1.6917 43.3399 -0.4454 0.3117
Car -1 -1 0.2663 682.9738 174.1511 720.2235 196.9859 1.6118 4.0923 1.7238 6.7923 1.7121 53.3985 0.3917 0.2324
Car -1 -1 0.0497 685.1957 178.0728 726.3802 212.1688 1.5442 3.9000 1.8183 4.7109 1.8156 35.3934 0.1804 0.1819
Car -1 -1 -3.0332 705.7375 171.8403 764.3913 216.3267 1.5389 3.5628 1.7890 4.6819 1.5041 26.9150 -2.8634 0.1652
Car -1 -1 1.3919 650.8713 178.3420 711.0188 202.0151 1.4795 3.6025 1.7944 4.5218 1.8424 46.6203 1.4875 0.1516
