Pedestrian -1 -1 1.8113 671.6357 170.8854 682.5832 190.7823 1.8658 0.8954 0.6727 6.3192 1.6815 68.1210 1.9030 0.2716
Cyclist -1 -1 -0.4436 679.8735 179.6130 697.5478 202.4528 1.7629 1.9152 0.6309 6.2159 2.3095 57.2957 -0.3366 0.5159
Cyclist -1 -1 -0.6851 667.3720 172.8842 685.8533 192.5966 1.8392 1.9839 0.6265 6.2810 1.8425 68.3183 -0.5941 0.3630
Cyclist -1 -1 3.4123 191.3411 184.6613 210.7938 218.6849 1.5742 1.6503 0.3868 -19.7607 2.1582 34.8160 2.8991 0.2821
Cyclist -1 -1 -0.6378 752.2914 174.4099 777.9102 204.0218 1.7843 1.7857 0.5951 9.5234 1.8827 44.5092 -0.4288 0.2763
Cyclist -1 -1 0.3260 5.3476 181.0753 32.4435 213.7294 1.6985 1.8052 0.5805 -31.9321 2.1536 38.9531 -0.3574 0.2282
Car -1 -1 3.5234 205.1938 181.5069 268.1390 211.7359 1.5524 4.1151 1.7112 -20.8461 2.0628 40.3976 3.0495 0.5537
Car -1 -1 3.2732 378.0556 181.7640 413.5585 207.1935 1.5253 3.5454 1.7398 -13.7851 2.1230 46.4845 2.9861 0.5348
Car -1 -1 1.9360 61.1100 187.0469 174.3794 242.6532 1.6036 1.7453 4.1327 -16.3444 2.1224 24.1426 1.3457 0.5082
Car -1 -1 3.2521 339.3811 182.6213 373.3623 207.5958 1.5179 3.8637 1.6930 -16.6948 2.1899 47.5429 2.9158 0.3535
Car -1 -1 0.0493 441.0454 180.6765 463.5092 199.3234 1.5059 3.8320 1.6989 -13.5439 2.2005 62.0008 -0.1652 0.3437
Car -1 -1 0.6770 0.0000 183.4395 112.3766 228.4913 1.5012 3.3937 1.5870 -20.3612 1.9166 26.5659 0.0278 0.2254
