Pedestrian -1 -1 2.0955 960.4453 113.7331 1029.8469 242.9902 1.8915 0.7085 0.6510 5.8302 1.0267 11.0301 2.5706 0.3799
Pedestrian -1 -1 1.3834 413.1897 190.2422 456.8897 260.2261 1.7101 0.9704 0.6960 -4.5151 2.1665 18.4026 1.1452 0.1992
Pedestrian -1 -1 2.7447 528.1456 155.8309 548.4703 201.6834 1.9074 0.6996 0.6323 -3.0712 1.1996 30.4698 2.6447 0.1591
Pedestrian -1 -1 -1.7362 685.4995 173.1423 717.2896 231.0090 1.7813 0.8809 0.7005 2.8072 1.7908 22.5808 -1.6149 0.1547
Pedestrian -1 -1 2.9706 3.1026 116.3121 175.9597 375.0000 1.7455 0.8334 0.6709 -2.9942 1.4694 4.0583 2.3652 0.1536
Cyclist -1 -1 -0.4092 761.0710 158.0036 855.2463 294.5932 1.7605 1.8935 0.5579 2.7112 1.5694 10.2760 -0.1594 0.1877
Cyclist -1 -1 -0.0484 464.8771 168.6357 473.6293 194.7758 1.8806 1.9831 0.5339 -10.3589 1.5775 52.9333 -0.2410 0.1716
Cyclist -1 -1 3.4284 0.0000 122.8210 174.9865 375.0000 1.7149 1.9648 0.6283 -3.0046 1.5159 3.9033 2.8042 0.1699
Cyclist -1 -1 -0.5190 1084.4064 114.2980 1242.0000 375.0000 1.7848 1.8114 0.5537 4.0216 1.4531 5.0231 0.1273 0.1645
Cyclist -1 -1 -0.4621 472.6566 170.4531 510.5515 212.5907 1.7066 1.8125 0.8443 -5.0104 1.6097 30.2016 -0.6255 0.1572
Cyclist -1 -1 -3.2547 694.0363 162.3340 719.2713 221.9511 1.8057 1.7665 0.5832 2.9849 1.4874 22.7392 -3.1265 0.1562
Cyclist -1 -1 0.1375 66.7779 153.1381 135.5708 264.8956 1.7099 1.8132 0.6774 -8.4700 1.4086 11.9987 -0.4670 0.1556
Car -1 -1 1.0304 578.1868 177.3289 636.7511 205.1886 1.5066 2.2626 2.7460 -0.2034 1.7743 41.3436 1.0250 0.5182
Car -1 -1 2.9104 660.9182 178.2877 707.6972 208.3174 1.5105 3.6340 1.7081 3.9153 1.8182 38.8969 3.0094 0.3923
Car -1 -1 2.9469 650.3839 174.9087 684.4951 197.6442 1.5494 3.6445 1.7422 4.0253 1.7017 51.4265 3.0241 0.2397
Car -1 -1 2.2701 460.1140 173.9035 528.4996 203.0593 1.5658 3.5876 1.6192 -6.5372 1.6274 40.4810 2.1107 0.2035
Car -1 -1 -0.4673 660.6866 168.9071 709.7764 194.7295 1.5747 3.6237 1.6477 4.7156 1.3344 45.9844 -0.3661 0.1878
Car -1 -1 2.7207 546.2736 184.9796 594.9452 210.3505 1.5190 3.8868 1.7476 -2.6611 2.3510 47.3574 2.6643 0.1814
Car -1 -1 1.0313 607.4996 180.1063 658.3328 199.2928 1.4974 3.7540 1.8662 1.8648 2.1116 59.3449 1.0621 0.1633
