Pedestrian -1 -1 -0.4587 698.9301 163.0839 733.3839 227.0579 1.7692 0.8146 0.6717 3.1096 1.2892 20.0383 -0.3055 0.7892
Pedestrian -1 -1 3.4872 28.0040 170.1853 153.7106 351.6762 1.7337 0.9323 0.7678 -5.3131 1.6368 7.2986 2.8801 0.7548
Pedestrian -1 -1 3.0760 232.9847 175.2269 253.2941 219.7000 1.7138 0.7461 0.6653 -14.2224 1.5121 27.7325 2.6084 0.3773
Pedestrian -1 -1 0.9410 930.0583 138.5503 1007.6307 257.1989 1.8692 0.9479 0.6078 5.8693 1.2100 11.5125 1.4032 0.3203
Pedestrian -1 -1 2.0316 447.7444 169.1681 470.8344 207.2872 1.7686 0.8771 0.6226 -6.8601 1.2443 33.2142 1.8315 0.2898
Pedestrian -1 -1 1.8228 137.1313 186.9924 157.6400 217.7312 1.7693 0.8283 0.8228 -26.8172 2.1559 41.4310 1.2533 0.2811
Cyclist -1 -1 3.0026 535.2041 170.1481 556.5125 214.9286 1.7811 1.8454 0.6243 -2.4685 1.3709 29.0859 2.9206 0.6596
Cyclist -1 -1 -0.2096 646.7168 170.2077 694.3936 255.4458 1.7365 1.7480 0.6698 1.3513 1.5285 15.3077 -0.1217 0.5907
Cyclist -1 -1 -0.3176 626.1440 169.1479 640.0170 191.1544 1.7818 1.7874 0.6138 2.3186 0.8639 58.1875 -0.2763 0.3343
Cyclist -1 -1 0.1470 452.8910 170.2514 472.3612 208.8094 1.7664 1.7909 0.6402 -6.7103 1.2984 33.2961 -0.0483 0.2835
Cyclist -1 -1 0.2296 118.5041 182.6918 143.9313 219.6926 1.7385 1.8996 0.6013 -23.0042 1.8494 34.3285 -0.3549 0.2811
Cyclist -1 -1 -0.9708 129.3407 187.6534 168.0349 220.2295 1.8832 1.8280 0.7066 -26.7318 2.3075 41.4190 -1.5390 0.2682
Car -1 -1 -0.2548 731.3447 170.7238 846.3338 216.9870 1.5795 1.7766 3.6031 6.4105 1.2472 25.0323 -0.0055 0.5796
Car -1 -1 -3.8437 999.7789 176.0035 1224.0000 370.0000 1.5241 1.5312 3.6674 5.7509 1.4905 6.3316 -3.1294 0.4887
Car -1 -1 1.3642 1110.3646 166.4005 1187.0964 190.9534 1.5441 3.6505 1.8857 35.3643 0.6587 46.0979 2.0169 0.4752
Car -1 -1 0.8863 1091.7467 165.9295 1181.3846 193.1169 1.5462 3.9602 1.7483 30.8944 0.7189 41.1642 1.5281 0.4473
Car -1 -1 2.1837 887.4548 171.5211 957.9080 197.7395 1.4741 3.4883 1.6159 18.6602 0.9707 41.6605 2.6036 0.3345
Car -1 -1 -1.9509 890.5898 160.0823 957.5712 184.5889 1.6250 3.7290 1.7982 21.5545 0.2725 47.8562 -1.5285 0.2963
Car -1 -1 -1.5666 894.2219 170.4354 958.8926 194.2580 1.4860 3.7350 1.7178 20.7316 0.8595 45.6577 -1.1413 0.2479
