Pedestrian -1 -1 1.3855 877.1628 169.7581 917.5534 237.4873 1.6934 0.8540 0.6205 7.2779 1.6163 18.4205 1.7557 0.4532
Pedestrian -1 -1 -0.5798 346.3760 167.5417 367.4586 205.4581 1.9000 0.8075 0.6803 -12.9002 1.6342 36.6700 -0.9161 0.3286
Car -1 -1 -1.7604 673.1508 183.1317 793.1297 271.7479 1.5077 1.6472 3.8447 2.2977 1.7450 14.6789 -1.6093 0.7730
Car -1 -1 -1.8397 615.3854 181.0565 689.1348 229.6331 1.5277 1.6248 3.7695 1.3575 1.8396 25.3848 -1.7876 0.7082
Car -1 -1 1.6555 434.6721 181.9133 497.9170 234.6788 1.5670 1.7440 3.8884 -4.7664 1.8961 24.1489 1.4621 0.6494
Car -1 -1 -1.8446 639.9113 178.0489 730.3781 237.6915 1.5352 1.6260 3.7316 2.0234 1.7003 20.8961 -1.7503 0.5995
Car -1 -1 -1.8046 589.1240 177.8592 636.1588 209.1976 1.5624 1.6567 3.8870 0.0501 1.8458 38.7184 -1.8038 0.5825
Car -1 -1 3.4887 0.0000 133.5480 371.9566 375.0000 1.7558 4.2875 1.7959 -3.2335 1.5700 5.6705 2.9896 0.5465
Car -1 -1 -0.2751 568.7275 177.2620 598.3733 195.8125 1.5619 3.5284 1.7133 -2.3820 1.9627 63.6131 -0.3128 0.4446
Car -1 -1 3.2116 467.1218 174.7880 511.3875 214.0021 1.6755 4.3356 1.7108 -5.5415 1.7711 33.2859 3.0475 0.3084
