Pedestrian -1 -1 2.9958 360.4665 142.9122 428.1223 300.6254 1.8252 0.9758 0.6677 -2.7393 1.4791 8.9309 2.7055 0.5275
Pedestrian -1 -1 1.7406 290.1219 142.7864 412.5066 344.6201 1.8521 1.0340 0.5479 -2.5269 1.5766 6.9745 1.4039 0.4864
Pedestrian -1 -1 -0.1640 604.4149 171.8269 623.7597 215.1169 1.7672 0.8176 0.6756 0.1232 1.7257 29.9104 -0.1606 0.4225
Pedestrian -1 -1 -2.3698 962.0682 164.5539 986.7178 200.2354 1.8138 1.0076 0.6008 18.7106 1.3922 37.1239 -1.9064 0.3872
Pedestrian -1 -1 3.1736 52.5989 165.4946 78.7720 223.8548 1.8327 0.8047 0.6427 -17.5170 1.6019 23.1694 2.5316 0.3258
Pedestrian -1 -1 2.1521 310.8886 170.1537 336.6900 209.0363 1.8527 0.9648 0.6379 -13.8348 1.7243 34.7871 1.7759 0.2740
Car -1 -1 -1.9999 870.4292 178.4538 1034.0762 258.6909 1.5410 1.6915 4.1261 7.4089 1.6833 16.2136 -1.5789 0.7879
Car -1 -1 -1.7929 716.0710 181.8961 824.3547 256.3752 1.4668 1.6077 3.6083 3.4732 1.6963 16.4678 -1.5896 0.7702
Car -1 -1 -1.7101 669.0723 173.2797 733.0928 221.6398 1.6136 1.7330 4.0020 3.1666 1.6306 26.1271 -1.5915 0.7337
Car -1 -1 -2.5186 811.2247 176.5318 879.1736 204.9780 1.5047 1.7451 3.2013 13.1109 1.7204 40.4373 -2.2076 0.6392
Car -1 -1 2.8980 623.5961 176.5332 658.4745 199.6579 1.5658 3.5298 1.6705 2.1428 1.8378 51.3553 2.9390 0.5334
Car -1 -1 3.1182 616.6029 176.2585 636.7075 194.5857 1.5487 3.7887 1.6756 1.4200 1.8579 63.5680 3.1400 0.2626
Car -1 -1 2.1232 239.8809 176.5661 286.0876 193.6024 1.5412 3.4560 1.7398 -32.1125 1.8905 66.7734 1.6762 0.2448
