Pedestrian -1 -1 0.2574 1169.8490 192.5034 1206.0500 249.6344 1.6907 0.8199 0.6899 17.7625 2.3108 22.2314 0.9243 0.4479
Pedestrian -1 -1 1.0241 811.6970 193.1843 832.8719 221.6440 1.7836 0.9998 0.8768 13.6638 3.1115 46.5608 1.3070 0.3744
Pedestrian -1 -1 -1.0004 1012.7068 163.9347 1049.9932 216.5679 1.7552 0.8649 0.6862 14.3169 1.4581 24.6008 -0.4789 0.2309
Pedestrian -1 -1 -0.5819 1079.1697 179.7588 1110.2432 229.1648 1.7795 0.6875 0.6765 17.7035 2.0361 26.4269 0.0026 0.2216
Pedestrian -1 -1 0.4935 1046.8311 169.1756 1083.6548 223.6450 1.8541 1.0447 0.6737 15.7995 1.7293 25.1105 1.0493 0.2076
Cyclist -1 -1 -1.8685 806.1049 190.1490 836.1871 219.7762 1.8825 1.7409 0.6824 13.6032 3.0087 46.6134 -1.5870 0.4167
Cyclist -1 -1 -0.6738 993.0288 188.7674 1037.1483 235.3997 1.7955 1.7682 0.5795 16.3996 2.4630 29.3274 -0.1690 0.3837
Cyclist -1 -1 -2.5564 116.0109 181.8582 178.2332 245.8783 1.6538 1.7281 0.5687 -12.6828 1.9115 19.7505 -3.1214 0.2799
Cyclist -1 -1 -3.3297 786.0522 174.7337 800.7347 200.5339 1.7448 1.7480 0.6622 12.6236 1.8773 49.8146 -3.0834 0.2659
Cyclist -1 -1 0.1573 198.6353 181.6106 215.8697 210.3981 1.7585 1.8744 0.6651 -25.5148 2.3252 45.6720 -0.3500 0.2097
Cyclist -1 -1 -1.0043 1056.1631 180.8507 1116.9456 230.9172 1.7588 1.8294 0.6009 17.5010 2.0646 26.6062 -0.4282 0.2044
Car -1 -1 3.4859 57.8360 192.3118 234.0775 281.6149 1.5421 4.2551 1.8459 -9.8848 2.0278 15.7206 2.9319 0.6828
Car -1 -1 3.3582 304.9010 187.7811 369.2946 229.5817 1.4396 3.4804 1.6171 -10.5501 2.0572 27.9949 3.0005 0.5651
Car -1 -1 -0.7946 751.4065 178.6075 807.5989 200.2993 1.4630 3.9006 1.6291 12.1055 1.8934 51.8481 -0.5670 0.3321
Car -1 -1 3.0999 469.4699 180.2551 497.3746 204.9536 1.5251 3.8077 1.6592 -8.4509 2.0368 47.8102 2.9255 0.3199
Car -1 -1 -1.0732 899.5172 183.2711 950.2177 202.4795 1.5248 3.4841 1.8590 26.7140 2.4387 61.3295 -0.6646 0.2934
Car -1 -1 -0.2496 392.9504 178.4687 438.9311 207.1430 1.6684 4.3608 1.7566 -12.2429 2.0389 45.2242 -0.5129 0.2606
Car -1 -1 -0.7144 765.5303 180.6003 827.8379 206.6511 1.6119 4.1526 1.7226 12.3824 2.1540 48.2182 -0.4650 0.2370
Car -1 -1 3.3719 141.6911 180.6425 201.3692 216.5445 1.6175 3.9486 1.6437 -21.5619 2.0248 35.5614 2.8300 0.2325
Car -1 -1 -0.0174 4.2154 188.7420 56.5147 230.0762 1.5327 3.8707 1.6292 -24.4092 2.2448 30.3082 -0.6913 0.2237
Car -1 -1 -0.6783 1060.8943 177.3323 1203.8453 231.0092 1.5154 3.7564 1.6000 16.1483 1.6681 22.6155 -0.0649 0.2062
