Pedestrian -1 -1 3.1224 291.6123 170.7377 340.4821 286.3750 1.7041 0.8834 0.6755 -4.6076 1.6732 11.1687 2.7388 0.6804
Pedestrian -1 -1 3.1220 0.0000 174.5772 38.0635 250.9049 1.7350 0.7163 0.6824 -13.9084 1.7770 16.9149 2.4414 0.3769
Car -1 -1 1.6125 510.6852 182.8666 561.5425 229.7955 1.4572 1.6057 3.7346 -2.5507 1.8329 25.1294 1.5117 0.6695
Car -1 -1 1.9299 115.4196 191.6354 257.4402 268.9109 1.4558 1.6896 3.2246 -9.3657 1.9217 16.1557 1.4113 0.6321
Car -1 -1 -1.5194 579.6985 180.9188 636.4472 232.4295 1.4585 1.6149 3.7370 -0.0353 1.7365 22.9303 -1.5218 0.6315
Car -1 -1 -1.6897 653.9890 180.0632 702.2594 217.8180 1.5068 1.6627 3.4712 2.8504 1.8368 31.2252 -1.6002 0.5955
Car -1 -1 -0.2100 664.3591 179.0719 750.3618 237.1146 1.4733 3.6714 1.6737 2.6307 1.6678 20.6200 -0.0857 0.5572
Car -1 -1 -0.5373 456.3512 178.1503 523.9404 209.6937 1.5176 3.9197 1.6864 -6.3005 1.8078 37.4369 -0.7033 0.5237
Car -1 -1 -1.7763 654.5507 178.1546 726.9070 226.5458 1.5386 1.7519 3.8644 2.7047 1.7402 25.3894 -1.6721 0.5118
Car -1 -1 2.7627 406.9243 179.4520 485.2001 223.7223 1.5298 3.6033 1.6880 -6.3412 1.7994 27.4777 2.5375 0.4922
Car -1 -1 3.4673 89.2795 182.4569 194.6207 236.1995 1.5450 3.4997 1.8159 -15.0491 1.8816 23.3421 2.8996 0.4807
Car -1 -1 -2.9987 628.0858 178.0648 662.9338 201.5512 1.5318 3.2110 1.9592 2.4453 1.9031 49.6019 -2.9502 0.4598
Car -1 -1 -0.0747 561.8086 177.5856 586.2065 197.7413 1.5504 3.7372 1.6915 -2.9660 1.9465 58.3798 -0.1256 0.4360
Car -1 -1 -1.3715 274.6245 183.3227 417.9519 256.5410 1.4925 2.6322 2.4370 -5.9414 1.7524 16.4955 -1.7126 0.4219
Car -1 -1 -2.2885 338.7697 184.2542 472.7801 246.4236 1.4866 2.2523 2.7385 -5.5678 1.8228 19.5630 -2.5628 0.3968
