Pedestrian -1 -1 -0.7372 762.1970 135.5031 823.2592 247.9800 1.8249 0.8043 0.6196 3.0306 1.2192 12.2052 -0.5001 0.2533
Pedestrian -1 -1 0.3908 835.0401 207.5256 900.0599 309.0128 1.7205 0.9096 0.8510 4.6913 2.3890 13.2776 0.7219 0.2028
Pedestrian -1 -1 0.9587 753.3727 192.6191 782.6989 235.1563 1.7179 0.8313 0.9040 6.5804 2.5630 30.2537 1.1699 0.2011
Cyclist -1 -1 -0.5014 746.2712 138.6363 833.5267 256.7479 1.8563 1.8999 0.5858 2.9722 1.3189 12.3308 -0.2711 0.3111
Cyclist -1 -1 -2.8071 533.7643 180.5666 561.6361 223.0878 1.7812 1.9144 0.6243 -2.7521 2.1301 31.5919 -2.8940 0.2070
Car -1 -1 3.6574 0.0000 183.2941 67.3270 233.1033 1.5586 3.3384 1.6529 -20.8030 1.9481 25.1085 2.9706 0.4919
Car -1 -1 -0.0438 582.7753 180.0475 623.9973 216.0158 1.5404 3.5540 1.7440 -0.3953 1.8924 33.4500 -0.0561 0.4771
Car -1 -1 -3.0301 554.7607 180.0008 578.4434 198.4084 1.5187 3.8485 1.6490 -3.7810 2.1628 63.0181 -3.0902 0.3712
Car -1 -1 3.4209 369.7984 181.5675 398.8036 198.6524 1.4649 3.4373 1.6223 -20.4347 2.2758 65.3730 3.1188 0.2696
Car -1 -1 -3.1363 623.2620 178.1152 643.5920 195.6134 1.5312 3.4475 1.8088 2.1282 2.0253 65.9503 -3.1046 0.2649
Car -1 -1 3.1411 51.0638 183.7088 89.8704 214.1485 1.5936 3.8853 1.7132 -30.9139 2.2467 41.3173 2.5017 0.2408
Car -1 -1 -2.8503 479.8505 174.8958 548.6238 219.0452 1.5839 3.8419 1.6149 -3.6877 1.6695 28.0955 -2.9801 0.2314
Car -1 -1 -0.5026 692.8324 180.8384 731.8496 200.3693 1.5241 3.5281 1.7101 8.4301 2.2084 59.8528 -0.3638 0.2072
Car -1 -1 1.2814 692.3121 189.0470 765.0999 217.1768 1.5358 3.8200 1.7323 6.8073 2.4985 41.7706 1.4412 0.1840
