Pedestrian -1 -1 2.2110 1162.9889 89.3768 1242.0000 272.1637 1.8429 0.6237 0.5979 6.3510 1.0016 7.6495 2.8853 0.3263
Pedestrian -1 -1 -0.7158 889.7574 145.9115 964.8138 270.4849 1.7859 0.7811 0.6832 4.6917 1.4000 10.8191 -0.3172 0.3124
Pedestrian -1 -1 2.4353 1007.5209 153.0143 1083.4287 272.5702 1.7485 0.7324 0.6714 6.5536 1.4587 10.9701 2.9614 0.2351
Pedestrian -1 -1 2.4711 969.3172 139.7865 1049.2606 269.0484 1.7755 0.7866 0.6526 5.6597 1.3217 10.3542 2.9589 0.1948
Pedestrian -1 -1 2.4471 1042.8878 146.9814 1130.9431 278.8497 1.7681 0.8404 0.6364 6.6205 1.4215 10.1294 3.0122 0.1772
Pedestrian -1 -1 2.4873 849.8270 148.0387 913.7951 256.2903 1.8165 0.8283 0.6783 4.6833 1.4004 12.6021 2.8348 0.1659
Pedestrian -1 -1 2.5329 976.1456 152.0381 1064.1659 293.2031 1.7609 0.8097 0.6484 5.2891 1.5016 9.4362 3.0298 0.1608
Pedestrian -1 -1 2.3239 590.8087 160.9265 608.7527 198.3110 1.8768 0.6190 0.6735 -0.5565 1.2784 36.6782 2.3084 0.1557
Pedestrian -1 -1 2.0889 1106.5386 129.9731 1172.6218 240.6227 1.8408 0.6966 0.6408 9.0804 1.1278 12.4515 2.7076 0.1462
Pedestrian -1 -1 2.2415 326.3707 158.5322 412.4559 306.7070 1.7338 0.7609 0.6586 -3.0057 1.5665 8.8802 1.9232 0.1342
Pedestrian -1 -1 -0.4079 935.7619 147.8889 999.0137 256.9384 1.7587 0.7661 0.6913 5.8898 1.3564 12.0294 0.0372 0.1275
Cyclist -1 -1 3.3210 247.4224 134.1086 380.9558 375.0000 1.7900 1.8616 0.6491 -2.3659 1.5284 5.8511 2.9510 0.2378
Cyclist -1 -1 -0.5609 984.5693 145.8436 1097.1263 269.1550 1.7385 1.7974 0.5945 6.4958 1.3580 11.0803 -0.0427 0.2195
Cyclist -1 -1 -3.5519 926.3691 141.7148 1006.4815 256.1302 1.7690 1.8107 0.4947 5.8584 1.2879 12.0657 -3.1099 0.2083
Cyclist -1 -1 -0.6233 805.4415 152.1618 906.0587 256.7625 1.7354 1.8615 0.7501 4.3122 1.3924 12.9686 -0.3098 0.1881
Cyclist -1 -1 -2.6962 326.7933 153.2759 426.3479 302.8499 1.7434 1.8270 0.4764 -3.0183 1.5156 9.3453 -3.0013 0.1435
Cyclist -1 -1 -0.7927 805.8281 156.7498 921.2817 265.7047 1.6176 1.7646 0.6987 3.9935 1.3789 11.6546 -0.4711 0.1290
Car -1 -1 3.4129 79.9459 179.5335 415.7586 375.0000 1.5164 3.3895 1.6282 -2.8272 1.5921 6.3476 3.0082 0.2279
Car -1 -1 1.3764 590.4346 169.8090 684.0048 210.5026 1.6927 3.7663 1.7710 1.0985 1.5664 31.1847 1.4107 0.1540
