Pedestrian -1 -1 2.2002 273.9226 190.3557 333.4855 273.3780 1.6165 0.8907 0.6691 -6.2637 1.9828 14.6544 1.8022 0.6506
Cyclist -1 -1 3.2952 266.0663 202.6371 306.3802 314.4926 1.6189 1.5246 0.3574 -5.2552 2.1322 11.6397 2.8788 0.3424
Car -1 -1 -1.8717 759.0414 188.3937 1050.7288 375.0000 1.4824 1.5901 3.8639 2.6829 1.6898 7.6610 -1.5482 0.8006
Car -1 -1 1.7059 509.2378 185.6629 570.7561 232.0405 1.5481 1.7715 4.1951 -2.6130 2.0726 27.3907 1.6109 0.7004
Car -1 -1 1.4065 662.0314 175.3897 731.5040 223.6839 1.6706 1.9248 4.1823 3.1443 1.7745 27.3197 1.5192 0.6988
Car -1 -1 -1.8292 696.5887 178.6249 858.4738 284.5238 1.5480 1.7028 4.2476 2.7230 1.6693 12.9498 -1.6276 0.6909
Car -1 -1 -2.2548 879.1960 190.4215 1242.0000 375.0000 1.5617 1.6519 4.1343 2.6891 1.6866 3.0395 -1.5786 0.6736
Car -1 -1 1.4801 655.8894 183.2111 698.6316 218.9109 1.5532 1.6607 4.0647 3.1271 2.0795 34.6033 1.5688 0.6594
Car -1 -1 -0.8914 0.0000 213.8117 314.2285 375.0000 1.4981 1.6511 3.7841 -2.6359 1.7573 2.6175 -1.6310 0.5919
Car -1 -1 2.8004 766.5026 159.3733 867.1575 218.7189 1.5851 3.6144 1.6879 5.8904 1.2254 21.1333 3.0682 0.3410
