Pedestrian -1 -1 3.0063 346.6694 175.9821 386.6427 257.3352 1.6994 0.8726 0.7117 -5.3392 1.7700 15.6603 2.6822 0.3291
Cyclist -1 -1 1.5617 828.8450 166.2004 901.5449 227.5079 1.7282 1.9615 0.7693 7.3629 1.5410 21.0125 1.8937 0.4446
Cyclist -1 -1 -0.1682 807.2679 187.3365 824.5301 235.3859 1.6986 1.5875 0.3464 7.5949 2.2531 26.7985 0.1042 0.3179
Car -1 -1 -1.8327 727.4995 188.9892 971.0449 361.3534 1.4823 1.6268 3.7478 2.4259 1.7134 8.4343 -1.5633 0.8215
Car -1 -1 0.1619 470.8211 194.9470 554.8358 259.9994 1.4385 3.5152 1.6320 -2.4993 2.0736 18.9456 0.0316 0.7340
Car -1 -1 1.6074 526.3794 184.2416 582.5694 236.1575 1.5601 1.7553 3.9187 -1.8596 1.9793 24.5454 1.5317 0.7157
Car -1 -1 -1.1108 0.0000 209.7246 365.9557 375.0000 1.4817 1.5908 3.8150 -2.4069 1.7548 3.3422 -1.6991 0.5841
Car -1 -1 -1.5193 620.9983 186.8222 655.3827 213.6228 1.5614 2.0065 3.6480 1.8038 2.4878 45.9278 -1.4809 0.5825
Car -1 -1 1.6622 560.2622 188.5217 608.9022 230.2079 1.5471 1.6900 3.9604 -1.0446 2.2499 30.3225 1.6272 0.5250
Car -1 -1 -2.5024 898.9966 195.2943 1242.0000 375.0000 1.5330 1.6673 3.9959 3.0137 1.6897 2.9098 -1.7498 0.5185
Car -1 -1 -1.4711 569.8064 179.4748 624.7051 201.8062 1.4976 3.6499 1.7588 -0.8851 1.9663 50.0180 -1.4892 0.5071
Car -1 -1 -0.1053 778.9945 180.0184 824.4438 215.7682 1.5264 3.8261 1.6315 8.8322 1.8806 33.6239 0.1489 0.3453
