Cyclist -1 -1 0.2232 540.2806 185.2898 557.7932 224.0247 1.6904 1.6601 0.4413 -2.8088 2.2722 32.8845 0.1380 0.3690
Cyclist -1 -1 -0.1891 434.5660 171.0263 465.3383 226.0331 1.7495 1.7919 0.6685 -5.3621 1.6917 23.9009 -0.4080 0.2579
Car -1 -1 1.8928 226.5700 189.2651 413.5009 308.5397 1.4892 1.6547 3.3928 -4.3350 1.7839 11.2095 1.5309 0.7146
Car -1 -1 0.1689 451.9405 180.4296 525.5461 236.0484 1.4923 3.5055 1.5978 -3.5867 1.7378 21.5926 0.0056 0.7141
Car -1 -1 3.2029 484.9773 177.0620 539.0378 225.3687 1.5695 4.0017 1.6722 -3.4786 1.7326 25.8537 3.0699 0.5743
Car -1 -1 1.4892 514.6571 180.5905 558.3206 215.2811 1.5221 1.7816 3.4912 -3.5882 1.9113 34.3749 1.3854 0.4058
Car -1 -1 -0.7405 669.6984 180.9656 781.6423 228.4949 1.4791 1.5284 3.7340 3.9440 1.7758 24.6886 -0.5847 0.3918
Car -1 -1 -1.0843 0.0000 0.0000 1242.0000 375.0000 1.5404 1.6807 4.0402 -2.0514 1.6556 1.6141 -1.9108 0.2958
Car -1 -1 -0.5273 903.9661 117.5295 1242.0000 375.0000 1.6698 3.9825 1.8888 3.7532 1.4210 5.2930 0.0630 0.2835
Car -1 -1 -2.8303 394.5766 182.1109 468.8470 226.1433 1.4541 3.4876 1.6396 -6.4761 1.8160 26.3792 -3.0692 0.2428
