Pedestrian -1 -1 3.0705 0.0000 117.1671 57.6223 277.3782 1.8465 0.8183 0.6343 -7.2607 1.2051 8.8293 2.3969 0.3164
Car -1 -1 -1.6951 670.4987 184.6260 749.7310 246.1929 1.5024 1.6891 4.0431 2.6727 1.8687 20.4025 -1.5677 0.7204
Car -1 -1 0.4016 120.9198 183.4448 390.8894 280.2422 1.5242 1.7336 3.8284 -6.0146 1.7220 12.5055 -0.0390 0.5067
Car -1 -1 1.7509 386.2702 172.4708 499.4257 228.8819 1.8323 3.4589 1.8182 -5.6251 1.8202 24.4185 1.5263 0.4664
Car -1 -1 -1.7475 742.0131 181.1051 841.4236 224.8669 1.4734 3.1522 1.7917 6.3498 1.7785 25.6570 -1.5083 0.4654
Car -1 -1 1.8320 359.3291 185.8723 490.5604 237.2428 1.4719 3.5554 1.6916 -5.6102 1.8846 21.9818 1.5844 0.4454
Car -1 -1 0.3853 239.4024 178.6279 422.6491 249.9560 1.5934 1.7105 3.6929 -6.5821 1.7383 17.1598 0.0237 0.4291
Car -1 -1 -2.2189 811.8632 173.4506 1242.0000 375.0000 1.5443 1.6936 4.0023 2.8056 1.5501 4.4839 -1.6899 0.4265
Car -1 -1 2.6740 459.4354 180.5544 527.5977 215.1676 1.5533 3.9367 1.7038 -5.8050 1.9538 35.3999 2.5121 0.4147
Car -1 -1 2.1583 0.0000 175.9198 198.2889 370.9195 1.5491 3.3960 1.8402 -6.2000 1.5836 6.8910 1.4447 0.3877
Car -1 -1 0.4598 173.3185 186.0190 378.0998 263.6716 1.5000 1.5131 3.5741 -6.9173 1.7896 15.0310 0.0347 0.3769
Car -1 -1 -0.5060 616.1904 180.7755 653.7414 199.1212 1.5302 3.4320 1.8890 2.1592 2.2528 63.8290 -0.4729 0.3409
Car -1 -1 -2.6687 258.2936 172.7675 417.2621 233.6511 1.5688 1.6801 3.6902 -7.3900 1.5669 19.6387 -3.0246 0.3245
Car -1 -1 2.9381 538.0509 178.1028 566.1362 196.9103 1.5245 3.4655 1.7151 -4.9818 1.9857 61.4494 2.8572 0.3242
