Pedestrian -1 -1 1.8076 779.7241 164.8641 859.2136 301.5192 1.7616 0.9145 0.6619 2.7985 1.6590 9.8094 2.0763 0.1905
Pedestrian -1 -1 3.0722 525.6633 173.7220 539.0583 207.0910 1.7950 0.7358 0.6743 -4.2628 1.8431 39.2541 2.9643 0.1807
Pedestrian -1 -1 2.6619 491.2708 154.4447 515.0821 202.8606 1.9094 0.7774 0.6610 -4.3324 1.1838 28.9622 2.5144 0.1664
Pedestrian -1 -1 -0.1920 736.6689 163.0410 770.0935 233.7560 1.8348 0.7816 0.7281 3.7409 1.5806 19.1107 -0.0024 0.1656
Pedestrian -1 -1 2.3036 702.8024 164.9721 728.7310 210.8216 1.8251 0.7834 0.6835 4.2430 1.5117 29.2395 2.4457 0.1584
Pedestrian -1 -1 2.0458 678.5958 166.1740 696.2385 198.4105 1.8026 0.7859 0.6435 4.3466 1.4294 40.8276 2.1507 0.1401
Cyclist -1 -1 -2.1064 0.0000 146.0918 77.7568 264.1141 1.7582 1.7591 0.8492 -9.8993 1.3599 11.7174 -2.7968 0.2649
Cyclist -1 -1 1.6620 652.8871 179.4279 695.5128 218.1909 1.7966 1.9522 0.7465 3.0067 2.1132 34.1631 1.7483 0.2486
Cyclist -1 -1 3.0951 524.6340 173.5441 537.4376 207.1971 1.7866 1.8252 0.6064 -4.3436 1.8254 39.2900 2.9852 0.2403
Cyclist -1 -1 -0.5102 721.6884 168.5916 775.4261 237.7189 1.7692 1.9046 0.5519 3.6581 1.6605 19.4541 -0.3279 0.2226
Cyclist -1 -1 -0.6390 673.6923 167.7565 699.9097 198.4626 1.7022 1.7793 0.5146 4.3065 1.4200 40.8923 -0.5352 0.1967
Cyclist -1 -1 -0.5055 789.3712 164.4278 900.4781 309.7721 1.7770 1.7804 0.6172 3.0607 1.6743 9.7539 -0.2112 0.1659
Cyclist -1 -1 -2.9173 793.3774 140.4251 869.9575 257.2006 1.7580 1.8278 0.8333 3.6234 1.2702 11.8607 -2.6284 0.1624
Cyclist -1 -1 3.1297 495.0188 158.1751 510.6421 205.4613 1.8396 1.8580 0.5972 -4.3642 1.2689 29.0331 2.9814 0.1600
Cyclist -1 -1 2.9471 528.9389 180.0851 545.8445 210.6322 1.7236 2.0045 0.6062 -4.2965 2.1580 42.2535 2.8458 0.1489
Cyclist -1 -1 -0.4539 534.5060 174.3232 555.1901 201.5447 1.7501 1.8216 0.6158 -4.3223 1.8489 47.4248 -0.5448 0.1455
Cyclist -1 -1 3.2610 485.1452 171.2759 513.4158 243.5213 1.6590 1.8149 0.4658 -2.7141 1.6231 17.4811 3.1085 0.1280
Cyclist -1 -1 -0.5130 635.0574 179.2115 653.2421 201.0100 1.7406 2.0155 0.5732 2.7705 2.2720 59.2396 -0.4670 0.1245
Car -1 -1 -0.2026 648.8160 180.4211 696.8720 213.8508 1.5332 3.6514 1.6644 3.0292 1.9298 35.8675 -0.1197 0.5985
Car -1 -1 2.1044 630.7563 180.1663 677.6624 199.4858 1.5210 3.5597 1.5902 3.6244 2.1433 59.7112 2.1643 0.1954
Car -1 -1 -0.0243 533.4446 180.3417 556.6530 201.9412 1.5200 3.8180 1.6364 -4.9299 2.1029 54.1438 -0.1151 0.1349
Car -1 -1 -0.6181 628.8351 178.8179 678.9140 200.8164 1.6028 4.0804 1.8513 3.3363 2.0844 55.9930 -0.5593 0.1275
