Pedestrian -1 -1 1.8012 267.1587 145.7707 372.7116 303.4843 1.8991 1.1226 0.5881 -3.6030 1.4826 8.8787 1.4299 0.7823
Pedestrian -1 -1 2.4918 831.6436 173.9404 875.8529 242.1204 1.6754 0.7270 0.7676 6.2319 1.5158 17.8348 2.8241 0.3774
Pedestrian -1 -1 1.7086 57.3445 189.0646 100.7800 250.1834 1.7038 0.9030 0.7881 -15.2124 1.9596 20.4235 1.0774 0.3534
Pedestrian -1 -1 1.4099 1122.1016 192.2790 1224.0000 370.0000 1.6849 0.7154 0.7408 4.3686 1.7842 5.3556 2.0670 0.3452
Pedestrian -1 -1 2.7203 641.6685 161.8204 696.0231 261.4254 1.7609 0.8264 0.7181 1.1206 1.4323 13.0029 2.8059 0.3429
Pedestrian -1 -1 3.0070 14.7121 170.3392 71.4008 261.4329 1.7738 0.8917 0.7973 -11.4593 1.5775 14.3594 2.3460 0.3233
Pedestrian -1 -1 1.0607 969.8811 187.9891 1132.3323 370.0000 1.6463 0.7857 0.7009 3.2705 1.7083 5.3283 1.5868 0.2567
Pedestrian -1 -1 2.9656 255.7053 164.9095 305.8260 259.7953 1.7598 0.8746 0.7454 -6.3235 1.4723 13.6797 2.5432 0.2538
Pedestrian -1 -1 -0.8011 994.4276 166.4139 1070.5345 275.1362 1.7726 0.8852 0.6774 7.2193 1.5446 12.0397 -0.2709 0.2397
Pedestrian -1 -1 2.7969 518.8314 164.4915 569.6934 262.6158 1.7284 0.8563 0.6807 -1.1680 1.4481 12.9807 2.7111 0.1891
Pedestrian -1 -1 1.4267 79.5639 205.4595 113.3326 263.8481 1.7368 0.7611 0.7263 -15.8599 2.5337 22.0010 0.8102 0.1882
Pedestrian -1 -1 1.3003 556.6322 160.8133 612.8577 250.9977 1.8222 1.0510 0.5874 -0.4681 1.4260 14.7167 1.2710 0.1759
Pedestrian -1 -1 -1.9709 733.6765 162.1021 795.2175 254.1669 1.8064 1.0430 0.6431 3.1698 1.4470 14.2796 -1.7555 0.1741
Pedestrian -1 -1 0.7912 1043.0498 193.1977 1116.9027 285.1672 1.6876 0.8829 0.7814 9.0606 1.9414 13.5694 1.3705 0.1694
Pedestrian -1 -1 -1.6956 293.3341 192.0725 325.3151 263.1938 1.8179 0.7038 0.6806 -7.8570 2.1332 18.6903 -2.0862 0.1597
Pedestrian -1 -1 -0.9314 1116.7041 136.6882 1199.4421 250.4239 1.7917 0.8424 0.6643 9.0378 1.1032 11.6303 -0.2822 0.1565
Pedestrian -1 -1 2.7476 818.9314 168.9476 867.1224 258.4095 1.7093 0.8514 0.6163 4.6427 1.4902 13.9524 3.0637 0.1550
Pedestrian -1 -1 1.6837 462.5245 173.7763 511.6422 257.4160 1.7293 0.9586 0.6376 -2.5241 1.5919 14.9553 1.5216 0.1549
Pedestrian -1 -1 2.9387 617.9525 161.1753 652.1888 234.2862 1.7942 0.8423 0.7051 0.7120 1.3215 17.8188 2.9797 0.1517
Pedestrian -1 -1 -0.7176 202.7878 171.8113 264.9637 262.3625 1.7604 0.9168 0.6736 -7.5041 1.5932 14.2235 -1.1923 0.1497
Cyclist -1 -1 1.8135 628.4062 162.2615 739.3052 259.6863 1.7084 1.9191 0.7307 1.4154 1.3902 13.0654 1.9206 0.2443
Cyclist -1 -1 -3.7761 1131.6128 145.0730 1224.0000 253.0516 1.7290 1.8132 0.6808 10.0613 1.1634 12.2368 -3.0990 0.2314
Cyclist -1 -1 -2.1505 1019.9849 191.0535 1133.1818 284.4738 1.7436 1.7299 0.6763 9.0116 1.9536 13.6104 -1.5750 0.2190
Cyclist -1 -1 0.2618 0.0000 171.0099 62.9500 264.2421 1.7601 1.8283 0.6107 -11.6620 1.5826 14.3032 -0.4096 0.2030
Cyclist -1 -1 0.4860 80.7886 200.5465 122.2947 257.3651 1.6806 1.5182 0.3925 -15.8442 2.3347 22.2341 -0.1251 0.2002
Cyclist -1 -1 1.4370 683.3208 160.9927 759.7969 231.0398 1.7536 1.8561 0.6222 2.9181 1.2669 18.0308 1.5965 0.1950
Cyclist -1 -1 0.2407 202.0723 171.2802 259.0992 266.0297 1.7749 1.8124 0.5816 -7.5201 1.6038 14.1890 -0.2358 0.1766
Cyclist -1 -1 1.8485 309.7614 174.2314 447.3336 286.5279 1.7018 1.9305 0.7303 -3.5643 1.6085 11.0976 1.5477 0.1677
Cyclist -1 -1 -1.5118 592.7541 170.1987 680.9617 257.3335 1.7702 1.8045 0.7081 0.6403 1.5626 14.8041 -1.4679 0.1599
Cyclist -1 -1 0.0359 259.9508 164.6915 299.4860 260.4483 1.7385 1.7411 0.6230 -6.3474 1.4532 13.7557 -0.3859 0.1550
Cyclist -1 -1 2.6347 822.5982 168.6097 882.2253 239.4286 1.6953 1.7765 0.6265 6.1761 1.4122 17.8500 2.9640 0.1531
Car -1 -1 -2.2703 1154.5085 183.9391 1224.0000 370.0000 1.5465 1.6690 3.8977 6.5268 1.5858 5.6766 -1.4413 0.2443
Car -1 -1 0.1666 530.4894 161.4110 615.2926 227.5785 1.6409 4.1233 1.6781 -0.8127 1.1691 19.6807 0.1278 0.2256
Car -1 -1 0.1971 35.1827 187.3651 115.2745 232.9059 1.5109 3.5538 1.6687 -19.4058 1.7841 26.0074 -0.4365 0.2165
Car -1 -1 1.0832 636.0646 175.6840 719.2283 218.5533 1.5287 1.7231 3.5121 2.6895 1.3585 27.1595 1.1824 0.1801
