Pedestrian -1 -1 1.7321 457.3858 177.6867 468.3058 204.7303 1.7784 0.6081 0.6909 -9.8039 2.1022 47.9318 1.5310 0.2351
Pedestrian -1 -1 2.2690 935.3766 171.0166 961.8082 210.3212 1.7814 0.8445 0.7078 15.5519 1.6985 33.2315 2.7028 0.1805
Cyclist -1 -1 -3.1929 1096.6318 172.2363 1107.8029 194.2554 1.7403 1.8086 0.6432 39.5123 1.6918 57.9646 -2.5973 0.2355
Cyclist -1 -1 0.4028 268.3528 183.2599 291.0852 210.9231 1.7276 1.8494 0.6647 -21.3917 2.4149 46.6936 -0.0249 0.2284
Cyclist -1 -1 2.7696 475.0154 175.9281 489.5305 197.5345 1.7109 1.7093 0.5711 -10.3439 1.9632 58.2603 2.5943 0.2038
Cyclist -1 -1 -3.2369 1061.7854 171.1819 1072.8937 191.9845 1.7565 1.8791 0.6230 39.2069 1.6157 61.9001 -2.6747 0.1828
Car -1 -1 1.7823 342.2002 185.2362 422.6216 237.7975 1.4885 1.7027 3.8172 -7.2978 1.9233 23.3385 1.4819 0.6220
Car -1 -1 3.0617 579.8784 176.6551 602.2457 193.9579 1.5364 3.2668 1.8025 -1.7895 1.8964 66.5428 3.0346 0.4513
Car -1 -1 -2.4836 177.0213 186.1027 248.9568 215.4327 1.5142 3.7322 1.6362 -22.5112 2.3037 41.0017 -2.9832 0.3605
Car -1 -1 -0.5367 883.2677 188.9049 940.2016 210.9466 1.6405 1.7075 3.7661 23.5549 2.9213 56.4390 -0.1438 0.2632
Car -1 -1 -0.6720 696.9117 186.1193 740.8760 206.0558 1.5127 3.4864 1.7862 8.8947 2.6394 59.3050 -0.5245 0.2605
Car -1 -1 -2.3549 748.0843 185.9495 789.1807 203.7958 1.4949 1.7301 3.3892 14.2677 2.7114 65.1093 -2.1407 0.2539
Car -1 -1 3.2316 166.3405 183.8391 202.1116 209.2569 1.5129 3.7987 1.6569 -27.6018 2.2575 46.8067 2.7010 0.2237
Car -1 -1 1.0109 1114.9856 191.2254 1190.3397 218.4767 1.5873 3.2614 1.7766 33.3156 2.7442 44.4085 1.6508 0.2111
Car -1 -1 3.2404 293.8338 181.5300 324.3232 205.1887 1.5495 3.7238 1.6160 -21.1528 2.1844 50.7495 2.8470 0.1970
Car -1 -1 -0.1284 696.0753 183.4842 720.0815 200.9023 1.4850 3.3930 1.7246 8.8270 2.4724 65.2904 0.0049 0.1952
Car -1 -1 2.5637 596.6039 179.1324 637.8301 198.2541 1.5011 3.6832 1.6830 0.5452 2.0407 59.9614 2.5723 0.1937
Car -1 -1 -3.1808 652.3441 182.8876 673.9276 201.8022 1.4720 3.4887 1.6406 4.3540 2.3285 59.7970 -3.1090 0.1871
