Pedestrian -1 -1 3.0683 363.9269 143.4516 425.3094 300.9111 1.8254 0.9621 0.6591 -2.7346 1.4849 8.9287 2.7784 0.5483
Pedestrian -1 -1 1.6701 295.4967 147.4772 406.4145 347.8360 1.8299 0.9547 0.5773 -2.5324 1.5985 6.9803 1.3329 0.5277
Pedestrian -1 -1 -0.3471 603.8024 171.7120 625.8228 214.9677 1.7632 0.8332 0.6677 0.1537 1.7170 29.9129 -0.3427 0.5121
Pedestrian -1 -1 -2.4090 961.2854 165.5878 987.5491 201.2325 1.8100 1.1329 0.6059 18.7131 1.4414 37.1250 -1.9456 0.2910
Pedestrian -1 -1 -1.7426 1199.8842 167.4176 1224.3214 205.7506 1.7840 0.7800 0.6670 28.3777 1.5314 34.0607 -1.0525 0.2862
Pedestrian -1 -1 1.9755 310.6892 170.9431 336.0630 209.3926 1.8360 0.9627 0.6402 -13.8522 1.7451 34.7848 1.5988 0.2707
Pedestrian -1 -1 3.0449 53.1046 163.3681 79.0662 220.8057 1.8077 0.7381 0.6003 -17.5232 1.5095 23.1806 2.4030 0.2605
Pedestrian -1 -1 0.0491 21.6641 165.8574 41.2571 208.4918 1.8716 0.7339 0.6443 -25.8206 1.5648 32.1581 -0.6235 0.2187
Pedestrian -1 -1 -1.2265 966.4030 156.1058 1001.1423 211.6266 1.8484 0.8770 0.6726 12.6811 1.2911 24.5679 -0.7552 0.1939
Cyclist -1 -1 -1.6540 671.1182 166.8213 695.9280 190.5146 1.8059 1.8460 0.6214 5.6053 1.3464 55.3174 -1.5539 0.2506
Cyclist -1 -1 3.4625 34.9158 167.5601 82.5655 225.0460 1.7708 1.7958 0.6784 -17.7280 1.6081 23.1829 2.8151 0.1871
Car -1 -1 -2.3933 759.4017 175.6999 821.8898 201.9621 1.5163 1.7063 3.4513 10.9372 1.6977 43.9829 -2.1516 0.5828
Car -1 -1 2.1039 240.8281 177.2781 287.2508 194.0560 1.5170 3.4739 1.7402 -32.0226 1.9332 66.7921 1.6582 0.3128
Car -1 -1 -0.0975 216.7633 173.7360 248.1510 196.9513 1.5734 3.5085 1.6332 -26.7175 1.6384 50.9607 -0.5784 0.3114
Car -1 -1 -2.4522 166.9745 180.4295 221.6072 202.3967 1.5249 3.4201 1.6994 -30.6064 2.1028 53.1739 -2.9725 0.2621
Car -1 -1 3.0543 587.9505 179.4234 622.2110 206.5108 1.5352 3.8136 1.7454 -0.3750 1.9527 43.8331 3.0453 0.2572
Car -1 -1 -0.3443 665.0807 170.2908 700.0036 189.8648 1.4947 3.5054 1.6516 5.6692 1.2993 56.9957 -0.2460 0.2311
Car -1 -1 2.0095 244.7637 180.0588 295.7239 198.0509 1.5344 3.6111 1.8075 -29.7319 2.1745 63.1613 1.5709 0.2014
