Pedestrian -1 -1 -1.1708 94.7198 179.6631 108.2972 205.0021 1.6574 0.5140 0.6704 -33.6999 2.1122 47.7783 -1.7827 0.2993
Pedestrian -1 -1 -0.3260 1162.5858 200.4120 1242.0000 375.0000 1.6247 0.8475 0.7955 6.1761 1.9245 7.3034 0.3550 0.2489
Cyclist -1 -1 -0.3449 697.0566 166.6331 735.5482 223.4562 1.7590 1.9128 0.6112 3.3688 1.5668 23.3311 -0.2039 0.3327
Cyclist -1 -1 3.5045 89.4002 181.5314 111.9275 208.0254 1.6946 1.8270 0.6062 -33.7150 2.2806 47.7364 2.8920 0.2836
Cyclist -1 -1 0.5127 0.0000 194.7290 96.4750 328.8912 1.6954 1.8160 0.4934 -8.2017 2.0381 10.3540 -0.1450 0.2530
Cyclist -1 -1 -0.2284 510.6410 179.7377 522.8671 200.4718 1.6957 1.8471 0.6151 -7.8643 2.2837 60.6253 -0.3573 0.2460
Cyclist -1 -1 -3.4154 1188.3994 160.2550 1232.3751 205.1664 1.7472 1.8737 0.8782 24.1442 1.2574 29.1019 -2.7281 0.2323
Car -1 -1 3.3452 365.0481 180.3443 424.0271 219.6854 1.5328 3.9300 1.6520 -9.1889 1.8751 30.9093 3.0581 0.6435
Car -1 -1 -0.0109 589.7919 175.0209 616.3340 199.7576 1.5426 3.4802 1.6673 -0.5060 1.6896 47.0602 -0.0221 0.4962
Car -1 -1 -0.3450 443.4848 177.2467 483.0815 199.1718 1.5489 3.7976 1.7105 -11.0129 1.8898 53.8659 -0.5461 0.3547
Car -1 -1 -0.5284 501.3180 179.2825 539.3807 196.6130 1.4951 3.7343 1.8050 -8.2183 2.0997 65.7843 -0.6526 0.3241
Car -1 -1 0.4535 0.0000 193.7316 121.8001 324.3872 1.5076 3.3645 1.7412 -9.0282 1.8722 10.7481 -0.2331 0.2988
Car -1 -1 1.4240 1156.2102 160.8066 1242.0000 189.7153 1.5806 3.6157 1.8081 33.4976 0.9222 41.1443 2.1037 0.2907
Car -1 -1 3.2425 258.7739 183.7129 289.9888 205.5672 1.5239 4.0663 1.7402 -25.4264 2.3808 54.7066 2.8090 0.2832
