Pedestrian -1 -1 2.0760 1140.9519 130.3882 1227.9841 258.9352 1.8261 0.7745 0.7032 8.4888 1.2232 10.7425 2.7313 0.3781
Pedestrian -1 -1 -0.6313 746.9033 175.6631 785.5884 238.4962 1.6914 0.7777 0.7259 4.2716 1.7714 19.9689 -0.4245 0.3067
Pedestrian -1 -1 0.2918 491.2477 165.0497 517.7041 220.5723 1.8283 0.7532 0.6906 -3.5759 1.5717 24.1802 0.1460 0.2755
Cyclist -1 -1 -1.8265 627.2032 171.8619 654.0374 197.5265 1.8358 1.8450 0.5953 2.1811 1.7652 52.0954 -1.7853 0.3924
Cyclist -1 -1 0.0039 609.5248 179.2548 621.8676 215.3584 1.7088 1.8890 0.5900 0.2429 2.0319 35.4317 0.0100 0.3020
Car -1 -1 -1.7037 704.1420 175.5955 776.8851 231.2502 1.5203 1.6501 3.7028 3.7975 1.6105 21.7727 -1.5340 0.7384
Car -1 -1 -2.1707 891.0651 209.1897 1242.0000 375.0000 1.4648 1.6251 3.8209 2.7554 1.7336 3.3867 -1.5308 0.6551
Car -1 -1 0.1115 517.7737 172.8100 590.1053 232.8027 1.6877 4.3739 1.7655 -1.6876 1.6869 22.5139 0.0368 0.6242
Car -1 -1 3.0815 570.0158 178.4939 615.6691 217.2554 1.5245 3.8894 1.7127 -0.8364 1.7827 30.9726 3.0541 0.5852
Car -1 -1 -1.9467 872.2091 172.5291 1128.4740 258.6525 1.6192 4.2309 1.7278 7.6757 1.6134 14.6301 -1.4725 0.5651
Car -1 -1 1.8400 303.9682 178.8555 485.0762 242.4502 1.5164 4.0756 1.7449 -5.3935 1.6762 18.2737 1.5563 0.5623
