Pedestrian -1 -1 2.9750 501.2952 182.3088 523.6890 223.4965 1.6719 0.7496 0.8083 -4.0976 2.0715 29.9838 2.8397 0.2802
Pedestrian -1 -1 -0.4309 835.9962 138.7554 871.0411 213.4536 1.8222 0.7264 0.5733 6.0162 0.9907 17.9914 -0.1135 0.2219
Pedestrian -1 -1 -1.9967 847.1182 195.8546 949.7563 334.0418 1.5618 0.8628 0.8818 3.4258 1.8569 8.7765 -1.6374 0.2193
Cyclist -1 -1 3.3564 399.9836 174.2958 413.2580 198.6530 1.7937 1.9205 0.5638 -15.3021 1.9043 54.2221 3.0823 0.3816
Cyclist -1 -1 -0.9551 1187.1577 178.6517 1242.0000 230.8256 1.6824 1.8059 0.4108 20.5586 1.8863 24.3953 -0.2613 0.3734
Cyclist -1 -1 -0.8789 1079.6042 183.9234 1127.8085 227.2737 1.6826 1.7276 0.4422 20.0163 2.1469 29.3492 -0.2857 0.3083
Car -1 -1 -1.6820 575.9518 181.1808 641.9590 237.5997 1.4833 1.5372 3.7018 -0.1577 1.7537 21.4658 -1.6901 0.7658
Car -1 -1 -0.9790 0.0000 191.2434 145.7029 350.8921 1.5792 1.6349 3.8151 -8.1120 1.8740 9.5687 -1.6687 0.5666
Car -1 -1 2.0131 0.0000 188.4701 133.7641 277.0370 1.4906 1.5998 3.8227 -11.6083 1.8574 14.8954 1.3596 0.3887
Car -1 -1 3.2169 488.5766 181.7865 532.7843 219.4430 1.5014 3.6947 1.6409 -4.3269 1.9159 31.5580 3.0812 0.3819
Car -1 -1 2.6360 874.4877 180.2502 931.6862 205.6847 1.5303 3.8310 1.7753 18.8230 2.0288 46.5888 3.0173 0.2833
Car -1 -1 2.6899 805.0704 184.6370 849.6167 206.1715 1.4955 3.7373 1.7403 16.2667 2.4145 54.2628 2.9791 0.2820
Car -1 -1 -1.2276 20.8658 171.1401 110.9387 198.9365 1.5781 3.8582 1.7540 -31.8980 1.4812 42.3691 -1.8701 0.2396
Car -1 -1 -0.4698 892.0208 177.2733 944.7611 202.2603 1.6355 4.0171 1.7152 21.2792 1.9549 50.0186 -0.0702 0.2391
Car -1 -1 2.8029 618.7677 183.9774 663.9233 210.5057 1.4943 3.2951 1.7482 1.8377 2.2014 44.0087 2.8438 0.2318
Car -1 -1 2.3916 1053.2760 167.5991 1136.5377 198.0781 1.5844 3.7592 1.6524 26.4097 1.3116 39.4954 2.9773 0.2167
Car -1 -1 3.1086 148.6288 178.4415 173.7315 196.8840 1.5400 3.4268 1.7621 -39.4286 2.0456 63.3237 2.5534 0.2046
Car -1 -1 0.1140 7.0204 178.2691 61.7408 212.7456 1.5476 3.7630 1.6481 -27.9314 1.8263 35.0577 -0.5551 0.2017
