Pedestrian -1 -1 -0.9534 1112.3370 84.3284 1242.0000 361.4194 1.8478 0.8299 0.6373 4.2726 1.2578 5.2997 -0.3019 0.5571
Pedestrian -1 -1 2.8525 774.6526 162.1224 798.4893 213.2259 1.7916 0.7501 0.6337 6.2362 1.4158 25.6854 3.0876 0.2709
Pedestrian -1 -1 -2.0520 500.4395 172.2636 514.8934 195.6995 1.8323 0.9508 0.6189 -8.1004 1.7865 56.9369 -2.1931 0.2462
Pedestrian -1 -1 2.1864 760.5690 181.5422 788.9165 224.3281 1.7784 0.9115 0.7562 6.9946 2.1570 30.8191 2.4068 0.2389
Pedestrian -1 -1 -1.3422 675.0065 168.0809 692.2802 201.3990 1.8530 0.8462 0.6310 4.1071 1.5879 40.5620 -1.2425 0.2340
Pedestrian -1 -1 1.5028 775.7521 186.9123 796.4869 227.6487 1.7902 0.8546 0.7307 7.8716 2.4310 32.4357 1.7379 0.2064
Pedestrian -1 -1 1.1190 671.3748 168.6808 686.1904 191.9428 1.8059 0.9824 0.6192 5.3573 1.4823 56.4743 1.2128 0.2012
Pedestrian -1 -1 -1.4351 389.0786 174.8258 398.9034 197.8307 1.6958 0.6163 0.6571 -16.0776 1.8437 53.6194 -1.7253 0.1821
Cyclist -1 -1 2.7818 675.0446 166.2082 695.7526 199.0574 1.8108 1.8109 0.5560 4.2087 1.4448 40.7186 2.8837 0.3024
Cyclist -1 -1 3.5363 201.7202 176.5185 221.0680 200.7107 1.7959 1.9015 0.6007 -30.3068 2.0797 54.8333 3.0332 0.2941
Cyclist -1 -1 -3.1476 772.7890 179.7995 786.5229 222.2421 1.7466 1.8761 0.5536 7.2359 2.0546 30.9847 -2.9210 0.2251
Cyclist -1 -1 2.9166 501.0516 174.1004 513.2073 196.1129 1.7103 1.6742 0.5917 -8.1641 1.8107 57.0451 2.7748 0.2205
Cyclist -1 -1 3.0974 400.9626 179.4065 410.5423 202.0209 1.7343 1.7988 0.6471 -16.1211 2.2595 56.8412 2.8219 0.2137
Cyclist -1 -1 -0.5198 738.4688 179.7674 766.4752 214.8444 1.6982 1.8147 0.5457 7.1055 2.0550 36.2493 -0.3284 0.2132
Cyclist -1 -1 -0.0600 570.1062 180.0214 590.2051 230.6506 1.6754 1.7430 0.5876 -1.0914 1.9333 25.0257 -0.1040 0.2072
Cyclist -1 -1 -0.4049 668.7896 168.7576 686.3056 192.0065 1.7881 1.9916 0.6296 5.2573 1.4734 56.5363 -0.3130 0.1918
Cyclist -1 -1 -2.2503 703.3858 168.0755 723.0646 188.0880 1.7970 1.7645 0.6319 9.3553 1.3683 65.5113 -2.1094 0.1852
Cyclist -1 -1 2.3209 837.7390 176.6567 861.4606 199.1156 1.6923 1.8132 0.5959 18.4346 1.9908 55.6220 2.6390 0.1838
Cyclist -1 -1 -0.6250 777.6932 170.2695 824.9755 219.8144 1.6390 1.7221 0.6860 6.5086 1.5539 24.7940 -0.3718 0.1763
Car -1 -1 2.0674 78.6469 191.4502 165.6957 229.0188 1.5040 1.7990 3.4778 -21.9011 2.3886 32.4935 1.4779 0.2932
Car -1 -1 -0.6434 683.4395 169.9809 720.8537 187.7677 1.6023 3.3239 1.8034 8.4974 1.3438 66.8858 -0.5179 0.2900
Car -1 -1 2.6941 683.2292 172.5009 748.0396 206.5241 1.6597 4.1594 1.6762 5.3657 1.6429 37.4313 2.8348 0.2742
Car -1 -1 1.9684 396.3837 180.9219 449.6232 200.8044 1.5178 3.7026 1.7190 -14.8030 2.1692 57.1022 1.7155 0.2156
Car -1 -1 0.6731 1005.8162 159.0926 1242.0000 290.0635 1.5975 3.5652 1.6734 7.5999 1.4300 10.0737 1.3049 0.2115
Car -1 -1 3.7274 0.0000 200.0524 96.5530 243.4882 1.4349 3.5070 1.7801 -21.9608 2.5564 27.9240 3.0655 0.1995
Car -1 -1 1.4313 673.9174 178.1192 731.3666 201.1902 1.4817 3.5598 1.6357 6.0451 1.8353 47.5648 1.5564 0.1881
Car -1 -1 1.7948 512.5216 178.7940 564.3138 199.7282 1.4989 3.5191 1.7074 -5.2960 1.9471 53.3321 1.6959 0.1830
Car -1 -1 1.4769 636.6342 176.4687 703.8604 202.6942 1.5242 3.8489 1.7337 3.5238 1.7448 43.0701 1.5575 0.1810
Car -1 -1 -0.1533 184.2916 191.8124 229.3604 220.1642 1.5562 3.3728 1.9145 -24.6912 2.7653 44.0852 -0.6616 0.1796
