Pedestrian -1 -1 0.8146 884.3017 139.9467 970.2331 278.1370 1.8545 0.9788 0.5769 4.3923 1.4132 10.1218 1.2127 0.3738
Pedestrian -1 -1 3.4242 0.0000 163.5535 36.9675 278.3130 1.7864 0.7794 0.5887 -9.8426 1.6420 11.7034 2.7361 0.2612
Pedestrian -1 -1 0.3539 19.6712 181.0884 64.7609 248.6314 1.7099 0.8221 0.6822 -14.8910 1.9314 18.8789 -0.3073 0.1932
Pedestrian -1 -1 -0.5847 795.2783 126.6136 842.8068 216.0010 1.9003 0.8203 0.6544 4.5264 0.9176 15.8270 -0.3113 0.1897
Pedestrian -1 -1 -0.1211 442.9608 165.9893 455.9952 199.0602 1.8590 0.8597 0.6246 -9.1741 1.4735 41.0661 -0.3399 0.1840
Cyclist -1 -1 -1.1130 1175.6471 157.4235 1242.0000 219.5406 1.7680 1.8969 0.5921 18.0683 1.3292 21.5202 -0.4216 0.5219
Cyclist -1 -1 0.1390 325.3523 184.5614 341.2964 216.6134 1.8042 1.7951 0.6282 -16.2247 2.5054 42.2478 -0.2260 0.3006
Cyclist -1 -1 -2.7333 308.5625 185.1688 333.9687 218.9076 1.7608 1.8466 0.5986 -15.7337 2.4473 39.2658 -3.1124 0.2274
Cyclist -1 -1 3.1163 432.0469 177.2857 439.3550 197.2165 1.7774 1.8025 0.6011 -15.8988 2.1873 65.7145 2.8795 0.2034
Car -1 -1 1.5985 568.1779 181.0526 618.1530 229.3270 1.4779 1.5741 3.7169 -0.5687 1.7787 24.5801 1.5749 0.6768
Car -1 -1 -0.5451 942.8033 169.2582 1019.8404 201.7303 1.5538 3.8231 1.7135 18.6468 1.3821 36.4949 -0.0763 0.5500
Car -1 -1 1.7290 486.1088 184.6111 524.4049 212.0004 1.5459 1.7706 3.6038 -6.3871 2.2944 44.0958 1.5855 0.4985
Car -1 -1 2.7119 838.2385 173.0291 879.3229 194.0529 1.6221 3.8729 1.6305 19.8219 1.6370 57.7102 3.0408 0.4233
Car -1 -1 2.5025 1004.1874 157.6588 1112.7062 200.7069 1.6952 4.2027 1.7155 18.8164 1.0972 30.5822 3.0496 0.3468
Car -1 -1 2.5287 674.0818 180.3230 728.7830 204.5664 1.4825 3.8039 1.6804 5.9363 1.9957 47.4706 2.6518 0.1815
