Pedestrian -1 -1 2.4171 1013.5043 170.4915 1082.5173 266.1022 1.6583 0.8248 0.6843 7.8143 1.6176 12.9820 2.9482 0.4337
Pedestrian -1 -1 0.5356 1056.5963 135.5947 1152.4365 287.7492 1.9024 0.7280 0.7879 6.4681 1.4369 9.5324 1.1170 0.4326
Pedestrian -1 -1 1.4570 511.3676 174.4043 535.4885 217.8348 1.7616 0.9190 0.6377 -3.6101 1.8267 29.7101 1.3365 0.3546
Pedestrian -1 -1 0.6789 864.5067 150.2521 925.8729 257.9877 1.8893 0.9056 0.6101 5.1420 1.4933 13.1416 1.0436 0.2681
Cyclist -1 -1 -2.2414 779.6284 173.6348 803.4557 197.2935 1.8340 1.8274 0.6170 14.2259 1.8963 56.6320 -1.9969 0.4298
Cyclist -1 -1 3.5928 0.0000 185.9593 62.4673 291.3474 1.6557 1.6869 0.4083 -10.1468 1.8974 12.4168 2.9180 0.3244
Cyclist -1 -1 3.5476 238.7026 176.3029 270.2353 216.0687 1.7810 1.8829 0.6145 -16.4942 1.9457 33.4341 3.0922 0.2968
Cyclist -1 -1 3.6293 1.2176 172.6473 32.2217 204.9867 1.8311 1.9530 0.5333 -34.4357 1.8198 41.8621 2.9439 0.2629
Cyclist -1 -1 -3.1567 663.1592 175.0043 675.8674 209.0438 1.6862 1.7777 0.6131 2.9869 1.7988 36.7602 -3.0768 0.2454
Car -1 -1 0.4951 325.6000 180.4991 402.8061 216.9208 1.4943 3.4202 1.8562 -10.9342 1.8556 32.2168 0.1700 0.6468
Car -1 -1 3.3683 377.2657 179.9937 429.3816 212.0405 1.5420 4.0956 1.7383 -10.7711 1.9365 37.7357 3.0917 0.6031
Car -1 -1 1.3612 576.3304 178.6981 635.3596 220.6001 1.5570 1.6483 3.7183 -0.2779 1.8113 29.3584 1.3512 0.5488
Car -1 -1 -1.1903 671.2479 174.3556 731.7924 208.8791 1.5160 1.6013 3.5890 4.2991 1.5908 33.8090 -1.0655 0.5028
Car -1 -1 3.1813 557.2612 181.7998 580.8843 202.8043 1.4857 3.4712 1.6403 -3.0768 2.1807 54.2744 3.1245 0.3277
Car -1 -1 -0.2637 269.4228 174.9767 309.5620 198.3101 1.5814 3.8370 1.6661 -22.8357 1.7386 51.2811 -0.6810 0.3068
Car -1 -1 3.2687 0.0000 174.8242 30.5910 203.2085 1.5908 3.6789 1.6511 -35.6436 1.7132 42.7075 2.5762 0.2813
Car -1 -1 1.9749 123.6731 177.3332 236.2865 218.6284 1.7325 3.8762 1.7165 -18.7935 1.9359 31.6072 1.4419 0.2639
