Pedestrian -1 -1 3.3675 0.0000 157.7884 49.2483 283.5633 1.7761 0.8206 0.6247 -8.8582 1.5637 10.6917 2.6877 0.4283
Car -1 -1 1.4548 674.0878 178.1898 766.4147 255.1024 1.5861 1.6542 4.2112 2.4579 1.7301 17.2944 1.5926 0.7348
Car -1 -1 1.9175 0.0000 188.4814 372.0235 375.0000 1.5507 1.8799 3.6678 -3.7240 1.7457 7.0507 1.4461 0.7194
Car -1 -1 1.7550 460.4853 184.9769 537.7091 237.2473 1.5111 1.8185 3.9197 -3.5961 1.9443 23.7696 1.6057 0.6734
Car -1 -1 -1.7172 647.3662 179.7785 714.2045 230.6604 1.5071 1.6208 3.9238 2.2128 1.7562 23.9180 -1.6268 0.6360
Car -1 -1 0.1413 511.9088 180.8225 551.4247 210.3718 1.4713 3.6571 1.6129 -4.1972 1.9205 38.7796 0.0337 0.6190
Car -1 -1 -1.7476 635.7755 180.0984 695.1606 221.9870 1.5356 1.6777 4.1764 2.1337 1.8525 29.3623 -1.6764 0.3591
Car -1 -1 -1.4697 492.0074 182.1500 539.6191 220.8645 1.5072 1.6536 3.6839 -4.0065 1.9290 30.8468 -1.5984 0.3447
Car -1 -1 -2.9943 621.1586 176.4861 646.3582 194.7049 1.5310 3.5978 1.7043 2.0921 1.8598 63.3200 -2.9619 0.2961
Car -1 -1 -0.2025 744.8262 175.3353 813.2729 223.0645 1.5792 3.8442 1.6328 5.9585 1.6756 26.0091 0.0196 0.2936
