Pedestrian -1 -1 -0.5362 734.6322 125.3005 787.0205 237.1801 1.7907 0.7616 0.5343 2.4454 1.0299 11.9939 -0.3404 0.2575
Pedestrian -1 -1 -0.4026 724.4847 136.6434 766.4843 227.4147 1.8485 0.7839 0.6033 2.7837 1.1115 15.1406 -0.2248 0.2534
Cyclist -1 -1 3.2699 440.0561 170.0780 450.0329 194.1024 1.8583 1.9004 0.5270 -12.9998 1.6439 56.7796 3.0455 0.3737
Cyclist -1 -1 0.1827 10.2230 176.0119 73.1548 277.6192 1.7000 1.9031 0.5459 -10.3303 1.7620 13.1008 -0.4753 0.2640
Cyclist -1 -1 3.6211 200.4196 191.2594 228.9922 229.0573 1.6769 1.6993 0.4327 -18.4824 2.5585 33.6926 3.1224 0.2488
Car -1 -1 -1.8795 767.4328 184.5917 1023.9149 351.0587 1.5024 1.6352 3.8099 3.0494 1.6755 8.6982 -1.5542 0.8255
Car -1 -1 3.6549 0.0000 203.3622 251.8871 370.1355 1.4747 3.5676 1.6138 -6.0546 1.9286 8.8864 3.0703 0.7569
Car -1 -1 -2.3931 927.1688 195.2757 1242.0000 375.0000 1.5344 1.6590 3.9771 3.0566 1.6902 2.9562 -1.6406 0.6714
Car -1 -1 -2.5134 295.6000 184.6408 386.9076 221.7468 1.5703 2.1027 3.2990 -12.2651 2.1322 32.9164 -2.8678 0.5665
Car -1 -1 -1.1855 70.3050 188.6850 204.7343 235.5619 1.4889 3.4965 1.6843 -16.2107 2.0599 24.8490 -1.7588 0.3085
Car -1 -1 -0.4757 775.0209 168.5023 845.3214 202.8584 1.5555 3.7395 1.7172 9.5010 1.3588 34.6736 -0.2109 0.2963
Car -1 -1 -0.5166 241.4810 184.7964 300.8053 211.8114 1.4722 3.4972 1.6532 -20.0048 2.2038 42.4924 -0.9544 0.2911
Car -1 -1 2.9363 367.4503 181.4119 409.6653 209.2591 1.5273 3.6892 1.6770 -13.2151 2.0596 42.8314 2.6384 0.2712
Car -1 -1 0.0846 57.1448 179.6008 145.5190 244.1093 1.5378 3.9898 1.6170 -13.8611 1.7430 19.7765 -0.5206 0.2364
