Pedestrian -1 -1 -0.8524 1061.9938 138.9909 1141.3643 252.6136 1.8122 0.8453 0.6903 8.1122 1.2724 12.0044 -0.2698 0.4073
Pedestrian -1 -1 1.4747 456.2869 167.3121 492.3443 242.5909 1.7973 0.8085 0.6356 -3.3720 1.6654 17.6423 1.2878 0.3676
Pedestrian -1 -1 0.1886 44.4045 172.8208 80.6557 235.9505 1.8221 0.7392 0.7251 -16.2085 1.8215 21.3138 -0.4557 0.3641
Car -1 -1 2.0086 157.3834 189.8072 282.3501 252.6358 1.4910 1.6150 3.6887 -10.7089 2.0059 20.0162 1.5225 0.7149
Car -1 -1 1.8798 261.5928 182.5286 354.2634 233.3590 1.6057 1.9420 3.8066 -10.6017 1.9747 25.5182 1.4893 0.6777
Car -1 -1 -1.6206 592.9485 178.6169 636.6295 217.7982 1.5084 1.6297 3.7777 0.1036 1.7659 30.2669 -1.6179 0.6001
Car -1 -1 -1.3851 725.8732 176.6997 801.6437 233.5709 1.5140 1.5677 3.6435 4.5988 1.6393 21.4567 -1.1775 0.5288
Car -1 -1 -0.5573 693.5452 178.3275 811.2494 226.2926 1.5381 1.5877 3.7029 4.8562 1.7377 24.8616 -0.3674 0.3749
Car -1 -1 -0.5516 656.9296 177.0510 750.7689 214.7473 1.5530 1.5585 3.8222 4.0693 1.7457 31.5556 -0.4252 0.3421
Car -1 -1 -1.1944 680.7471 177.1865 757.7057 220.7009 1.5580 1.6959 3.8563 4.3145 1.7411 28.3417 -1.0455 0.3375
Car -1 -1 0.0350 634.0450 178.7192 657.1090 196.3024 1.4959 2.9443 1.9438 3.1554 2.0288 63.9648 0.0837 0.3204
Car -1 -1 1.3336 822.5515 178.7373 868.1853 197.3579 1.5810 3.4676 1.7335 20.4612 2.1023 62.8846 1.6464 0.2915
Car -1 -1 3.1993 179.3993 176.6612 219.7956 207.8208 1.5787 3.4003 1.6928 -22.1201 1.7944 38.9171 2.6852 0.2822
Car -1 -1 3.0818 565.0851 183.8908 587.0983 202.3618 1.5083 3.6309 1.7029 -3.0120 2.5026 63.0791 3.0338 0.2811
Car -1 -1 -2.1046 637.8192 179.9370 698.7008 210.6741 1.5595 1.7616 3.5301 3.1025 1.9669 39.4879 -2.0274 0.2721
