Pedestrian -1 -1 0.9018 973.8130 135.7336 1073.0403 274.8579 1.8730 1.1010 0.5353 5.7785 1.2720 9.8614 1.4197 0.5150
Pedestrian -1 -1 3.2516 272.9055 174.8009 318.5100 262.0035 1.7057 0.9030 0.7492 -6.3106 1.5958 14.3656 2.8474 0.4627
Pedestrian -1 -1 -0.6944 787.6566 166.2153 806.6046 199.6360 1.7625 0.6922 0.6932 10.2431 1.0106 37.7406 -0.4298 0.3950
Pedestrian -1 -1 -1.1109 775.6523 163.0762 794.5928 195.2338 1.8218 0.8337 0.6909 10.3323 0.8361 40.5842 -0.8618 0.3808
Pedestrian -1 -1 0.9728 1093.3597 164.3029 1145.3453 233.3541 1.6772 0.8261 0.6333 12.6806 1.2854 17.4945 1.5930 0.2484
Pedestrian -1 -1 2.5389 560.4357 171.8250 574.7515 198.9936 1.7364 0.7179 0.6270 -2.4179 1.1833 45.6581 2.4880 0.2463
Pedestrian -1 -1 2.1269 878.3242 159.7900 903.3824 198.2810 1.7911 0.8669 0.6873 13.5053 0.8288 33.4484 2.5091 0.2324
Pedestrian -1 -1 3.2368 138.5965 115.7168 204.0920 257.5945 1.8686 0.8608 0.6885 -6.0632 1.0171 9.8434 2.7014 0.2314
Pedestrian -1 -1 2.5628 539.5976 174.5096 555.2808 204.3888 1.7771 0.5965 0.7332 -3.4664 1.4222 42.5087 2.4837 0.2117
Pedestrian -1 -1 1.3362 509.1512 167.7351 522.3801 188.7869 1.7990 1.0089 0.6449 -7.6683 0.7093 60.8935 1.2134 0.2089
Cyclist -1 -1 -0.1015 510.3887 167.9566 519.4070 189.1137 1.7928 1.8881 0.5847 -7.7473 0.7311 60.8932 -0.2257 0.3245
Cyclist -1 -1 -1.5527 772.4763 160.6039 804.4168 192.6907 1.8177 1.7614 0.5858 10.5185 0.6920 40.5673 -1.2991 0.3133
Cyclist -1 -1 -1.1247 963.9092 153.8597 1050.1710 222.8449 1.7047 1.7415 0.8902 10.4213 1.0480 18.4354 -0.6158 0.3119
Cyclist -1 -1 -0.3634 485.3671 168.0488 507.2850 200.6820 1.7352 1.8354 0.5674 -5.9433 1.0745 38.5286 -0.5134 0.2986
Cyclist -1 -1 -1.7079 873.7126 162.6611 915.8509 200.2783 1.7502 1.7594 0.7336 13.6832 0.9217 33.4643 -1.3214 0.1969
Car -1 -1 2.9865 429.0323 174.4980 480.7751 210.3866 1.5526 3.7586 1.7806 -7.0043 1.2944 32.6564 2.7789 0.6435
Car -1 -1 -0.9450 0.0000 212.7764 309.6138 370.0000 1.5282 1.6413 4.0574 -3.0075 1.7768 3.3294 -1.6325 0.6145
Car -1 -1 -2.9551 480.5303 173.9639 506.0696 191.1011 1.5360 3.4125 1.7144 -10.2309 0.9513 65.1000 -3.1086 0.3057
Car -1 -1 3.3862 319.7623 184.5094 359.6611 207.2595 1.5285 3.7155 1.7921 -18.7503 1.8250 50.1272 3.0319 0.2814
Car -1 -1 -0.0174 75.8515 194.1911 123.8850 230.7034 1.4969 3.7449 1.7151 -23.2605 2.1670 32.5106 -0.6324 0.2323
