Pedestrian -1 -1 2.5421 604.3495 171.0565 621.2660 199.8652 1.8016 0.9313 0.6602 0.1435 1.6896 45.6911 2.5447 0.4369
Pedestrian -1 -1 -0.9623 996.8115 124.0988 1091.2466 272.3361 1.8496 0.8439 0.6594 5.6598 1.2416 9.5224 -0.4399 0.4071
Pedestrian -1 -1 -0.0781 37.7978 132.7722 83.3749 235.3411 1.9079 0.7606 0.6468 -10.6532 1.1627 13.9175 -0.7223 0.3392
Car -1 -1 0.4760 55.5487 161.1459 369.2836 284.9645 1.8294 1.7006 4.0725 -6.2171 1.6568 11.5274 -0.0094 0.5944
Car -1 -1 2.4753 1081.9640 161.0873 1242.0000 237.7129 1.6455 3.5305 1.9692 13.4070 1.3932 17.2719 3.1267 0.5453
Car -1 -1 -2.7097 175.0656 181.9935 411.7537 268.4335 1.5396 1.5481 3.8730 -6.0132 1.7259 13.8532 -3.1128 0.5427
Car -1 -1 1.7614 430.1671 178.9592 533.7010 216.8780 1.5024 3.9503 1.7269 -5.2665 1.7623 29.7704 1.5873 0.5341
Car -1 -1 -3.1276 672.9556 173.7942 756.6698 215.8663 1.6190 1.8848 3.2224 4.1651 1.6587 28.9950 -2.9870 0.4463
Car -1 -1 2.8856 636.8458 180.4953 677.9199 206.9317 1.4985 3.5555 1.6367 2.8048 1.9840 43.8988 2.9485 0.4207
Car -1 -1 -3.1624 610.6152 175.5394 661.4842 197.0518 1.6351 1.8945 3.8840 1.9757 1.8478 56.0580 -3.1277 0.3858
Car -1 -1 3.6652 0.0000 173.4326 261.9512 325.2148 1.5733 1.6104 3.8082 -6.4438 1.5812 8.4943 3.0310 0.3783
Car -1 -1 -0.0988 689.5923 176.6683 805.9316 222.9207 1.5565 1.6697 3.8721 4.7324 1.6966 25.4342 0.0824 0.3716
