Pedestrian -1 -1 1.6801 475.9021 155.2437 588.4276 336.4329 1.7922 1.0944 0.6520 -0.7799 1.5440 7.3196 1.5802 0.7582
Pedestrian -1 -1 0.9597 51.6623 191.7024 104.0688 254.3732 1.7389 0.9269 0.7911 -15.2215 2.0725 20.3816 0.3272 0.4115
Pedestrian -1 -1 1.6108 521.1002 162.1999 570.1104 259.5264 1.7408 0.8718 0.6683 -1.1233 1.4151 12.9935 1.5284 0.3966
Pedestrian -1 -1 1.6427 1121.8655 189.7468 1224.0000 370.0000 1.6653 0.7123 0.7148 4.3379 1.7435 5.3438 2.2975 0.3745
Pedestrian -1 -1 2.4654 832.7607 170.3511 878.5084 240.3060 1.7124 0.7997 0.7489 6.2678 1.4656 17.8049 2.7999 0.3537
Pedestrian -1 -1 3.0190 15.8072 173.4625 72.1921 262.7291 1.7367 0.8426 0.8065 -11.4192 1.6014 14.3336 2.3588 0.3405
Pedestrian -1 -1 -0.1579 255.7939 166.2866 306.3611 260.6920 1.7480 0.8764 0.7656 -6.3100 1.4865 13.6629 -0.5800 0.3176
Pedestrian -1 -1 2.6801 641.6319 161.4157 696.5182 260.8575 1.7546 0.8576 0.6930 1.1241 1.4195 12.9965 2.7660 0.2797
Pedestrian -1 -1 1.0002 971.3186 191.9252 1132.4722 370.0000 1.6487 0.7597 0.7078 3.2819 1.7426 5.3329 1.5273 0.2117
Pedestrian -1 -1 1.4036 291.0999 193.0854 326.8638 264.0686 1.8068 0.7643 0.7295 -7.8640 2.1502 18.6856 1.0126 0.2096
Pedestrian -1 -1 -0.8290 993.5663 164.6546 1068.7634 272.4290 1.7567 0.8674 0.6738 7.1944 1.5000 12.0334 -0.3001 0.1874
Pedestrian -1 -1 1.7764 476.4615 176.8272 529.8350 260.7327 1.7558 1.0169 0.6716 -2.2137 1.6805 15.1585 1.6360 0.1501
Cyclist -1 -1 -0.2016 484.1304 162.7726 536.2036 264.5020 1.7256 1.7900 0.5955 -1.8062 1.4265 12.9313 -0.3353 0.2458
Cyclist -1 -1 -0.4955 642.7888 162.0017 718.6949 262.2636 1.7464 1.8524 0.5984 1.3403 1.4259 13.2809 -0.3956 0.2288
Cyclist -1 -1 0.7269 1085.9259 183.6261 1224.0000 370.0000 1.6023 1.8015 0.6053 5.4150 1.6348 6.5074 1.3987 0.2254
Cyclist -1 -1 -0.2298 528.2543 169.1955 583.1404 261.4298 1.5811 1.6225 0.6492 -0.9758 1.3890 12.9867 -0.3012 0.2024
Cyclist -1 -1 -2.1182 1019.7737 190.6592 1133.2444 282.8730 1.7171 1.7219 0.6719 9.0009 1.9193 13.5997 -1.5429 0.1942
Cyclist -1 -1 -0.9387 1123.8768 143.4433 1224.0000 253.8694 1.7694 1.8634 0.5602 10.1035 1.1773 12.2970 -0.2619 0.1914
Cyclist -1 -1 0.5337 80.3708 195.2654 123.5973 251.2181 1.6642 1.5867 0.3415 -15.8422 2.1474 22.2534 -0.0768 0.1832
Cyclist -1 -1 -1.1198 279.1186 199.0332 355.2935 269.8706 1.8129 1.7317 0.7161 -7.6448 2.3165 18.7272 -1.5003 0.1748
Cyclist -1 -1 3.0732 620.2985 162.1716 649.3732 236.3620 1.7884 1.7916 0.6105 0.7020 1.3482 17.9427 3.1133 0.1697
Cyclist -1 -1 0.4445 0.0000 172.3825 68.7239 265.0527 1.7466 1.8559 0.6082 -11.7089 1.5952 14.2938 -0.2292 0.1665
Cyclist -1 -1 1.4302 682.3501 161.4204 759.1108 231.4214 1.7523 1.8590 0.6366 2.8966 1.2763 18.0292 1.5885 0.1642
Cyclist -1 -1 0.0421 257.8840 166.3835 301.3594 262.4748 1.7398 1.7513 0.6802 -6.3370 1.4858 13.7356 -0.3797 0.1631
Cyclist -1 -1 -0.4287 853.7180 170.5161 948.4006 295.3017 1.6495 1.8218 0.5318 4.1929 1.5192 10.2644 -0.0500 0.1620
Cyclist -1 -1 2.5616 824.2302 170.6079 882.0423 240.5133 1.6818 1.6361 0.5656 6.2057 1.4454 17.8683 2.8920 0.1508
Car -1 -1 0.0673 46.6764 186.3706 114.0063 232.6646 1.5331 4.1215 1.6955 -19.3391 1.7701 26.1623 -0.5619 0.1885
Car -1 -1 -0.8994 1142.6731 186.7571 1224.0000 370.0000 1.5023 1.5795 3.8769 7.4061 1.5701 6.5386 -0.0743 0.1808
Car -1 -1 1.0589 922.1547 201.6009 1108.0298 267.5256 1.5521 3.7619 1.6806 10.3089 2.1169 18.0236 1.5721 0.1494
