Pedestrian -1 -1 3.0229 502.9967 164.8829 570.9283 311.9465 1.7027 0.9331 0.7257 -0.9064 1.5236 8.7151 2.9247 0.8016
Pedestrian -1 -1 1.2725 54.1599 194.8014 102.5762 258.8080 1.7652 0.9317 0.7924 -15.2109 2.1914 20.3776 0.6401 0.4180
Pedestrian -1 -1 2.4554 831.7978 173.4883 877.5357 242.1910 1.6857 0.7845 0.7630 6.2576 1.5153 17.8435 2.7887 0.4026
Pedestrian -1 -1 2.6205 517.5248 165.2876 572.7955 263.0080 1.7253 0.8204 0.6980 -1.1508 1.4584 13.0142 2.5361 0.3383
Pedestrian -1 -1 2.9808 252.5596 167.3136 305.8566 261.9066 1.7478 0.8972 0.8074 -6.3432 1.5058 13.6563 2.5565 0.3235
Pedestrian -1 -1 -1.5622 1128.1313 189.8124 1224.0000 370.0000 1.6701 0.6885 0.7184 4.3497 1.7488 5.3514 -0.9067 0.3102
Pedestrian -1 -1 2.9507 11.5336 171.9177 70.8346 262.7022 1.7628 0.8929 0.7918 -11.4616 1.5978 14.3162 2.2881 0.3023
Pedestrian -1 -1 2.6622 640.5313 161.0202 697.2461 261.1762 1.7655 0.8565 0.7222 1.1205 1.4237 12.9923 2.7479 0.2846
Pedestrian -1 -1 1.1564 972.2656 187.1690 1130.1194 370.0000 1.6480 0.7798 0.6991 3.2706 1.7037 5.3316 1.6823 0.2358
Pedestrian -1 -1 1.4281 995.9655 167.9973 1064.5884 273.7451 1.7308 0.9104 0.6504 7.1772 1.5279 12.0401 1.9557 0.2176
Pedestrian -1 -1 0.7337 1043.3452 193.2524 1117.5007 285.3400 1.6844 0.8744 0.8030 9.0675 1.9398 13.5655 1.3135 0.1856
Pedestrian -1 -1 -1.3708 738.6031 162.0117 790.9357 253.7164 1.7902 0.9177 0.6851 3.1945 1.4309 14.2967 -1.1540 0.1806
Pedestrian -1 -1 -0.8406 735.7795 144.5878 798.0912 251.0252 1.7863 0.8334 0.6647 2.7889 1.1852 12.3934 -0.6228 0.1790
Pedestrian -1 -1 1.2710 556.0450 162.3423 612.5027 252.9087 1.8260 1.0423 0.6019 -0.4772 1.4615 14.7038 1.2410 0.1748
Pedestrian -1 -1 1.8539 605.2644 169.9862 656.4907 255.7953 1.7231 0.8976 0.7241 0.5034 1.5136 14.6775 1.8891 0.1641
Cyclist -1 -1 0.0426 489.1096 164.4750 527.2343 267.8312 1.7681 1.8741 0.6140 -1.8056 1.4956 13.0515 -0.0898 0.3217
Cyclist -1 -1 0.2172 0.0000 173.4418 61.8404 265.6026 1.7428 1.8253 0.6534 -11.6854 1.6110 14.3293 -0.4544 0.2328
Cyclist -1 -1 1.7613 627.1816 162.3666 737.0798 260.5523 1.7280 1.9179 0.7287 1.3878 1.4105 13.0662 1.8664 0.2320
Cyclist -1 -1 -2.0369 1019.9481 191.2467 1135.3295 285.3121 1.7395 1.7242 0.6842 9.0191 1.9546 13.6043 -1.4608 0.2269
Cyclist -1 -1 1.7651 490.4088 155.7183 579.5417 240.9938 1.7543 1.7849 0.6449 -1.5073 1.2461 14.9485 1.6686 0.2155
Cyclist -1 -1 -0.9919 1120.6683 144.7490 1224.0000 255.9132 1.7771 1.8956 0.6093 10.0982 1.2073 12.2939 -0.3152 0.2140
Cyclist -1 -1 -1.6213 577.0128 156.3434 650.9756 228.5330 1.7815 1.8309 0.6290 0.1745 1.1870 17.7937 -1.6098 0.2075
Cyclist -1 -1 1.4442 683.1422 163.6963 760.2966 233.6301 1.7494 1.8744 0.6312 2.9210 1.3307 18.0284 1.6038 0.2010
Cyclist -1 -1 0.0041 257.1973 167.3760 299.4734 262.8911 1.7262 1.7392 0.7017 -6.3637 1.4907 13.7103 -0.4199 0.1981
Cyclist -1 -1 -1.2619 271.4220 199.9342 349.2502 272.9030 1.8639 1.7715 0.7003 -7.8077 2.3911 18.6983 -1.6503 0.1830
Cyclist -1 -1 2.6165 824.4153 171.7997 882.2103 242.0964 1.6879 1.6915 0.6005 6.2054 1.4806 17.8603 2.9470 0.1767
Car -1 -1 0.1322 39.9883 187.0576 113.3823 232.7612 1.5177 3.6527 1.6726 -19.3927 1.7794 26.0520 -0.5002 0.2659
Car -1 -1 -2.2645 1153.1769 183.8956 1224.0000 370.0000 1.5480 1.6774 3.9024 6.5289 1.5869 5.6988 -1.4371 0.2240
