Pedestrian -1 -1 -2.2269 1199.6451 172.9649 1242.0000 240.3644 1.6941 0.8194 0.7056 15.7720 1.6973 18.5038 -1.5294 0.6518
Pedestrian -1 -1 1.2196 1179.6981 174.0192 1220.6936 225.5433 1.7215 0.9099 0.6512 20.0496 1.7622 24.5792 1.8975 0.1912
Cyclist -1 -1 -0.1921 714.9208 153.5998 761.1223 245.4165 1.8495 1.8130 0.6234 2.6617 1.4620 15.4452 -0.0254 0.4181
Cyclist -1 -1 -0.7968 1167.3755 176.6694 1233.7727 230.1812 1.7415 1.8724 0.5768 20.0346 1.8769 24.5797 -0.1194 0.2153
Car -1 -1 1.6504 446.4836 184.3219 522.2365 249.3943 1.5235 1.7134 3.7614 -3.3461 1.8652 19.5259 1.4822 0.7373
Car -1 -1 -1.6832 588.2838 180.8141 635.7527 220.7791 1.5626 1.6074 3.7744 -0.0130 1.9262 30.9585 -1.6843 0.5911
Car -1 -1 3.3869 326.9650 178.1768 363.9485 200.5298 1.6221 4.0008 1.7449 -20.2958 2.0467 55.4283 3.0371 0.5173
Car -1 -1 -0.3710 535.5401 179.0962 578.1234 201.9347 1.5266 3.8626 1.7439 -3.8641 1.9909 51.5032 -0.4460 0.4690
Car -1 -1 0.0428 523.6605 184.1529 545.8816 203.7589 1.5118 3.5456 1.6761 -6.2047 2.4732 59.5520 -0.0611 0.2386
Car -1 -1 0.6125 173.6335 184.1817 244.7316 211.6759 1.4578 3.9273 1.6531 -23.2630 2.1493 41.9782 0.1089 0.2215
Car -1 -1 1.1572 788.4677 185.6163 824.1770 203.9916 1.4899 1.6358 3.7645 17.1437 2.6440 63.2411 1.4203 0.2146
Car -1 -1 1.1677 841.3848 189.4373 889.5827 214.1507 1.4799 1.7203 3.5579 16.7303 2.6140 47.4962 1.5038 0.2004
Car -1 -1 -2.9121 734.9462 190.2282 790.4128 225.9884 1.4656 3.8350 1.7170 7.1475 2.3283 33.7106 -2.7057 0.1851
Car -1 -1 2.6913 0.0000 178.0007 70.8917 216.8547 1.6014 3.4570 1.6188 -25.5529 1.8377 31.6008 2.0153 0.1842
