Pedestrian -1 -1 -0.8147 779.0640 173.0879 803.8577 213.4124 1.7348 0.7325 0.7563 7.8949 1.7456 31.5579 -0.5724 0.4508
Pedestrian -1 -1 2.4485 502.4626 182.8089 527.6172 221.8650 1.7007 0.7685 0.8113 -4.2855 2.1539 32.2599 2.3169 0.2786
Pedestrian -1 -1 3.3315 287.0086 164.6543 325.1316 245.0484 1.7496 0.8049 0.6449 -6.8457 1.5715 16.1594 2.9362 0.2201
Pedestrian -1 -1 -1.9572 668.4670 176.1783 677.4788 196.8116 1.6474 0.4965 0.6970 5.0488 1.9175 58.1431 -1.8715 0.2143
Cyclist -1 -1 -0.3597 664.7535 177.2663 680.6716 199.0883 1.7171 1.8543 0.6648 5.0213 2.0790 58.1511 -0.2744 0.2767
Cyclist -1 -1 3.5245 0.0000 223.5068 112.9857 375.0000 1.6812 1.6034 0.4627 -5.5609 2.2411 7.1329 2.8799 0.2244
Cyclist -1 -1 -0.5757 782.3024 160.4389 842.5637 230.4079 1.7485 1.8607 0.6010 5.2516 1.4386 19.0059 -0.3107 0.2109
Cyclist -1 -1 2.9957 392.1604 184.1057 421.3895 249.0401 1.6769 1.7438 0.5252 -5.6525 2.0009 19.8472 2.7211 0.2104
Cyclist -1 -1 2.5748 714.1877 167.0958 737.0912 194.3894 1.8271 1.9441 0.5901 7.8607 1.4420 49.3066 2.7316 0.2103
Car -1 -1 -2.0060 748.8138 186.7981 1155.1377 375.0000 1.5065 1.6396 4.1691 2.6530 1.6818 6.9052 -1.6549 0.7806
Car -1 -1 2.8438 684.0714 171.5150 733.4007 201.1474 1.6660 4.0839 1.7586 5.7488 1.5910 42.7215 2.9762 0.5457
Car -1 -1 -2.7768 350.3497 184.3269 450.6034 223.1704 1.5002 1.6767 3.5640 -8.5414 1.9842 29.4310 -3.0574 0.5259
Car -1 -1 -3.0310 564.3787 179.8491 598.7321 206.6025 1.5169 3.7663 1.6838 -1.7189 1.9612 43.8589 -3.0705 0.3380
Car -1 -1 -0.2810 670.7973 176.0759 710.7130 200.7415 1.6454 4.1781 1.6949 5.6164 1.8829 50.9085 -0.1722 0.2939
Car -1 -1 2.8781 544.9503 176.1112 575.0745 194.8215 1.5479 3.6543 1.7012 -4.3746 1.8389 62.3915 2.8081 0.2357
Car -1 -1 0.1033 553.7469 180.5692 583.7529 204.9257 1.5065 3.7170 1.6090 -2.7212 2.0374 47.7206 0.0462 0.2155
Car -1 -1 -0.2356 662.0562 174.7188 693.7156 194.6197 1.5992 3.9004 1.7695 5.6225 1.7611 60.4214 -0.1437 0.1903
Car -1 -1 -1.2153 372.4179 178.0233 464.2169 215.5412 1.6542 3.7109 1.7093 -8.7977 1.8993 33.1252 -1.4733 0.1899
