Pedestrian -1 -1 1.9995 441.6606 182.8404 456.8723 210.8554 1.7189 0.6897 0.7191 -10.0533 2.3479 44.9946 1.7805 0.2584
Pedestrian -1 -1 2.0833 36.1348 209.1309 114.3522 299.2553 1.7904 1.0303 0.8700 -11.3063 2.5809 15.2205 1.4525 0.2197
Pedestrian -1 -1 1.0063 412.5061 190.5917 451.2102 249.6582 1.7482 0.9090 0.7342 -5.5468 2.3108 22.2844 0.7644 0.2052
Pedestrian -1 -1 0.8851 286.8099 190.9922 334.0670 264.9738 1.7468 0.8142 0.7075 -7.4412 2.2083 17.8176 0.4942 0.1870
Pedestrian -1 -1 2.6872 731.3307 171.4861 774.8295 244.3665 1.7300 0.7970 0.7664 3.4349 1.6979 17.6096 2.8757 0.1842
Cyclist -1 -1 -3.5396 914.6358 182.3672 1069.9449 375.0000 1.7059 1.8353 0.6789 3.7060 1.8147 7.2864 -3.0867 0.2295
Cyclist -1 -1 -0.1474 533.9489 178.9937 547.2442 206.2375 1.7394 1.7826 0.6125 -4.6003 2.1513 47.4262 -0.2441 0.2283
Cyclist -1 -1 -1.4685 689.1179 180.9655 719.2127 209.7816 1.8162 1.8577 0.6747 6.0159 2.3433 46.3171 -1.3407 0.1853
Cyclist -1 -1 -1.9970 968.1441 167.2275 1079.3450 260.7547 1.7173 1.7272 0.6054 7.7295 1.6144 13.6166 -1.4907 0.1836
Car -1 -1 -1.9818 768.0872 174.5976 1061.8750 347.7142 1.6088 1.6480 4.0887 3.2795 1.6356 8.8405 -1.6386 0.7743
Car -1 -1 -1.7541 754.8789 175.0161 891.2060 273.6019 1.5526 1.6695 3.9307 3.7366 1.5994 13.4754 -1.4902 0.7153
Car -1 -1 1.7159 554.0712 184.1705 617.3230 232.9158 1.5711 1.7408 4.0325 -0.8472 2.0174 26.3297 1.6833 0.5997
Car -1 -1 -3.0346 551.8979 178.3657 577.0466 198.7094 1.5515 3.7988 1.6235 -3.6522 2.0097 58.0056 -3.0976 0.3277
Car -1 -1 -0.2969 684.0375 181.0730 725.6887 205.6263 1.5274 3.4655 1.8018 6.2337 2.0955 47.9854 -0.1690 0.2643
Car -1 -1 -2.0013 595.6437 188.6281 645.9034 215.2587 1.5019 1.7404 3.7319 0.5954 2.5351 45.1863 -1.9889 0.2615
Car -1 -1 -2.9831 602.2910 180.8284 628.5768 198.9247 1.5221 4.2077 1.7238 0.5034 2.2637 64.8562 -2.9759 0.2118
Car -1 -1 -2.9464 519.0501 180.6392 552.0964 203.9684 1.5396 3.8616 1.6037 -5.2416 2.1112 50.9447 -3.0489 0.1923
