Pedestrian -1 -1 -1.0871 615.3306 172.3043 629.9317 198.3586 1.7831 0.8119 0.6239 0.8441 1.7459 49.8466 -1.0707 0.5617
Cyclist -1 -1 2.7674 473.7439 165.9276 502.7006 206.1116 1.7925 1.8778 0.6707 -5.6493 1.4839 33.1602 2.5996 0.3770
Cyclist -1 -1 2.8643 463.1900 178.3408 487.5986 215.9833 1.7574 1.8746 0.6736 -6.5729 2.0312 34.9615 2.6793 0.3680
Cyclist -1 -1 -0.3277 614.4004 172.5747 629.7698 198.3557 1.7530 1.6902 0.5461 0.7996 1.7344 49.9475 -0.3123 0.3073
Car -1 -1 -2.7406 257.3678 164.2147 452.5872 247.3599 1.8924 1.6152 4.1291 -6.0975 1.6961 17.3647 -3.0741 0.5879
Car -1 -1 -2.6010 56.0039 163.8573 361.9372 289.5548 1.8359 1.5994 3.9967 -6.2598 1.7049 11.4324 -3.0927 0.5812
Car -1 -1 -2.4888 0.0000 186.6564 248.0325 326.6454 1.5353 1.6769 3.6528 -6.7921 1.7237 8.9534 -3.1238 0.4896
Car -1 -1 2.5149 976.9337 165.1420 1119.8735 223.2709 1.6665 3.8823 1.8997 13.5684 1.4457 22.7047 3.0474 0.4774
Car -1 -1 0.8296 946.5587 171.4465 1036.7163 208.7223 1.5892 1.9360 3.1981 17.0990 1.5295 32.5537 1.3092 0.4578
Car -1 -1 -1.4324 464.4834 176.9332 542.8723 208.1524 1.4893 3.5987 1.9476 -5.2399 1.6969 35.6622 -1.5776 0.4479
Car -1 -1 -2.7646 318.7252 182.8176 476.7505 242.5692 1.5332 1.5654 3.8544 -5.8061 1.8202 19.7938 -3.0469 0.4216
Car -1 -1 2.9716 667.1245 173.5468 764.5583 213.2511 1.6771 1.5213 3.9803 4.5066 1.7083 31.3205 3.1126 0.3370
Car -1 -1 -2.2272 0.0000 177.7750 169.2350 375.0000 1.5625 1.5207 3.7225 -6.1439 1.6130 6.3071 -2.9785 0.3356
Car -1 -1 1.4592 707.2277 173.3287 855.5967 239.4619 1.6634 3.6625 1.6172 4.4021 1.6770 19.1647 1.6808 0.3132
Car -1 -1 -2.5432 193.0059 180.6610 402.1963 262.4195 1.5138 1.5260 3.6935 -6.3503 1.6850 14.6769 -2.9455 0.3083
