Pedestrian -1 -1 -2.2788 537.4626 175.9993 550.4587 197.6102 1.7811 0.8821 0.6290 -5.5283 2.0460 60.1554 -2.3704 0.3834
Pedestrian -1 -1 1.9788 1075.0006 150.4062 1096.9960 194.8965 1.8783 0.5864 0.6285 20.3299 0.9310 30.8779 2.5565 0.3124
Car -1 -1 1.8638 254.0998 186.8988 384.3474 263.7234 1.5034 1.8018 3.5790 -6.5934 1.8640 16.6505 1.4916 0.7161
Car -1 -1 -1.6670 591.5991 174.1145 638.6384 218.0143 1.5850 1.4650 3.6843 0.0988 1.6377 28.0601 -1.6642 0.5172
Car -1 -1 0.8038 1141.0530 161.0253 1238.8574 197.9054 1.7990 3.4674 1.9403 29.1070 1.2223 36.3244 1.4751 0.5031
Car -1 -1 3.2505 434.2944 175.3094 466.5392 200.9618 1.7065 4.4572 1.7383 -11.2020 1.8875 50.7489 3.0340 0.4919
Car -1 -1 -0.8967 839.9258 171.2808 1159.4128 314.8517 1.5600 1.5580 3.9449 5.0167 1.5433 9.3503 -0.4181 0.4880
Car -1 -1 -0.8939 768.0369 172.5616 982.8461 275.4034 1.5777 1.5429 3.7791 4.6744 1.5736 12.7116 -0.5499 0.4519
Car -1 -1 -0.7497 685.7795 174.5778 807.6108 225.2360 1.5261 1.5548 3.8992 4.4497 1.5868 23.5513 -0.5659 0.4136
Car -1 -1 -0.3373 468.2049 179.4851 512.2060 204.0250 1.5328 3.7719 1.7494 -8.0808 1.9957 48.2598 -0.5028 0.3846
Car -1 -1 -0.3425 395.4040 178.9964 432.5603 198.9778 1.5384 3.9214 1.7101 -16.0648 2.0584 58.9373 -0.6077 0.3778
Car -1 -1 -0.9679 974.9662 143.0365 1242.0000 375.0000 1.6533 1.5527 3.6104 4.6129 1.4930 5.1015 -0.2617 0.3437
Car -1 -1 -1.1625 668.2252 174.7263 741.5298 214.6359 1.5569 1.6995 3.7976 4.0179 1.6415 30.4052 -1.0329 0.3264
