Pedestrian -1 -1 3.0844 18.5735 155.0881 123.6245 363.7788 1.7617 0.8716 0.7388 -5.0390 1.6121 6.6594 2.4555 0.2869
Pedestrian -1 -1 1.8704 694.6828 173.5265 730.4615 237.2588 1.7332 0.8392 0.6325 2.8119 1.7527 20.0931 2.0065 0.2613
Pedestrian -1 -1 2.3326 539.8027 175.5359 554.7877 201.8213 1.8009 0.7880 0.6741 -4.3786 1.9892 50.0462 2.2454 0.2056
Pedestrian -1 -1 0.7250 477.5013 169.2111 503.9875 218.3965 1.7658 0.7150 0.6431 -4.4010 1.6354 26.3748 0.5608 0.2053
Pedestrian -1 -1 1.2404 682.4057 163.1983 706.5466 209.6946 1.9000 0.7862 0.7693 3.4595 1.5058 29.9423 1.3537 0.1799
Pedestrian -1 -1 2.5914 698.2651 157.1893 724.8408 213.3470 1.9757 0.7606 0.6382 3.5918 1.4250 25.8587 2.7273 0.1516
Cyclist -1 -1 3.5930 0.0000 158.4116 157.2913 375.0000 1.7818 1.8452 0.6340 -5.0598 1.6660 6.7650 2.9692 0.3806
Cyclist -1 -1 -0.1437 690.0227 161.1234 717.4150 212.6752 1.7980 1.6917 0.7372 3.3196 1.3892 26.0155 -0.0188 0.3058
Cyclist -1 -1 -0.1431 704.9097 174.7311 733.0819 239.6838 1.7408 1.8301 0.5165 3.0021 1.7964 20.3033 0.0007 0.2089
Cyclist -1 -1 -0.2921 538.9892 175.7560 554.8830 201.9886 1.7767 1.8159 0.5983 -4.4105 1.9822 50.0321 -0.3800 0.1942
Cyclist -1 -1 -0.3706 678.0725 168.4287 706.4167 212.3026 1.7749 1.7620 0.5699 3.3759 1.5963 30.1121 -0.2606 0.1841
Cyclist -1 -1 -1.6687 637.2756 179.5133 670.4160 207.3777 1.7126 1.9940 0.7793 2.6929 2.1320 44.9770 -1.6099 0.1485
Car -1 -1 -0.9226 0.0000 0.0000 1242.0000 375.0000 1.5490 1.6380 3.9340 -2.3667 1.7138 1.7950 -1.7745 0.3327
Car -1 -1 -3.1640 644.4866 183.6823 672.2565 209.5872 1.5464 3.9723 1.6956 3.0660 2.2791 46.7783 -3.0995 0.3307
Car -1 -1 1.1239 0.0000 157.5214 211.3625 375.0000 1.5432 3.2256 2.0372 -4.2599 1.5033 3.7348 0.3082 0.1917
Car -1 -1 2.5101 629.4730 179.0861 668.7957 196.9016 1.5064 3.5035 1.7699 3.4416 2.0792 64.3235 2.5629 0.1721
Car -1 -1 3.1614 496.5241 177.6712 541.1678 219.7986 1.5585 3.9473 1.6732 -3.6905 1.7675 29.2094 3.0363 0.1639
