Cyclist -1 -1 -0.2158 570.8350 177.1844 582.6868 198.5636 1.7425 1.7975 0.6140 -2.8000 2.1094 60.1359 -0.2625 0.3769
Car -1 -1 -1.8729 730.4063 178.1440 944.5520 318.2244 1.4963 1.6036 3.7027 2.7430 1.5818 9.7259 -1.6071 0.7770
Car -1 -1 -1.6634 667.4601 178.9636 727.7066 230.0879 1.4917 1.5733 3.6929 2.7122 1.7056 23.3575 -1.5500 0.7639
Car -1 -1 0.4248 24.3959 176.9008 347.3984 296.8684 1.6279 1.6449 3.8519 -6.2049 1.6946 10.8376 -0.0851 0.6110
Car -1 -1 1.5707 717.8743 175.7192 812.5002 216.4229 1.5300 3.5450 1.6820 6.0532 1.6482 28.4730 1.7774 0.5767
Car -1 -1 0.4464 104.8041 161.9299 349.9141 268.5196 1.8454 1.5430 3.6962 -6.9735 1.6567 13.3132 -0.0284 0.5591
Car -1 -1 -2.8451 330.2465 179.5878 481.6992 237.0995 1.5839 1.7060 3.9097 -5.8967 1.7886 20.9825 -3.1164 0.5081
Car -1 -1 0.2503 281.8166 184.5897 447.2888 247.1592 1.5063 1.6778 3.7592 -6.3000 1.8267 18.7020 -0.0710 0.4834
Car -1 -1 0.5478 0.0000 190.1985 267.8292 348.5655 1.5404 1.7480 3.7006 -6.2320 1.7641 8.2646 -0.0832 0.4649
Car -1 -1 3.0722 463.2325 177.0086 507.6801 215.0709 1.5520 3.6639 1.6741 -5.5834 1.7470 31.8290 2.8995 0.4540
Car -1 -1 1.9012 374.0879 172.9872 487.8994 219.0712 1.5744 3.5262 1.8651 -6.3701 1.5797 25.7411 1.6605 0.4389
Car -1 -1 1.6169 446.0678 169.6957 520.7365 203.3705 1.8230 4.0120 1.8800 -7.0390 1.6524 40.2432 1.4445 0.4128
Car -1 -1 1.0877 1016.8761 161.8185 1242.0000 250.6604 1.6674 3.7017 1.7131 10.5399 1.4607 14.6308 1.7019 0.3896
Car -1 -1 1.4147 665.8856 175.5488 730.2920 203.5753 1.6681 3.6807 1.6793 5.3076 1.8362 44.0236 1.5334 0.3736
Car -1 -1 0.2954 352.2991 176.0053 480.0732 228.2303 1.6128 1.6824 3.6521 -6.2352 1.7188 23.2953 0.0362 0.3715
