Pedestrian -1 -1 2.3493 1025.0071 162.2236 1061.0782 216.9284 1.8150 0.8059 0.6719 14.6005 1.4627 24.4121 2.8826 0.5349
Pedestrian -1 -1 0.8969 1041.3030 183.6633 1077.1289 232.2239 1.7807 0.8562 0.7556 16.8061 2.1931 27.0738 1.4468 0.4801
Pedestrian -1 -1 2.5501 953.7365 172.0838 980.2156 214.0006 1.7167 0.7865 0.6575 14.7874 1.6855 29.9831 3.0039 0.4613
Pedestrian -1 -1 1.7003 933.4090 179.3454 967.0643 239.8991 1.6898 0.7892 0.7731 9.7577 1.8820 20.7845 2.1330 0.3460
Pedestrian -1 -1 -2.6847 1047.9369 170.8148 1064.8899 196.9054 1.8078 0.9662 0.6522 31.2321 1.6668 50.5249 -2.1340 0.2944
Pedestrian -1 -1 2.3819 1053.5458 146.8327 1086.5146 202.2299 1.8901 0.7427 0.6239 15.9158 1.0026 25.0412 2.9426 0.2610
Pedestrian -1 -1 1.7295 1217.8761 155.3542 1242.0000 205.3298 1.8225 0.8204 0.6885 23.1792 1.1847 26.8462 2.4361 0.2560
Pedestrian -1 -1 0.5027 939.1982 177.0681 970.3563 225.8101 1.7499 0.8617 0.7091 12.6360 1.9084 26.5343 0.9422 0.2486
Pedestrian -1 -1 -0.7513 1077.2670 146.0415 1113.3877 206.3579 1.8919 0.6600 0.6912 15.4283 1.0513 23.0126 -0.1668 0.2399
Cyclist -1 -1 -2.0662 978.6020 169.3168 1009.3182 195.7557 1.8530 1.8312 0.6361 27.0485 1.6054 50.8931 -1.5804 0.3663
Cyclist -1 -1 -0.7075 955.3743 192.1785 1025.5490 270.0466 1.6882 1.6762 0.4681 8.8479 2.1656 16.9411 -0.2344 0.3441
Cyclist -1 -1 -2.2232 1037.8126 168.4779 1067.7488 194.7585 1.8264 1.7688 0.6320 30.9872 1.5226 50.5474 -1.6761 0.3247
Cyclist -1 -1 -0.3086 936.5419 174.7464 964.4932 219.5757 1.6118 1.5715 0.4751 12.5982 1.6846 26.8175 0.1259 0.2929
Cyclist -1 -1 -0.5986 922.8576 179.8279 979.1007 242.8149 1.7194 1.7152 0.5905 9.7463 1.9294 20.7867 -0.1664 0.2593
Cyclist -1 -1 2.6231 988.4885 163.0504 1036.6144 218.4022 1.7770 1.7999 0.5744 13.3534 1.4626 24.0664 3.1240 0.2591
Cyclist -1 -1 -0.3634 894.8090 178.0650 924.4344 227.3353 1.6474 1.6199 0.3918 10.3668 1.8350 25.1096 0.0234 0.2465
Cyclist -1 -1 -3.6586 1036.6379 182.2818 1081.2660 232.2767 1.7912 1.7493 0.6294 16.7724 2.1569 27.0667 -3.1094 0.2357
Cyclist -1 -1 -0.6485 1043.2419 173.4982 1153.2467 285.6435 1.7061 1.7831 0.5058 7.9300 1.7179 11.8922 -0.0726 0.2285
Cyclist -1 -1 0.8137 1121.3844 156.8984 1242.0000 247.2697 1.6446 1.9997 0.8167 10.8654 1.3546 13.6295 1.4758 0.2252
Cyclist -1 -1 -1.0692 1106.3018 164.4806 1159.7257 204.5447 1.7059 1.8579 0.5554 22.8962 1.3497 31.6768 -0.4480 0.2191
Cyclist -1 -1 -1.7706 805.5742 165.8056 833.3450 191.1236 1.8016 1.8257 0.6116 14.9790 1.3004 51.7187 -1.4905 0.1973
Car -1 -1 1.5000 786.9310 183.4288 847.0889 233.7751 1.5562 1.7102 4.1911 7.1678 1.9623 25.4582 1.7706 0.6702
Car -1 -1 -2.2453 1016.7407 197.5671 1242.0000 375.0000 1.5133 1.6195 3.9003 3.3915 1.6880 3.0547 -1.4556 0.6376
