Pedestrian -1 -1 -0.8987 1018.0853 147.7528 1111.6063 285.8744 1.8481 0.8125 0.7726 6.3409 1.5126 10.1665 -0.3547 0.6770
Pedestrian -1 -1 2.9717 611.9599 174.1203 633.8988 217.7372 1.7217 0.8981 0.7384 0.4719 1.7739 29.0091 2.9871 0.6267
Pedestrian -1 -1 2.7115 866.7716 169.2626 900.7861 231.5198 1.6710 0.7020 0.6316 7.4348 1.5750 19.7378 3.0662 0.5419
Pedestrian -1 -1 -1.7681 665.9249 172.9103 679.0477 197.6734 1.7427 0.8309 0.5628 4.3951 1.7471 51.1029 -1.6833 0.4923
Pedestrian -1 -1 2.8694 593.6796 167.9303 617.0223 216.3111 1.8457 0.8634 0.6988 -0.2285 1.6583 28.0359 2.8606 0.4046
Pedestrian -1 -1 2.6712 552.7986 164.1998 578.8518 214.9564 1.8162 0.8611 0.6262 -1.6607 1.5069 26.3458 2.6083 0.3368
Pedestrian -1 -1 2.6580 606.0191 171.4386 624.7112 207.1209 1.7116 0.7619 0.6256 0.2200 1.6441 35.0900 2.6637 0.2985
Pedestrian -1 -1 2.6822 740.2164 171.6782 762.4589 208.9902 1.8027 0.8620 0.7656 6.8868 1.7462 35.3747 2.8724 0.2847
Pedestrian -1 -1 1.5770 458.3628 162.5477 539.4215 307.8475 1.7319 0.9629 0.5865 -1.4293 1.6094 8.9588 1.4219 0.2347
Pedestrian -1 -1 1.6442 423.0388 162.0400 521.8423 332.3118 1.7283 0.9918 0.5591 -1.4923 1.6189 7.6552 1.4566 0.2282
Pedestrian -1 -1 2.3870 769.3165 161.6983 783.3246 192.8883 1.8732 0.5704 0.5990 10.0464 1.2036 43.7285 2.6111 0.2161
Pedestrian -1 -1 -1.0808 1133.5596 127.6101 1242.0000 331.3548 1.7976 0.9017 0.6873 5.6588 1.3988 6.9146 -0.4161 0.2084
Pedestrian -1 -1 -0.5521 758.1189 169.6365 779.8337 207.3638 1.8208 0.8305 0.7063 7.7421 1.6658 35.3284 -0.3386 0.2084
Cyclist -1 -1 -0.3688 855.2935 155.3684 979.5493 326.1922 1.7521 1.8724 0.6481 3.4173 1.5731 8.3361 0.0068 0.4484
Cyclist -1 -1 -0.4648 736.9335 172.5458 765.1350 209.7175 1.7723 1.7705 0.6225 6.8543 1.7580 35.3364 -0.2753 0.3935
Cyclist -1 -1 0.2398 494.2823 172.5589 539.3752 254.8378 1.7344 1.8569 0.5789 -2.1094 1.7285 16.1614 0.1111 0.3817
Cyclist -1 -1 -0.2879 757.3849 174.1048 852.7227 315.5062 1.6929 1.7928 0.7096 2.4738 1.7115 9.5630 -0.0436 0.3578
Cyclist -1 -1 -0.3454 664.2344 173.7453 679.7095 198.7186 1.7381 1.6967 0.5482 4.3584 1.8027 51.1685 -0.2613 0.3540
Cyclist -1 -1 -0.5024 768.5689 171.7479 797.7718 205.8824 1.6979 1.8843 0.6140 8.7973 1.6432 36.8777 -0.2705 0.3040
Cyclist -1 -1 -2.3758 313.9047 156.6266 418.5226 259.1624 1.6947 1.7707 0.7485 -4.3594 1.4268 12.8829 -2.6964 0.2965
Cyclist -1 -1 2.6069 582.2761 167.7779 618.3790 214.4811 1.7659 1.8187 0.5581 -0.4364 1.5743 28.2000 2.5909 0.2580
Cyclist -1 -1 2.9065 609.2489 174.0179 633.5221 218.0362 1.7122 1.7450 0.5807 0.4027 1.7608 29.0264 2.9195 0.2508
Cyclist -1 -1 2.9927 605.7830 172.6540 624.0156 208.9609 1.7226 1.7822 0.6267 0.1898 1.7134 35.1571 2.9975 0.2475
Cyclist -1 -1 -0.5492 749.2691 169.2182 780.0475 207.1899 1.8180 1.8035 0.6261 7.5553 1.6443 35.4978 -0.3417 0.2180
Cyclist -1 -1 -0.7219 1049.2124 139.7987 1242.0000 347.6715 1.7832 1.8405 0.6647 5.2557 1.5000 7.1373 -0.1074 0.2171
Cyclist -1 -1 -3.5967 933.8212 124.1862 1135.7100 375.0000 1.8052 1.8726 0.6374 3.3709 1.4615 6.0436 -3.1093 0.2170
Car -1 -1 -0.2461 680.5984 175.1692 708.0444 193.3072 1.5696 3.6102 1.6106 7.5224 1.7840 64.8140 -0.1314 0.4492
Car -1 -1 -2.8471 0.0000 0.0000 1146.1786 375.0000 1.5486 1.7086 4.0344 2.4812 1.5831 1.4597 -1.8933 0.2186
Car -1 -1 2.4242 713.3717 178.2301 775.8455 204.5466 1.5726 3.9637 1.7440 8.5227 1.9328 46.1426 2.6052 0.2154
Car -1 -1 -1.1814 652.0941 180.4917 707.0166 201.2739 1.5013 3.7961 1.7218 5.2688 2.1010 54.9742 -1.0869 0.2125
