Car -1 -1 -1.2427 0.0000 204.3251 132.3978 375.0000 1.4828 1.5963 3.6263 -6.2775 1.8869 7.2747 -1.9368 0.7800
Car -1 -1 -1.8679 563.6422 185.7944 711.4979 283.6856 1.4788 1.6172 4.0352 0.2933 1.7624 13.6306 -1.8481 0.7649
Car -1 -1 -1.6587 468.0929 181.1093 520.2006 224.7081 1.5271 1.6640 3.8130 -4.6144 1.8725 28.1009 -1.8205 0.7289
Car -1 -1 1.7936 21.2167 200.0387 201.1885 316.2696 1.4638 1.6497 3.5222 -8.0600 1.9868 11.9303 1.2095 0.6715
Car -1 -1 -2.2389 734.0825 127.5757 1242.0000 375.0000 1.7380 1.8309 4.4035 2.8100 1.4928 6.2753 -1.8363 0.6617
Car -1 -1 1.6541 284.3392 186.0930 321.8510 216.1164 1.5254 1.6265 3.6977 -17.1847 2.3047 40.4390 1.2543 0.5865
Car -1 -1 -2.8944 646.0665 171.8754 746.0466 213.6538 1.6277 1.6329 3.7828 3.4885 1.5899 29.5433 -2.7786 0.5521
Car -1 -1 3.1889 132.7596 181.7173 176.8096 217.4890 1.5329 3.9009 1.5622 -21.4485 1.9770 34.0330 2.6299 0.4388
Car -1 -1 -0.0777 438.0211 177.3106 461.4738 196.4184 1.5353 3.6894 1.6491 -13.5766 1.9243 60.9124 -0.2964 0.4158
Car -1 -1 1.3397 499.4261 173.0885 554.2411 198.5647 1.8394 3.7358 1.7790 -6.2121 1.8576 53.5900 1.2245 0.4145
Car -1 -1 -1.6999 452.3451 179.8610 501.1431 216.5531 1.5471 1.7014 4.1266 -6.2833 1.8943 33.4949 -1.8844 0.4096
