Pedestrian -1 -1 2.4427 856.3948 165.5167 877.9921 203.8521 1.7736 0.6992 0.6572 12.0149 1.4345 33.8229 2.7809 0.4289
Pedestrian -1 -1 -0.3355 773.4058 130.4495 819.4020 233.4442 1.8450 0.8642 0.5661 3.3926 1.0858 13.3794 -0.0929 0.3167
Pedestrian -1 -1 1.5399 432.1697 171.8922 460.4855 237.5919 1.8156 0.7582 0.6857 -4.6720 1.7894 20.3639 1.3166 0.2745
Pedestrian -1 -1 -0.4603 953.6525 157.4469 1019.7490 266.5802 1.7622 0.8158 0.6810 6.2252 1.5137 12.0577 0.0056 0.2742
Pedestrian -1 -1 1.7819 378.6521 164.7033 414.1901 240.0221 1.7850 0.6969 0.6831 -5.2104 1.5922 17.4639 1.4955 0.2401
Cyclist -1 -1 -0.9588 119.7822 152.0634 231.4565 248.6889 1.8304 1.8577 0.6003 -8.4851 1.4369 14.0358 -1.4944 0.4209
Cyclist -1 -1 -0.5798 1105.7600 131.9616 1242.0000 343.8596 1.7544 1.8648 0.5013 5.5342 1.4162 6.9196 0.0737 0.3122
Cyclist -1 -1 -0.0341 438.7475 169.4930 460.4870 230.8047 1.6715 1.5941 0.5476 -4.6172 1.5803 20.5088 -0.2533 0.3086
Cyclist -1 -1 -0.8426 840.1003 164.3650 878.5182 201.6956 1.7134 1.8100 0.5373 11.7039 1.3241 34.0336 -0.5144 0.2746
Cyclist -1 -1 -0.2998 949.6976 156.0746 1023.5005 270.5056 1.7707 1.8569 0.5471 6.2273 1.5114 12.1230 0.1642 0.2579
Car -1 -1 -1.3326 270.9191 193.5072 466.8868 328.6092 1.4683 1.7994 3.3577 -3.1941 1.8074 10.0993 -1.6325 0.7113
Car -1 -1 -0.9156 0.0000 201.2277 243.8355 375.0000 1.5032 1.6516 3.9426 -3.8707 1.7455 4.1270 -1.6374 0.6444
Car -1 -1 -0.6287 752.9084 172.7490 801.8546 195.0302 1.5921 3.6437 1.7187 12.3547 1.5850 53.5679 -0.4036 0.5178
Car -1 -1 -0.2926 441.3493 187.9751 495.8258 222.2163 1.4862 3.3506 1.6819 -6.9090 2.2561 34.8436 -0.4875 0.3822
Car -1 -1 1.5665 876.3129 173.4832 994.8661 222.8256 1.5797 3.5713 1.5458 10.9668 1.6027 24.5555 1.9816 0.3486
Car -1 -1 -1.4338 685.5113 164.9552 727.2916 196.5212 1.5500 1.6698 3.6541 5.0061 1.1625 37.4099 -1.3022 0.3378
Car -1 -1 -0.2621 712.4370 170.5292 754.8581 194.9575 1.5662 4.1301 1.7823 8.2062 1.4175 48.3986 -0.0955 0.2872
Car -1 -1 -0.8096 727.8984 173.9655 793.5861 200.7816 1.5070 3.5071 1.8248 8.8395 1.5761 42.6700 -0.6071 0.2703
