Pedestrian -1 -1 0.0287 808.1180 178.7204 824.9388 220.5045 1.7020 0.8012 0.6535 8.5502 1.9502 30.0020 0.3031 0.5357
Pedestrian -1 -1 3.6835 0.0000 125.0252 109.1005 318.5851 1.8117 0.7804 0.6482 -5.6110 1.3644 7.1726 3.0373 0.4816
Pedestrian -1 -1 -0.4554 836.1061 161.3592 869.6118 219.0836 1.8491 0.8235 0.7485 7.8804 1.4812 23.5696 -0.1370 0.4380
Pedestrian -1 -1 1.2750 489.7323 179.5350 505.2084 206.4073 1.6980 0.8243 0.6607 -7.2545 2.1315 46.3026 1.1200 0.3611
Pedestrian -1 -1 -1.0771 918.4446 171.0159 944.4373 214.1989 1.7291 0.7688 0.6136 13.0459 1.6558 29.3801 -0.6635 0.3472
Pedestrian -1 -1 -0.5337 702.1316 150.4494 744.3584 224.9087 1.8075 0.9347 0.6575 2.7785 1.2640 18.0690 -0.3842 0.3189
Pedestrian -1 -1 1.6982 736.3502 173.5849 750.9766 203.6953 1.8102 0.8026 0.6188 8.0851 1.8553 43.8109 1.8790 0.3119
Pedestrian -1 -1 3.4045 381.5479 168.8116 419.4600 246.0603 1.7725 0.8230 0.6650 -4.9667 1.6801 16.9706 3.1234 0.3070
Pedestrian -1 -1 1.9019 12.8623 195.1397 63.6214 266.1134 1.6489 0.7780 0.7004 -13.9076 2.2042 17.5064 1.2378 0.2916
Pedestrian -1 -1 -1.1842 987.3292 139.8229 1050.4990 243.0943 1.8564 0.8494 0.6513 7.5967 1.2630 13.5025 -0.6814 0.2483
Pedestrian -1 -1 -0.6282 767.8784 160.1469 789.7222 200.6406 1.8591 0.8209 0.6272 7.8236 1.2761 33.6237 -0.4019 0.2351
Pedestrian -1 -1 3.3582 18.4609 143.0631 111.9141 312.2880 1.8054 0.8699 0.6705 -6.2355 1.4879 8.2286 2.7250 0.2311
Cyclist -1 -1 3.2995 0.0000 108.9964 94.9268 363.2088 1.8500 1.9519 0.5254 -4.9751 1.3856 6.2315 2.6462 0.4727
Cyclist -1 -1 -0.1635 692.3810 159.8903 731.4990 224.5184 1.7189 1.7438 0.7937 2.7652 1.3745 20.0715 -0.0292 0.4350
Cyclist -1 -1 -0.1529 484.2533 179.2439 495.5605 202.7958 1.6072 1.7247 0.5248 -8.4613 2.0639 50.6257 -0.3181 0.3131
Cyclist -1 -1 0.2343 433.8457 189.3482 461.7479 250.6989 1.6655 1.6423 0.4171 -4.7194 2.1614 20.8514 0.0137 0.2992
Cyclist -1 -1 -0.3761 757.6597 177.1265 777.0726 203.8144 1.7666 1.8284 0.6585 10.6508 2.0629 49.0218 -0.1639 0.2876
Cyclist -1 -1 0.3177 4.0736 199.1171 44.1735 264.8816 1.7029 1.6890 0.3551 -16.4404 2.4702 20.2152 -0.3588 0.2727
Cyclist -1 -1 3.3584 15.8447 125.1461 115.0403 294.7193 1.8248 1.8650 0.5445 -6.5752 1.3117 8.7248 2.7270 0.2468
Cyclist -1 -1 -3.5854 946.2044 180.8882 980.6505 224.9004 1.7142 1.7701 0.5393 14.2947 2.0508 29.3094 -3.1362 0.2402
Car -1 -1 3.5273 97.5640 197.2308 221.5859 259.7866 1.4532 3.6014 1.6852 -12.4722 2.1995 20.1637 2.9790 0.6731
Car -1 -1 -1.1449 498.3914 184.0678 553.0757 205.6414 1.4728 3.4841 1.8152 -6.1006 2.3047 52.1024 -1.2614 0.3762
Car -1 -1 -0.9386 137.9498 171.2942 221.8516 199.2304 1.6619 4.1174 1.8273 -26.2394 1.5695 44.0306 -1.4736 0.3197
Car -1 -1 0.0733 97.0101 184.6064 143.0540 219.6313 1.5801 3.9229 1.6088 -24.4603 2.2021 36.0611 -0.5195 0.3107
Car -1 -1 1.0027 512.3990 195.6739 575.4832 225.7860 1.4813 2.4520 2.6281 -3.7098 2.8032 39.9945 0.9101 0.2346
Car -1 -1 3.0418 507.1216 192.0564 569.4686 219.9836 1.6544 1.6776 3.7693 -4.5817 2.8998 45.5840 2.9415 0.2334
