Pedestrian -1 -1 3.0250 362.2142 141.4431 426.7416 299.0347 1.8261 0.9564 0.6583 -2.7356 1.4625 8.9273 2.7350 0.5637
Pedestrian -1 -1 1.6873 296.3379 148.3220 407.5080 347.2445 1.8231 0.9519 0.5721 -2.5283 1.5986 6.9929 1.3512 0.5614
Pedestrian -1 -1 -0.3025 604.0188 171.5495 625.5029 215.0296 1.7728 0.8375 0.6700 0.1513 1.7199 29.9143 -0.2981 0.5241
Pedestrian -1 -1 -0.9921 960.6187 166.4689 983.7213 201.9213 1.8039 0.8358 0.6697 18.6538 1.4794 37.2405 -0.5312 0.2799
Pedestrian -1 -1 1.9806 310.6646 170.8617 336.0587 209.3208 1.8363 0.9625 0.6401 -13.8525 1.7415 34.7835 1.6040 0.2731
Cyclist -1 -1 -0.3703 1032.9718 151.7215 1072.9818 205.5632 1.7414 1.6433 0.5768 14.7857 1.0583 24.1929 0.1726 0.2518
Car -1 -1 -2.0856 953.1181 179.4346 1210.4047 292.4021 1.5279 1.6849 4.1501 7.4854 1.6578 12.0981 -1.5431 0.7892
Car -1 -1 -1.8096 754.3248 182.7703 909.9127 288.1369 1.4731 1.6121 3.7709 3.5461 1.6696 12.3557 -1.5375 0.7701
Car -1 -1 -1.7929 681.4532 174.3627 768.5562 232.5385 1.5684 1.7227 3.8700 3.2753 1.6179 21.5460 -1.6448 0.6943
Car -1 -1 -0.9784 820.8438 176.9443 891.2999 205.4688 1.4791 3.2053 1.8154 13.4896 1.7152 39.7592 -0.6540 0.6163
Car -1 -1 -0.1237 637.6630 175.5248 671.6213 201.1538 1.5305 3.4604 1.7013 2.7275 1.7049 45.2381 -0.0643 0.5751
Car -1 -1 2.9016 612.4508 177.3709 643.1746 197.4655 1.5270 3.6515 1.6265 1.3648 1.9006 57.6647 2.9247 0.3470
Car -1 -1 2.1103 240.8764 177.3328 287.2588 194.1407 1.5192 3.4730 1.7385 -32.0194 1.9405 66.7899 1.6646 0.3075
Car -1 -1 -0.0669 218.3415 175.3152 248.1527 198.3857 1.5573 3.6658 1.6333 -26.7440 1.7388 51.1161 -0.5470 0.2590
