Pedestrian -1 -1 1.6710 824.0659 166.5419 852.8193 223.9590 1.7697 0.8096 0.5885 7.1330 1.5755 22.6649 1.9716 0.6249
Pedestrian -1 -1 2.4845 748.2803 168.7587 766.5364 202.9065 1.7428 0.7330 0.6009 7.5782 1.5342 37.2850 2.6831 0.5099
Pedestrian -1 -1 3.4109 276.2974 176.7732 311.1895 243.0103 1.7418 0.6675 0.7062 -8.5415 1.8496 19.3960 3.0007 0.4733
Pedestrian -1 -1 2.3350 0.0000 196.7867 75.2161 305.9756 1.5680 0.8405 0.9155 -9.0292 1.9520 11.0698 1.6624 0.4176
Pedestrian -1 -1 -0.5154 712.7960 171.6073 732.2430 207.2554 1.7759 0.6935 0.7200 5.6356 1.7141 36.3937 -0.3635 0.3672
Cyclist -1 -1 -0.1980 686.4332 172.9996 699.0399 197.2434 1.7029 1.7455 0.5593 5.8794 1.7138 51.5822 -0.0855 0.5208
Cyclist -1 -1 0.9807 859.1567 171.5679 1014.8198 294.6632 1.6750 1.9768 0.7193 4.6183 1.6578 10.3479 1.3889 0.4756
Cyclist -1 -1 1.4604 810.0400 174.9580 930.4948 281.9544 1.6703 1.7867 0.5959 4.1519 1.7064 11.7658 1.7908 0.4320
Cyclist -1 -1 2.4117 0.0000 198.7210 99.1570 315.9419 1.6774 1.8944 0.7417 -9.0405 2.0938 11.0778 1.7388 0.3705
Car -1 -1 1.6832 389.3350 190.8564 496.3509 277.2275 1.4904 1.7599 3.8406 -3.4438 1.9222 15.2857 1.4644 0.7636
Car -1 -1 3.5782 49.9106 202.6459 299.3216 341.6293 1.4490 3.4862 1.5918 -5.8328 1.9403 10.0899 3.0649 0.7561
Car -1 -1 3.3841 251.6073 189.1658 384.6652 276.5323 1.4537 3.2469 1.6951 -5.7043 1.8178 14.3648 3.0118 0.6884
Car -1 -1 1.6717 474.7245 175.1133 542.5113 230.2665 1.6905 1.8566 4.0658 -3.3693 1.7735 24.3469 1.5350 0.6270
Car -1 -1 1.5881 373.6437 187.6086 438.4265 246.5688 1.5098 1.7005 3.6175 -6.0575 1.9885 21.4226 1.3151 0.6234
Car -1 -1 1.5405 634.6470 180.7041 714.0811 213.1557 1.4747 3.6599 1.7387 2.9786 1.8580 34.2241 1.6259 0.5808
Car -1 -1 1.5919 512.4431 186.2200 550.9875 220.5000 1.4951 1.7529 3.5825 -3.7730 2.1743 34.7789 1.4840 0.4031
Car -1 -1 -0.9970 1112.5579 171.2297 1242.0000 265.6149 1.6095 1.7481 3.4167 11.5718 1.5821 13.6476 -0.3049 0.3756
Car -1 -1 1.6893 401.6944 181.5047 459.4981 226.4856 1.4689 1.6030 3.7401 -6.4970 1.8077 26.2657 1.4486 0.3623
Car -1 -1 2.9755 685.5289 175.4792 743.7876 216.4130 1.4944 3.9450 1.6304 4.0263 1.6061 28.5900 3.1134 0.3454
