Pedestrian -1 -1 3.0065 360.1803 172.4566 389.5116 228.8749 1.8125 0.9738 0.7961 -7.8045 1.8001 23.7888 2.6923 0.6942
Pedestrian -1 -1 -0.7684 894.5742 155.4648 964.3784 260.2019 1.7641 0.8322 0.7535 5.5483 1.4716 12.6735 -0.3649 0.3617
Pedestrian -1 -1 1.4881 240.8547 226.6088 313.7855 365.6723 1.7148 0.8467 0.7954 -4.6159 2.4924 9.8765 1.0601 0.2701
Cyclist -1 -1 3.1292 381.2145 174.1654 389.4462 196.7958 1.8165 1.9403 0.6192 -18.4157 1.9260 59.0486 2.8278 0.2760
Car -1 -1 -1.1460 79.4285 185.3452 354.2590 284.3591 1.5079 3.6952 1.7403 -6.5192 1.7365 12.2060 -1.6280 0.6124
Car -1 -1 3.5196 0.0000 185.6491 83.1060 232.8862 1.5098 3.8947 1.7612 -21.0972 2.0147 26.3262 2.8489 0.5452
Car -1 -1 -0.8250 155.1684 180.6909 303.6491 240.7764 1.4864 3.1855 1.7784 -10.2664 1.7120 19.4556 -1.3052 0.3915
Car -1 -1 -3.6433 971.7945 154.1908 1194.5950 254.2870 1.5268 3.6230 1.7206 8.0944 1.2425 12.8550 -3.0920 0.3719
Car -1 -1 0.8979 1144.0558 170.6401 1242.0000 288.1457 1.5359 1.6125 3.7642 10.4747 1.5074 11.3549 1.6297 0.3582
Car -1 -1 -2.3933 0.0000 184.8539 210.8183 374.7776 1.5498 1.6145 3.5774 -6.0883 1.6793 6.8798 -3.0987 0.3321
Car -1 -1 -2.7782 1000.1563 187.8621 1242.0000 375.0000 1.5419 1.6439 3.8774 3.3629 1.6322 2.2311 -1.8531 0.2699
Car -1 -1 -0.0987 70.5835 181.3871 106.7182 205.5793 1.5414 3.7474 1.6451 -35.6709 2.1478 49.2941 -0.7227 0.2487
