Pedestrian -1 -1 3.3415 125.5703 178.9027 167.4065 250.6831 1.7124 0.8488 0.7156 -11.2041 1.6517 17.6583 2.7774 0.3111
Cyclist -1 -1 3.5286 285.8674 174.9579 309.3897 206.6853 1.7676 1.9077 0.5639 -17.3156 1.4040 40.9761 3.1261 0.3075
Cyclist -1 -1 0.4724 243.8535 184.3367 289.9475 245.2205 1.5747 1.5577 0.4768 -9.0595 1.6557 19.4361 0.0360 0.2608
Cyclist -1 -1 -0.4309 961.5788 154.8011 1021.0359 230.2973 1.8192 1.8440 0.5884 9.8307 1.1770 18.2429 0.0522 0.2572
Cyclist -1 -1 -0.6658 987.7516 156.2993 1058.1702 226.1923 1.7104 1.7802 0.5695 10.7831 1.0949 18.4991 -0.1493 0.2390
Cyclist -1 -1 3.1937 400.4398 180.1234 408.2362 199.9111 1.6708 1.6943 0.5648 -16.8514 1.5550 61.5398 2.9225 0.2384
Car -1 -1 -1.5017 530.1876 176.0784 572.7762 211.9558 1.5492 1.7226 3.3502 -2.2361 1.3161 32.6939 -1.5746 0.6078
Car -1 -1 -1.4308 483.3539 172.5594 557.4337 229.7018 1.6121 1.7541 3.9698 -2.4391 1.3610 22.2713 -1.5439 0.5992
Car -1 -1 -1.6480 601.9365 171.9581 643.5879 205.4363 1.5411 1.7370 3.3353 0.9766 1.1028 34.7777 -1.6252 0.5636
Car -1 -1 -0.1312 566.8976 169.9069 600.6008 194.9187 1.5268 3.7335 1.6510 -1.1614 0.8199 45.8216 -0.1613 0.4511
Car -1 -1 0.3004 459.3365 172.8852 520.2733 209.1276 1.5856 4.1431 1.6774 -5.1503 1.2097 33.5961 0.1444 0.3675
Car -1 -1 -1.0857 215.0522 170.7313 284.8337 193.7409 1.5384 3.8890 1.7909 -23.9130 0.8191 48.9749 -1.5427 0.3065
Car -1 -1 0.9590 630.7986 177.4360 685.2546 197.9740 1.5121 3.8426 1.7171 4.3314 1.2135 54.6077 1.0328 0.2969
Car -1 -1 3.2961 381.1698 177.2030 407.4583 196.2675 1.5564 3.6591 1.6006 -17.3986 1.2061 60.5591 3.0125 0.2742
Car -1 -1 -0.0697 186.1586 173.9087 225.4005 202.9830 1.5560 3.8354 1.6616 -22.3424 1.1506 40.5025 -0.5760 0.2547
