Pedestrian -1 -1 3.3068 91.1778 145.8921 161.3650 290.0975 1.8181 0.8232 0.6426 -6.4676 1.4786 9.6006 2.7265 0.2992
Pedestrian -1 -1 0.5034 296.7799 147.6748 350.5648 251.2229 1.8437 0.7543 0.6325 -5.3021 1.3957 13.2592 0.1294 0.2858
Pedestrian -1 -1 2.0472 454.1700 178.8006 487.1339 233.0825 1.7138 0.8551 0.6217 -4.5397 1.9096 23.2886 1.8561 0.2622
Pedestrian -1 -1 2.5834 261.4284 162.8014 338.7363 295.1133 1.7700 0.8637 0.6423 -4.4182 1.6359 10.1606 2.1820 0.2438
Pedestrian -1 -1 0.5269 738.0140 143.9972 798.7996 262.0791 1.9115 0.9771 0.6034 2.6427 1.4447 12.2424 0.7337 0.2363
Cyclist -1 -1 -0.9815 915.0248 85.9057 1242.0000 375.0000 1.6414 1.6676 0.8167 2.6664 1.2539 4.1437 -0.4417 0.2795
Cyclist -1 -1 3.1811 432.5545 167.1723 456.9359 235.2667 1.7886 1.8248 0.5836 -4.5899 1.6397 19.8997 2.9568 0.2484
Cyclist -1 -1 -2.6579 329.6440 156.9781 410.4697 253.2059 1.7306 1.8214 0.7103 -4.6379 1.4454 13.9309 -2.9741 0.2384
Car -1 -1 0.8952 509.3959 185.3814 575.6618 216.9563 1.4992 2.2340 2.6759 -3.5405 2.1786 37.3734 0.8008 0.6261
Car -1 -1 2.2182 33.7107 160.5290 369.7938 293.6217 1.8354 4.3401 1.7886 -6.2321 1.6658 11.1511 1.7182 0.5176
Car -1 -1 -0.3524 498.3851 181.8836 533.0095 201.1525 1.5368 3.7075 1.7515 -8.0917 2.3326 61.5118 -0.4831 0.3757
Car -1 -1 1.6250 539.4727 174.3425 578.5855 192.5839 1.6833 3.5643 1.9454 -4.7773 1.8255 67.7470 1.5546 0.3071
Car -1 -1 2.7869 589.5318 186.9296 635.2996 211.6923 1.5289 3.9906 1.8429 0.0858 2.5324 49.2290 2.7881 0.2483
Car -1 -1 -2.5957 848.2576 180.2538 1242.0000 375.0000 1.5411 1.7182 3.9613 2.7281 1.5903 2.6249 -1.8462 0.2226
