Pedestrian -1 -1 0.9359 1147.7572 179.9684 1187.8043 228.1236 1.7057 0.9223 0.6727 20.0474 1.9658 25.9995 1.5867 0.1912
Cyclist -1 -1 -3.7806 1142.9559 186.8572 1190.6068 236.8017 1.7168 1.7004 0.4270 20.0933 2.2409 26.1297 -3.1312 0.2854
Cyclist -1 -1 -0.5664 961.8798 167.7923 998.2703 208.5421 1.7970 1.7861 0.5963 16.7291 1.5742 32.7341 -0.0980 0.2707
Cyclist -1 -1 3.6508 168.5299 179.5703 200.7776 213.6394 1.7482 1.9293 0.6124 -22.6391 2.1149 38.3762 3.1206 0.2632
Cyclist -1 -1 -1.1247 106.5318 167.8663 154.5533 206.4161 1.7989 1.7994 0.6215 -22.6850 1.5665 34.0988 -1.7083 0.2365
Cyclist -1 -1 -0.8888 1177.1124 171.7024 1242.0000 243.2089 1.7475 1.9659 0.5411 15.7827 1.7197 18.6469 -0.1947 0.2344
Cyclist -1 -1 2.3872 965.5155 160.8551 1010.7448 205.2990 1.8542 1.9578 0.5209 16.2382 1.3540 31.1125 2.8640 0.2018
Cyclist -1 -1 -1.3881 675.4258 150.8919 756.9040 230.9568 1.7981 1.7876 0.6696 2.4250 1.3052 16.8023 -1.2479 0.1840
Cyclist -1 -1 0.4225 97.2914 172.6661 128.7480 209.9631 1.8147 1.8468 0.5861 -24.8598 1.8059 36.0653 -0.1778 0.1822
Car -1 -1 1.6587 466.6597 185.0168 530.1625 240.4001 1.4816 1.5932 3.6133 -3.3626 1.8836 21.9670 1.5078 0.7334
Car -1 -1 -1.5930 594.8625 178.8404 634.2183 217.0151 1.5014 1.5809 3.6754 0.1048 1.7728 30.8091 -1.5903 0.6016
Car -1 -1 3.2511 336.1081 178.9613 364.8477 200.3402 1.5822 3.8675 1.7085 -20.3655 2.0798 56.6634 2.9073 0.5868
Car -1 -1 -3.0641 552.4149 180.3417 578.2523 201.8992 1.5218 3.3986 1.6683 -3.3295 2.0986 53.8338 -3.1260 0.4707
