Pedestrian -1 -1 -0.4692 892.7371 150.4135 966.7850 271.4768 1.7920 0.9184 0.6992 4.8714 1.4602 11.1594 -0.0680 0.6880
Pedestrian -1 -1 1.0063 914.8487 166.2386 982.8926 268.0047 1.7336 0.8260 0.7178 5.9003 1.6212 12.7013 1.4315 0.2869
Pedestrian -1 -1 -0.6149 524.7390 170.2301 537.5666 195.7857 1.8848 0.6813 0.6805 -5.8951 1.6917 53.6943 -0.7241 0.1765
Cyclist -1 -1 -0.1679 708.4741 169.6035 724.2854 200.3617 1.7983 1.7825 0.6402 6.3088 1.6086 43.0807 -0.0239 0.4991
Cyclist -1 -1 -0.4020 865.2653 165.4148 923.1255 246.9131 1.7276 1.8511 0.5091 6.3057 1.5702 16.2267 -0.0382 0.3733
Cyclist -1 -1 3.1337 534.7786 168.6382 544.2390 201.3920 1.8253 1.8800 0.5199 -4.0629 1.5907 41.1685 3.0356 0.2313
Cyclist -1 -1 -0.4783 713.7811 171.4232 735.0337 198.8191 1.7050 1.7151 0.6079 7.2219 1.6163 45.8116 -0.3233 0.1935
Cyclist -1 -1 2.7518 789.5972 174.1646 814.8085 207.7128 1.7339 1.8765 0.6215 10.1610 1.8057 38.3371 3.0084 0.1901
Cyclist -1 -1 0.2843 510.0876 175.8100 530.4116 211.1432 1.7679 1.8824 0.5360 -4.6565 1.9248 37.2344 0.1602 0.1891
Car -1 -1 -2.8312 411.7291 183.6276 522.8289 248.3279 1.5396 4.1404 1.8326 -3.8652 1.8717 20.0539 -3.0199 0.7112
Car -1 -1 -1.7033 712.6501 176.0645 784.3674 233.3488 1.5446 1.5938 3.7018 3.9971 1.6493 21.5514 -1.5232 0.6987
Car -1 -1 0.1721 656.6807 176.3460 684.3935 195.2776 1.5035 3.3882 1.7401 5.0253 1.8025 59.8461 0.2551 0.3512
Car -1 -1 -2.3298 717.4724 175.3025 802.0334 212.9807 1.5524 2.7534 2.3824 6.5210 1.6662 31.6910 -2.1293 0.2379
Car -1 -1 0.1541 680.2699 175.2094 706.2153 192.1303 1.5227 3.0059 1.9630 7.7457 1.7478 67.1140 0.2682 0.1746
