Pedestrian -1 -1 -1.7957 493.1808 171.4787 512.3071 202.3894 1.8378 1.0253 0.6166 -6.4819 1.7564 43.3694 -1.9436 0.4205
Pedestrian -1 -1 1.0995 952.0956 153.4503 1105.2468 355.2848 1.7591 1.0411 0.6264 3.7476 1.5903 6.6116 1.5951 0.3484
Car -1 -1 1.8798 188.3342 193.5782 417.7269 342.5234 1.5211 1.7531 3.6089 -3.9034 1.8546 9.7392 1.5071 0.7703
Car -1 -1 1.8102 373.4675 188.5863 494.2433 270.6108 1.5076 1.7028 3.8167 -3.7758 1.8967 15.9101 1.5801 0.7591
Car -1 -1 1.6852 468.4783 188.6528 533.7527 243.8183 1.4692 1.5666 3.6374 -3.3004 1.9942 22.1134 1.5380 0.7380
Car -1 -1 -0.9071 0.0000 199.8263 251.2528 375.0000 1.5296 1.6893 4.0567 -3.9953 1.7702 4.3552 -1.6195 0.6397
Car -1 -1 -1.5530 667.7929 182.2660 716.1658 228.2466 1.5194 1.6473 3.6321 2.9934 1.8906 26.5264 -1.4426 0.5640
Car -1 -1 1.2779 799.7516 164.5512 953.8420 255.6930 1.6065 1.7210 4.3353 5.2302 1.4605 14.9140 1.6083 0.5055
Car -1 -1 -1.4318 493.0353 184.8428 553.0173 231.1203 1.5327 1.6724 4.1232 -3.2193 2.0171 27.0496 -1.5498 0.4507
Car -1 -1 -0.4456 772.4058 173.0854 930.4727 234.1794 1.5546 1.5864 3.7101 6.3843 1.5615 19.3969 -0.1328 0.4378
Car -1 -1 1.6705 517.2901 183.4493 557.3256 214.6831 1.4819 1.7134 3.4911 -3.7328 2.0536 37.1606 1.5705 0.4208
Car -1 -1 -2.1985 692.8339 179.1236 777.8156 212.0483 1.4612 3.6696 1.7040 5.9038 1.7724 34.1955 -2.0295 0.3729
Car -1 -1 2.8700 340.5275 180.9727 386.2691 208.8091 1.5404 3.7238 1.6458 -14.7963 2.0481 43.0927 2.5408 0.3252
