Pedestrian -1 -1 -2.9439 468.5561 154.9021 527.1603 275.9848 1.8024 0.9272 0.7336 -1.7786 1.5356 11.2170 -3.0986 0.6381
Pedestrian -1 -1 3.0222 514.7567 178.8181 550.1178 248.4015 1.6582 0.8276 0.7706 -1.9668 1.8095 17.7660 2.9127 0.4297
Pedestrian -1 -1 2.5821 372.8587 182.8480 391.5601 212.5581 1.7251 0.8079 0.7427 -13.5475 2.3259 42.8038 2.2769 0.3448
Pedestrian -1 -1 3.0061 287.7129 170.0492 304.3427 209.8623 1.8127 0.7882 0.6047 -14.5518 1.6854 33.3431 2.5973 0.2688
Pedestrian -1 -1 0.5022 896.6755 153.5988 971.0008 275.8264 1.8980 0.6742 0.8936 5.2198 1.5994 11.7615 0.9098 0.2596
Cyclist -1 -1 -0.0786 521.3499 178.5067 550.9376 249.5922 1.6462 1.6767 0.5875 -1.8793 1.7923 17.7240 -0.1836 0.2984
Cyclist -1 -1 -0.8775 887.8900 145.2879 1000.2338 260.1668 1.7420 1.6081 0.6612 5.3699 1.3244 11.8059 -0.4605 0.2728
Cyclist -1 -1 -2.9346 468.0366 161.2301 531.3372 284.3979 1.7813 1.7750 0.6315 -1.7484 1.6136 11.3363 -3.0853 0.2518
Cyclist -1 -1 -3.6716 1080.2720 125.0777 1237.7657 305.0436 1.8393 1.8453 0.5485 6.1716 1.3514 8.3155 -3.0504 0.2470
Cyclist -1 -1 -1.1458 366.3864 185.4713 400.8087 216.7190 1.8185 1.8230 0.6997 -13.4634 2.5756 42.8152 -1.4491 0.2322
Cyclist -1 -1 -1.1510 94.3476 179.7143 126.0396 204.7625 1.7806 1.7804 0.6211 -36.0504 2.2800 52.0151 -1.7548 0.2102
Car -1 -1 1.5664 500.8637 172.0311 644.1765 231.7641 1.6007 3.8578 1.7850 -1.0991 1.5790 20.3361 1.5124 0.5966
Car -1 -1 -0.4712 620.9967 177.0118 730.7230 218.1962 1.5922 1.8955 4.1127 2.6771 1.7742 29.8735 -0.3833 0.5695
Car -1 -1 3.3316 426.7169 180.7194 495.3498 228.5719 1.5241 3.6124 1.7064 -5.2007 1.8211 25.3906 3.1310 0.4568
Car -1 -1 -1.0374 190.2888 186.7352 264.0089 210.5529 1.5722 4.1632 1.7894 -26.4017 2.5493 49.7760 -1.5232 0.2536
Car -1 -1 2.1904 275.6947 183.8536 340.9601 208.0072 1.5732 3.8576 1.6932 -20.6636 2.3457 49.3921 1.7958 0.2396
Car -1 -1 1.7092 432.3453 173.4444 496.2460 199.4676 1.7586 4.1155 1.8119 -10.0472 1.8006 49.8315 1.5109 0.2100
