Car -1 -1 1.6195 9.5160 198.7179 283.3565 376.0000 1.4870 2.0226 2.8041 -4.6589 1.6617 7.5196 1.0804 0.7624
Car -1 -1 -1.6133 587.1973 178.3592 665.6590 252.4035 1.5578 1.6547 3.8863 0.2962 1.4146 17.0836 -1.5967 0.6882
Car -1 -1 -1.5523 203.2322 184.7246 278.7811 233.3172 1.5251 2.1571 2.9478 -12.4054 1.5108 24.3533 -2.0193 0.6851
Car -1 -1 -1.3540 337.4960 182.0913 463.4535 265.9170 1.5848 1.7465 4.1841 -4.3948 1.5268 15.7210 -1.6226 0.6815
Car -1 -1 -2.2009 5.2111 177.5974 251.6431 278.0337 1.5245 2.9290 2.1136 -8.3217 1.4100 12.6547 -2.7730 0.5901
Car -1 -1 3.4035 176.6489 177.7369 219.1297 200.5702 1.6315 4.0688 1.7499 -30.4868 1.0982 53.5482 2.8877 0.4576
Car -1 -1 3.5625 55.0768 179.1575 131.0025 211.5266 1.5520 3.8095 1.7180 -26.0601 1.2626 36.4983 2.9457 0.4404
Car -1 -1 -1.1646 319.2031 180.3871 412.8686 229.8000 1.5504 1.6429 3.8120 -8.1687 1.4000 24.5222 -1.4832 0.4396
Car -1 -1 0.3116 288.7820 176.1445 358.8980 214.9960 1.5867 3.6537 1.7904 -12.2803 1.2173 31.2312 -0.0604 0.4186
Car -1 -1 -0.6117 661.0631 181.6034 704.7239 200.4825 1.5541 3.9770 1.7285 6.3591 1.2579 61.3304 -0.5094 0.3747
