Pedestrian -1 -1 1.0228 956.4278 128.7401 1080.6554 305.5710 1.8529 1.0295 0.5812 4.3842 1.3910 7.8772 1.5142 0.4506
Pedestrian -1 -1 -0.4069 61.3511 170.3236 85.3256 209.7513 1.9043 0.7862 0.6887 -26.3253 1.7825 35.3422 -1.0437 0.2252
Pedestrian -1 -1 -0.6295 786.5397 173.5171 813.0771 216.1884 1.7390 0.7503 0.7685 7.8229 1.7673 29.9079 -0.3767 0.2206
Pedestrian -1 -1 -0.3522 845.1856 122.0133 896.2936 229.6920 1.8655 0.7505 0.6318 4.5897 0.9851 12.8783 -0.0174 0.2061
Pedestrian -1 -1 2.5105 1031.0040 159.4472 1092.7085 250.9089 1.7532 0.8272 0.6719 8.8700 1.4966 14.2690 3.0569 0.1977
Cyclist -1 -1 -0.5704 780.5397 175.3259 816.4832 217.8023 1.7063 1.7201 0.6071 7.7790 1.8126 29.9996 -0.3197 0.2580
Cyclist -1 -1 -0.5447 1001.8675 158.0860 1083.5649 248.9261 1.7700 1.8375 0.5658 8.8829 1.4826 14.9800 -0.0186 0.2072
Car -1 -1 1.9277 93.0767 188.6093 176.0498 228.6203 1.5760 1.9292 3.5614 -20.9507 2.3156 31.9015 1.3502 0.5883
Car -1 -1 3.5088 232.2988 183.1146 285.0133 209.9133 1.4864 3.1906 1.7914 -20.8917 2.1214 42.9573 3.0583 0.5522
Car -1 -1 3.6747 0.0000 190.8975 74.4189 240.6751 1.5011 3.6412 1.7498 -20.6915 2.1772 25.0876 2.9902 0.4855
Car -1 -1 3.4350 309.7942 181.9545 347.6372 203.6334 1.5128 3.5444 1.6682 -20.9206 2.2138 53.7155 3.0650 0.3716
Car -1 -1 3.4144 176.1088 184.4345 234.9953 216.4440 1.5194 3.5886 1.7675 -21.0391 2.1546 37.6073 2.9071 0.3333
Car -1 -1 3.1754 504.4396 180.1007 533.7671 206.2580 1.5014 3.8713 1.6665 -5.6017 1.9692 44.5272 3.0505 0.2315
Car -1 -1 -0.1420 242.7980 178.6867 273.1641 199.1259 1.5497 3.8182 1.6695 -28.3090 2.0349 57.9243 -0.5950 0.2210
