Pedestrian -1 -1 3.1444 152.6353 136.2370 203.0326 263.5321 1.8933 0.9032 0.6531 -6.8021 1.3490 11.2836 2.6120 0.3724
Pedestrian -1 -1 0.8294 275.3693 199.2018 371.0787 325.1283 1.6746 1.0466 0.7737 -4.2082 2.0819 10.5007 0.4560 0.2973
Pedestrian -1 -1 3.4327 152.4548 143.4590 228.0851 290.9601 1.8729 0.8434 0.6543 -5.6399 1.5000 9.6434 2.9151 0.2952
Pedestrian -1 -1 3.2804 74.2872 169.1419 128.0468 278.4302 1.7997 0.8043 0.6440 -8.7681 1.7389 12.3831 2.6742 0.2551
Pedestrian -1 -1 3.2966 187.7375 140.1989 240.6665 257.4946 1.9643 0.7842 0.6919 -6.9288 1.4178 12.5658 2.8012 0.2428
Cyclist -1 -1 -0.2246 515.3030 176.0180 576.9642 285.1660 1.7265 1.8578 0.6518 -1.1880 1.7858 12.4516 -0.3190 0.4363
Cyclist -1 -1 -0.2852 687.7670 160.0528 743.5259 254.1129 1.8041 1.8318 0.6253 2.0818 1.5590 14.7890 -0.1491 0.2788
Car -1 -1 1.7142 341.9571 195.4409 525.7326 356.4201 1.4890 1.6678 3.5079 -2.0191 1.8275 8.9890 1.4981 0.7403
Car -1 -1 -2.6744 0.0000 0.0000 1242.0000 375.0000 1.5369 1.6825 4.0146 3.1076 1.6496 1.9783 -1.7367 0.3704
Car -1 -1 -2.2047 661.1212 178.2270 770.7974 224.3532 1.5067 3.4532 1.7938 3.7096 1.7093 25.5461 -2.0628 0.3250
Car -1 -1 -2.9183 546.1273 183.1971 586.6530 200.1974 1.5286 1.6673 3.4932 -4.0730 2.5100 67.3275 -2.9790 0.2837
Car -1 -1 1.1150 674.7036 180.5475 836.8177 251.2764 1.5589 3.4800 1.6104 3.4308 1.7580 17.4023 1.3055 0.2269
