Pedestrian -1 -1 -0.6353 926.3618 156.8318 1004.0618 275.2391 1.7421 0.8377 0.7087 5.3905 1.5067 11.0921 -0.1941 0.7918
Pedestrian -1 -1 2.9160 138.7354 168.4920 157.2068 204.2708 1.9155 0.7592 0.6929 -25.1010 1.6824 39.1403 2.3487 0.4130
Pedestrian -1 -1 -1.2307 62.7909 180.3312 82.9839 210.7336 1.7528 0.7814 0.6317 -31.4569 2.1950 42.2174 -1.8682 0.3099
Pedestrian -1 -1 -0.5391 909.9502 149.3970 946.8502 212.7199 1.8348 0.8503 0.6526 9.3742 1.1555 21.3684 -0.1311 0.2625
Pedestrian -1 -1 -0.2938 9.1031 180.7372 29.5916 213.2904 1.7725 0.6647 0.7185 -32.7824 2.2152 40.0027 -0.9772 0.2621
Pedestrian -1 -1 0.8174 785.8134 168.2293 803.4407 195.1247 1.8296 1.0799 0.5656 12.6606 1.5154 49.5907 1.0655 0.2440
Cyclist -1 -1 3.3350 15.3877 154.8018 56.9744 223.7582 1.8480 1.8501 0.5614 -16.1544 1.3645 20.2851 2.6688 0.2609
Cyclist -1 -1 3.1521 273.6682 175.8254 284.4967 203.1329 1.7605 1.7665 0.6301 -21.8798 1.9609 47.6525 2.7235 0.2507
Cyclist -1 -1 2.8505 312.0454 180.2065 332.6554 213.1426 1.5637 1.6745 0.4806 -14.1664 1.9332 35.4182 2.4723 0.2427
Car -1 -1 -2.7645 572.2090 179.4685 620.3979 206.6253 1.4866 3.5313 1.6478 -0.7930 1.8933 42.3840 -2.7836 0.5205
Car -1 -1 -1.7263 440.4738 180.3131 505.6373 217.2027 1.5274 2.4905 2.4852 -6.1679 1.8761 32.1046 -1.9151 0.5004
Car -1 -1 -2.3521 199.5707 184.7910 331.2258 237.5692 1.4842 3.6809 1.7084 -11.0081 1.9023 23.2248 -2.7907 0.4881
Car -1 -1 -0.0451 144.2166 174.9828 203.2595 222.4169 1.6520 4.0065 1.7503 -16.7040 1.7398 27.4729 -0.5873 0.4218
Car -1 -1 -3.1034 733.2109 175.0000 754.5241 191.5396 1.5120 3.3113 1.8625 12.6655 1.7208 68.2492 -2.9211 0.3963
Car -1 -1 -0.2836 780.3351 177.7728 831.3942 208.7650 1.5247 3.7447 1.5923 10.2095 1.7969 37.9842 -0.0235 0.2547
