Pedestrian -1 -1 2.7044 745.0583 164.2867 789.5479 236.8858 1.7803 0.9292 0.7737 3.9152 1.5705 18.2311 2.9118 0.5162
Pedestrian -1 -1 2.6939 826.6282 155.9778 854.5515 209.1527 1.8677 0.7635 0.6844 8.1852 1.2753 25.7676 2.9977 0.2332
Cyclist -1 -1 0.4457 128.4303 181.7888 241.3971 311.5589 1.7206 1.9345 0.6563 -6.2751 1.8657 10.6895 -0.0748 0.5967
Cyclist -1 -1 0.3941 402.3405 181.9349 426.7906 217.9754 1.7228 1.8373 0.5079 -9.7499 2.1870 35.9085 0.1303 0.2845
Cyclist -1 -1 -3.4172 932.9100 162.6001 967.6344 216.9322 1.6923 1.7186 0.5582 10.9523 1.3733 23.3635 -2.9841 0.2695
Cyclist -1 -1 -0.3432 742.0058 163.8877 791.4595 237.7579 1.7779 1.7383 0.6655 3.8925 1.5625 18.2696 -0.1373 0.2313
Car -1 -1 1.8653 453.0449 185.6685 506.0714 218.0103 1.5415 1.7757 3.5396 -6.7964 2.2449 37.7241 1.6877 0.5077
Car -1 -1 -2.0182 951.4583 164.3559 1042.9530 198.8932 1.6927 3.6248 1.8307 19.4064 1.2766 36.3467 -1.5315 0.4806
Car -1 -1 -0.1280 658.0265 174.6625 690.5102 200.1729 1.5526 3.5466 1.6117 4.0241 1.6727 45.9716 -0.0417 0.4755
Car -1 -1 0.1901 481.5673 182.3852 523.7490 211.1254 1.5527 4.1296 1.7051 -6.2934 2.1418 42.4709 0.0434 0.3593
Car -1 -1 -0.3931 597.2977 177.5534 640.5073 200.7830 1.5381 3.8350 1.6893 0.5531 1.8824 50.7142 -0.3827 0.3517
Car -1 -1 -1.9389 896.7526 155.5554 1028.7817 198.4996 1.6034 4.2222 1.8487 13.5607 0.9579 28.0245 -1.4926 0.3172
Car -1 -1 -3.2478 677.4120 177.0856 700.9906 195.9167 1.5138 3.6117 1.5869 6.6020 1.8803 60.6198 -3.1403 0.2959
Car -1 -1 1.1649 785.9241 166.1496 860.1417 199.6828 1.8789 3.7045 1.7514 12.1923 1.5036 41.5209 1.4482 0.2437
Car -1 -1 -0.1206 634.9064 176.4249 660.2912 195.5273 1.5338 3.7213 1.6847 3.1016 1.8434 60.5629 -0.0701 0.2434
Car -1 -1 0.3116 401.7866 181.3810 443.7090 205.4384 1.5842 3.9900 1.7260 -13.2087 2.2114 51.0010 0.0591 0.2398
Car -1 -1 2.7134 412.4214 181.2768 461.8799 206.6924 1.5272 3.8372 1.6695 -11.2584 2.0966 46.7207 2.4778 0.2347
