Pedestrian -1 -1 -0.4018 588.8634 169.2463 610.4668 213.1810 1.7908 0.7579 0.6489 -0.4729 1.6441 29.8860 -0.4182 0.3795
Pedestrian -1 -1 2.2087 651.0729 169.9806 669.0696 200.4887 1.8303 0.8528 0.6806 3.0078 1.6582 43.8197 2.2763 0.3639
Pedestrian -1 -1 3.2763 51.9649 186.1971 69.1110 217.9933 1.6944 0.7125 0.6524 -29.9704 2.4306 39.3138 2.6280 0.2831
Pedestrian -1 -1 2.1301 917.9901 155.1457 949.0008 206.2841 1.9130 0.8513 0.6761 12.2976 1.2509 27.5301 2.5459 0.2359
Pedestrian -1 -1 -0.7249 981.2944 144.0195 1019.7239 211.1891 1.8163 0.7300 0.5988 10.7342 1.0369 19.9327 -0.2373 0.2253
Pedestrian -1 -1 -2.3065 571.6718 172.9492 585.4930 193.9996 1.8095 1.0434 0.6335 -2.7469 1.8182 62.6182 -2.3506 0.2195
Cyclist -1 -1 3.3083 190.6164 183.9326 205.4481 209.1213 1.6931 1.7245 0.6171 -28.6938 2.4786 50.2181 2.7913 0.6001
Cyclist -1 -1 0.3331 19.0576 190.7312 53.0094 232.8753 1.7574 1.8885 0.5853 -25.4043 2.5730 31.9117 -0.3354 0.4621
Cyclist -1 -1 3.6401 46.5526 186.7932 76.9619 218.8476 1.6765 1.7636 0.5439 -29.9867 2.4565 39.4407 2.9931 0.3839
Cyclist -1 -1 -0.2762 571.7818 174.1865 584.0552 194.2934 1.7180 1.7235 0.6168 -2.8150 1.8359 62.6856 -0.3213 0.2176
Car -1 -1 -2.5002 222.3723 181.1887 302.3825 213.5172 1.5324 3.9637 1.6950 -17.9557 1.9891 37.3947 -2.9453 0.5389
Car -1 -1 3.1761 394.3570 177.7393 421.8310 202.2910 1.5249 3.4456 1.6190 -13.2650 1.8589 47.4178 2.9045 0.4795
Car -1 -1 3.5062 81.6217 185.6398 139.5991 212.5324 1.5612 4.0514 1.7064 -31.8643 2.4172 46.1163 2.9041 0.4627
Car -1 -1 -1.8541 338.4572 178.9253 401.8052 201.8447 1.5674 3.9965 1.8465 -17.3783 2.0232 52.2373 -2.1741 0.4544
Car -1 -1 1.5687 504.3229 176.2591 554.9001 196.2576 1.5180 3.8574 1.8147 -6.2896 1.7892 56.2657 1.4575 0.2816
Car -1 -1 -0.6260 1117.0918 172.3049 1190.4255 194.4672 1.5316 1.7200 3.8432 38.1752 1.4940 50.7520 0.0159 0.2610
