Pedestrian -1 -1 -0.1442 409.6425 157.3606 444.0785 234.2779 1.7936 0.9143 0.6827 -4.3385 1.2556 17.0343 -0.3872 0.6719
Pedestrian -1 -1 1.9678 989.7233 169.4044 1038.8708 237.5221 1.6647 0.8787 0.6842 10.2827 1.3951 17.8309 2.4848 0.6651
Pedestrian -1 -1 0.8941 673.3657 150.5367 739.8397 267.7169 1.8770 0.9098 0.6256 1.6529 1.3987 11.8226 1.0311 0.5410
Pedestrian -1 -1 1.7088 544.7465 157.3571 608.1410 281.6922 1.7493 0.8327 0.7622 -0.4505 1.4254 10.3627 1.6685 0.4717
Pedestrian -1 -1 2.9901 52.8176 149.3293 88.6270 229.4491 1.8836 0.7797 0.5864 -12.9654 1.1524 17.1002 2.3523 0.1739
Cyclist -1 -1 -3.2282 846.5583 168.7652 863.3112 206.7620 1.7691 1.8995 0.5893 11.9595 1.2242 33.9072 -2.8905 0.3427
Cyclist -1 -1 0.0190 550.0924 160.9832 595.7524 284.3607 1.6503 1.7053 0.6108 -0.4996 1.3909 10.3131 -0.0261 0.2083
Cyclist -1 -1 -0.0258 37.5232 179.1077 52.7355 209.5318 1.7041 1.7204 0.6465 -32.0608 1.6275 40.4678 -0.6903 0.2055
Cyclist -1 -1 0.1059 394.8723 156.5452 426.5073 236.6207 1.7907 1.7185 0.5349 -4.6088 1.2566 16.6969 -0.1567 0.1882
Car -1 -1 -0.7503 706.7722 163.0046 854.9694 224.3677 1.6811 1.7315 4.2772 5.2622 1.2034 21.1629 -0.5083 0.5544
Car -1 -1 3.2139 0.0000 182.5551 68.0255 233.2626 1.5494 3.9447 1.6607 -19.3192 1.6264 23.8655 2.5415 0.2342
Car -1 -1 3.2483 3.0628 184.3291 51.8522 213.4566 1.5205 3.7672 1.7002 -32.1946 1.7468 39.4840 2.5698 0.2319
