Pedestrian -1 -1 -0.6278 834.2560 163.9677 894.5888 274.5716 1.7414 0.6471 0.6748 4.0886 1.6018 11.7665 -0.3021 0.4451
Pedestrian -1 -1 -0.7599 727.4858 162.9884 752.6167 206.6042 1.8632 0.8470 0.6772 5.6094 1.4421 31.3608 -0.5850 0.3338
Car -1 -1 -1.6471 657.1035 178.4175 715.4855 229.2378 1.5668 1.6630 3.8753 2.4803 1.7721 24.6260 -1.5487 0.7592
Car -1 -1 -1.7428 664.4005 179.4282 751.7858 241.8092 1.5111 1.7016 3.9186 2.5412 1.7110 19.8943 -1.6184 0.7512
Car -1 -1 1.7052 382.6932 188.8002 502.0808 285.2628 1.4926 1.7045 3.5097 -3.0571 1.8335 13.5837 1.4870 0.7351
Car -1 -1 -2.0882 768.8878 182.0074 1242.0000 375.0000 1.4994 1.6130 3.8915 2.6835 1.6010 5.9523 -1.6843 0.7235
Car -1 -1 -1.9739 722.5013 178.6626 951.0505 318.9148 1.5236 1.5904 3.6322 2.7913 1.6190 9.9012 -1.7081 0.6612
Car -1 -1 -1.6393 644.4152 178.1689 684.9269 212.9995 1.5642 1.6758 3.9244 2.5559 1.8366 34.9656 -1.5676 0.5511
Car -1 -1 -1.3786 344.4005 184.1591 422.0683 212.7832 1.4912 3.7912 1.7678 -12.4024 2.1280 39.5325 -1.6811 0.5003
Car -1 -1 -1.2516 241.2505 184.3406 323.4697 213.6859 1.5246 3.7036 1.8408 -17.8924 2.1709 39.4607 -1.6751 0.4158
Car -1 -1 1.9042 296.9261 181.5658 369.5832 207.6337 1.5108 3.7078 1.7568 -16.6241 2.0462 43.3759 1.5400 0.4102
Car -1 -1 -0.0831 587.9230 179.8036 617.6237 203.0205 1.5128 3.5459 1.7605 -0.5644 2.0122 49.9659 -0.0949 0.3316
