Pedestrian -1 -1 2.0864 1125.0128 167.8462 1173.8243 233.8676 1.7064 0.8217 0.6584 14.2665 1.5773 19.1556 2.7187 0.5567
Pedestrian -1 -1 0.9618 1048.1505 125.9227 1198.2969 324.8926 1.8633 1.0725 0.5588 4.9285 1.4242 7.0437 1.5523 0.3074
Cyclist -1 -1 3.3691 350.6710 188.1822 361.3273 214.3010 1.6862 1.6765 0.3039 -17.0724 2.7334 48.4264 3.0315 0.3203
Cyclist -1 -1 -3.7537 1107.3730 164.2284 1148.7877 207.0416 1.7560 1.7415 0.5032 21.8095 1.4026 30.4639 -3.1373 0.3009
Cyclist -1 -1 1.5183 667.3697 178.2433 714.2309 218.0614 1.7292 2.0173 0.8226 3.5198 1.9715 31.9247 1.6264 0.2918
Cyclist -1 -1 -0.1702 371.8342 184.8790 383.9489 207.6032 1.7433 1.7749 0.6238 -18.4530 2.7136 57.2667 -0.4809 0.2494
Cyclist -1 -1 -3.7019 1110.0376 166.0549 1177.1781 232.4377 1.7012 1.7901 0.5744 14.2590 1.5273 19.4003 -3.0758 0.2441
Cyclist -1 -1 3.6164 97.4152 192.5373 129.8397 237.9379 1.6236 1.6190 0.3014 -18.8312 2.3921 27.3348 3.0174 0.2414
Cyclist -1 -1 -0.7335 1018.5071 170.8990 1064.2894 213.3031 1.8143 1.9269 0.5905 18.9886 1.7310 31.8712 -0.2007 0.2366
Car -1 -1 -0.3900 919.2807 176.6276 979.9708 204.7419 1.5177 4.1228 1.7080 19.4641 1.7467 41.6095 0.0444 0.7123
Car -1 -1 -0.4507 966.8673 174.0135 1036.3481 206.4103 1.5265 3.6195 1.6098 19.3964 1.5876 35.9682 0.0400 0.6740
Car -1 -1 -1.5539 584.1673 179.7424 642.9018 234.8741 1.5285 1.6693 3.8363 0.0910 1.7614 22.4199 -1.5507 0.6120
Car -1 -1 -2.9938 664.1792 179.9387 713.5866 214.7780 1.5131 3.1586 1.8629 3.7023 1.8629 33.8156 -2.8864 0.5295
Car -1 -1 -0.4342 848.6463 173.3971 888.6867 193.7141 1.5117 3.4414 1.5934 19.8498 1.5552 55.5664 -0.0931 0.4359
Car -1 -1 3.1291 370.3438 181.8008 391.7614 201.7961 1.5299 3.4847 1.6179 -18.7083 2.2833 58.8204 2.8222 0.2915
Car -1 -1 -1.0347 163.7703 177.0392 243.8096 206.4184 1.6492 3.6371 1.7739 -23.4658 1.8969 41.7004 -1.5448 0.2646
Car -1 -1 -0.7992 1022.5110 175.9960 1128.0005 214.3018 1.5336 3.7582 1.6207 19.9791 1.6787 31.2307 -0.2348 0.2430
