Pedestrian -1 -1 2.9374 559.8589 160.7900 622.7133 298.4771 1.7203 0.8741 0.6622 -0.2450 1.4757 9.3295 2.9138 0.6978
Pedestrian -1 -1 2.4989 833.4838 170.2025 875.6630 239.1447 1.6906 0.7707 0.6720 6.2406 1.4397 17.8030 2.8321 0.4678
Pedestrian -1 -1 1.4226 56.9191 188.3107 101.3698 248.9622 1.6876 0.9362 0.7365 -15.2160 1.9212 20.4112 0.7909 0.3831
Pedestrian -1 -1 -0.1851 253.9413 166.2808 305.9073 260.8957 1.7510 0.8833 0.7685 -6.3317 1.4895 13.6624 -0.6084 0.3616
Pedestrian -1 -1 2.9601 14.1438 170.7788 74.8442 261.7320 1.7676 0.9054 0.8234 -11.4170 1.5803 14.3444 2.3004 0.3362
Pedestrian -1 -1 2.4702 639.7252 161.5109 698.3889 261.2521 1.7568 0.8507 0.6943 1.1274 1.4240 12.9950 2.5564 0.3114
Pedestrian -1 -1 1.3285 1116.8080 196.4992 1224.0000 370.0000 1.6785 0.7197 0.7378 4.3536 1.8123 5.3496 1.9845 0.2952
Pedestrian -1 -1 1.2533 975.7242 183.9278 1126.9092 370.0000 1.6407 0.7738 0.6869 3.2712 1.6703 5.3325 1.7792 0.2445
Pedestrian -1 -1 -0.3549 515.5384 163.9528 567.3746 262.6835 1.7395 0.8751 0.6873 -1.2210 1.4496 12.9950 -0.4446 0.1766
Cyclist -1 -1 -0.8292 1123.8914 146.0532 1224.0000 255.2677 1.7461 1.8909 0.6287 10.0787 1.1970 12.2813 -0.1530 0.3148
Cyclist -1 -1 -2.1434 1017.6061 196.7262 1131.2203 291.0185 1.7544 1.7304 0.6879 8.9708 2.0765 13.6133 -1.5702 0.2574
Cyclist -1 -1 1.8103 629.3233 162.0567 741.7524 260.7137 1.7300 1.9478 0.7382 1.4473 1.4082 13.0731 1.9197 0.2409
Cyclist -1 -1 0.9243 1044.2512 196.9307 1224.0000 370.0000 1.7361 1.7912 0.5970 5.1402 1.8987 6.6149 1.5632 0.2247
Cyclist -1 -1 -0.8241 0.0000 169.3055 97.7638 259.6240 1.7818 1.8017 0.6200 -11.4155 1.5626 14.3302 -1.4842 0.1967
Cyclist -1 -1 1.8514 309.0912 173.4865 448.5310 283.5413 1.6693 1.9620 0.7234 -3.5611 1.5646 11.1004 1.5509 0.1967
Cyclist -1 -1 0.0222 257.4607 166.2074 298.9301 262.7221 1.7468 1.7436 0.6784 -6.3623 1.4898 13.7270 -0.4013 0.1867
Cyclist -1 -1 1.4467 681.4608 161.0866 756.6196 231.1058 1.7529 1.8270 0.6344 2.8554 1.2685 18.0420 1.6027 0.1768
Cyclist -1 -1 2.9647 607.4328 161.4502 643.5082 235.6918 1.7822 1.7714 0.6050 0.4597 1.3265 17.8887 2.9917 0.1767
Cyclist -1 -1 -1.7375 580.5112 173.8553 672.5693 260.4972 1.7414 1.8247 0.6416 0.3926 1.6095 14.6501 -1.7097 0.1737
Car -1 -1 3.1150 0.0000 184.4286 13.8013 237.8274 1.5385 3.9797 1.7190 -20.2753 1.6776 22.7107 2.3948 0.2558
Car -1 -1 -0.9989 1149.0012 187.8275 1224.0000 370.0000 1.4991 1.5717 3.8861 7.3674 1.5801 6.5393 -0.1764 0.2389
Car -1 -1 3.0902 0.0000 178.8706 32.5763 217.0150 1.5809 4.0700 1.7554 -26.7436 1.5148 31.3855 2.3912 0.1780
Car -1 -1 0.2146 33.4583 187.5425 115.4098 232.7007 1.4964 3.5195 1.6727 -19.4126 1.7762 25.9797 -0.4197 0.1661
