Pedestrian -1 -1 0.6337 615.7949 182.5814 640.7052 221.9453 1.7079 0.9043 0.7142 0.7758 2.1497 32.1634 0.6568 0.2454
Pedestrian -1 -1 -0.8483 543.9206 179.7304 559.6328 205.9534 1.7209 0.7394 0.7417 -3.9144 2.1850 48.1396 -0.9295 0.2135
Cyclist -1 -1 -0.2901 616.0536 182.3353 638.7435 219.7625 1.6054 1.6588 0.5587 0.7265 2.0412 32.2632 -0.2685 0.3054
Cyclist -1 -1 -0.1824 595.0978 176.9060 610.9902 206.4779 1.7589 1.9295 0.6303 -0.4687 2.0131 44.1970 -0.1935 0.2643
Cyclist -1 -1 -0.7214 756.0563 172.3308 804.7874 224.5363 1.6377 1.6862 0.5669 5.4873 1.6217 23.5087 -0.4955 0.2351
Cyclist -1 -1 -0.2861 542.3550 180.3174 558.6570 206.7596 1.7110 1.7733 0.6062 -4.0090 2.2191 48.1502 -0.3692 0.2119
Cyclist -1 -1 -0.4963 428.2308 171.6768 459.6276 206.6144 1.7420 1.8570 0.7745 -8.5464 1.6836 36.9255 -0.7226 0.1795
Cyclist -1 -1 -0.0287 457.0045 176.5577 465.7172 200.9442 1.6582 1.6671 0.5453 -10.3757 1.9208 50.2001 -0.2318 0.1755
Car -1 -1 3.3276 348.6382 189.3164 450.6091 262.4476 1.4805 3.9034 1.6592 -5.0189 1.9270 17.5314 3.0521 0.8240
Car -1 -1 0.8099 401.3741 188.5694 500.8440 235.3063 1.4817 2.6668 2.2306 -5.6853 2.0810 25.7649 0.5942 0.7622
Car -1 -1 2.8509 667.8163 167.7794 796.2072 251.4517 1.7095 4.1328 1.8007 2.6396 1.6062 16.9104 3.0022 0.6378
Car -1 -1 1.5530 448.9057 184.5823 489.7145 221.1538 1.4687 1.6865 3.5221 -6.3280 2.0216 32.0910 1.3594 0.6284
Car -1 -1 -2.5928 584.9304 177.7551 638.5935 202.7502 1.5445 2.6177 2.5025 0.1009 1.8765 47.0473 -2.5912 0.2173
Car -1 -1 3.0180 545.2131 188.9536 587.2806 220.8860 1.4983 3.9671 1.7291 -2.3986 2.3956 38.0889 2.9549 0.2119
Car -1 -1 -1.8683 546.6382 179.4348 586.1080 203.4177 1.5026 1.7186 3.3331 -2.9726 1.9585 48.0871 -1.9302 0.1809
