Pedestrian -1 -1 3.4146 172.5273 170.2910 215.5441 253.5841 1.7565 0.8206 0.6089 -9.0803 1.7028 15.6853 2.8968 0.5743
Pedestrian -1 -1 2.7725 442.0993 170.9402 455.8532 199.3292 1.8071 0.7876 0.6214 -10.3946 1.6856 46.4269 2.5532 0.2922
Pedestrian -1 -1 1.5184 345.1578 171.8310 363.8535 223.4729 1.8235 0.5979 0.6950 -9.2226 1.7878 25.9108 1.1793 0.2840
Pedestrian -1 -1 2.6371 520.5345 175.6870 533.3392 201.7602 1.8054 0.5322 0.7227 -5.8404 2.0056 50.4779 2.5221 0.2778
Pedestrian -1 -1 2.3947 627.6195 172.9347 640.7324 196.5665 1.8028 0.7494 0.6810 1.8349 1.8094 55.5494 2.4271 0.2768
Pedestrian -1 -1 2.8107 459.1112 170.1860 471.2033 195.0666 1.9237 0.7288 0.7274 -11.3255 1.7178 56.2833 2.6127 0.2642
Pedestrian -1 -1 2.4899 470.9686 173.7229 481.8991 194.2892 1.8717 0.6533 0.7421 -12.2740 1.9524 66.1998 2.3070 0.1498
Cyclist -1 -1 -0.3291 625.6181 173.7545 641.5540 196.2753 1.7026 1.7342 0.7009 1.7820 1.7734 55.5512 -0.2976 0.2709
Cyclist -1 -1 -3.4831 1170.7063 169.4741 1193.3429 195.7641 1.7816 1.8564 0.6346 39.4978 1.5529 49.8753 -2.8164 0.2331
Cyclist -1 -1 -0.7134 1113.0997 177.2247 1143.8749 204.2898 1.7368 1.8147 0.6005 34.1075 2.0307 47.5307 -0.0943 0.2094
Cyclist -1 -1 3.3966 407.4138 173.2580 430.3090 208.4374 1.7413 1.7065 0.7148 -9.7165 1.7626 36.5862 3.1384 0.2023
Cyclist -1 -1 3.1260 444.4510 174.3589 454.5997 201.8873 1.7393 1.5944 0.6133 -10.3842 1.8384 46.5240 2.9073 0.1922
Cyclist -1 -1 3.1213 342.2791 172.0303 361.6792 221.9878 1.7435 1.8882 0.6254 -9.4143 1.7151 26.1719 2.7788 0.1806
Cyclist -1 -1 3.3866 332.7520 182.0936 353.2783 218.5491 1.6883 1.7514 0.5171 -12.8911 2.1454 34.7660 3.0336 0.1791
Cyclist -1 -1 2.8847 513.0843 173.5430 526.4567 196.0760 1.7493 1.7701 0.6176 -7.1607 1.8050 57.0065 2.7600 0.1765
Cyclist -1 -1 0.4052 0.0000 178.2280 28.9961 216.6518 1.8305 1.8899 0.6389 -29.5878 2.1038 35.6467 -0.2841 0.1699
Cyclist -1 -1 0.3438 205.2707 170.8248 236.7015 213.1173 1.7359 1.7215 0.6231 -16.4722 1.6529 30.5095 -0.1478 0.1522
Cyclist -1 -1 3.1758 450.2391 173.8406 461.5372 198.4522 1.7156 1.6579 0.7290 -10.9671 1.7872 51.2426 2.9657 0.1514
Car -1 -1 -2.7688 558.1163 172.9395 589.4770 189.6633 1.5187 2.7172 2.0691 -3.3677 1.5273 67.1558 -2.8190 0.2609
Car -1 -1 1.5632 827.9584 189.3791 886.2112 215.8313 1.5565 3.4178 1.8430 15.5597 2.6341 45.6255 1.8892 0.2606
Car -1 -1 2.8838 696.8542 176.2884 726.2354 193.7994 1.5172 3.4264 1.8013 9.0998 1.8357 65.0305 3.0218 0.2243
Car -1 -1 0.4203 1149.7428 186.5957 1238.6627 214.1407 1.5031 1.7680 3.7763 35.1377 2.3723 43.5333 1.0955 0.1950
Car -1 -1 -0.3232 575.3248 173.7937 609.8990 193.3132 1.4569 3.5549 1.6323 -1.4083 1.5328 55.9901 -0.3486 0.1892
Car -1 -1 -2.0444 1150.3940 190.1339 1242.0000 220.8560 1.5697 3.8397 1.7449 32.1936 2.5462 39.5114 -1.3650 0.1784
Car -1 -1 -0.2572 303.7191 184.7392 342.0425 207.4372 1.4981 3.7244 1.6592 -20.6280 2.3829 51.6977 -0.6354 0.1750
Car -1 -1 0.1645 432.7658 177.0320 459.2852 195.7759 1.5241 3.7502 1.6092 -13.9503 1.8913 61.4399 -0.0581 0.1724
Car -1 -1 0.2800 407.8542 179.7157 446.8984 201.9920 1.5223 4.0805 1.6983 -13.2988 2.0430 52.6459 0.0334 0.1623
Car -1 -1 -0.2872 1152.4242 185.4793 1203.1841 209.2356 1.4555 3.4937 1.7315 37.8422 2.3335 48.2108 0.3748 0.1551
Car -1 -1 2.3234 832.3521 187.2981 891.4805 209.4458 1.4763 3.8905 1.8408 18.4413 2.5817 53.0467 2.6556 0.1507
Car -1 -1 -1.6784 523.9615 178.1936 584.6089 201.2660 1.5150 3.9503 1.8147 -3.8522 1.8888 49.2129 -1.7566 0.1489
