Pedestrian -1 -1 0.2723 0.0000 123.8040 60.3729 288.5407 1.8451 0.8276 0.6299 -7.1056 1.2961 8.5831 -0.4040 0.6520
Cyclist -1 -1 0.1405 263.4324 177.5894 283.1638 217.2103 1.6111 1.5431 0.5391 -14.1940 1.8161 30.3497 -0.2939 0.3758
Cyclist -1 -1 0.2047 215.0382 183.0285 234.9899 217.4879 1.6118 1.5240 0.5543 -18.7217 2.1177 35.0341 -0.2832 0.3446
Car -1 -1 1.6001 555.4032 182.0265 611.1171 232.7312 1.4931 1.6939 3.7914 -0.8740 1.8207 23.8353 1.5631 0.7058
Car -1 -1 3.4301 226.9488 181.5527 293.7331 218.3383 1.5085 3.6904 1.7151 -15.6852 1.9239 32.4687 2.9830 0.6092
Car -1 -1 -2.4487 193.5785 182.5496 420.7875 269.1704 1.5374 1.6064 4.1448 -6.1099 1.7511 14.4923 -2.8417 0.6058
Car -1 -1 -1.6915 518.4613 179.6222 566.8654 213.7207 1.5128 1.9270 3.1573 -3.2990 1.8527 34.4511 -1.7868 0.5119
Car -1 -1 -2.3201 0.0000 0.0000 1242.0000 375.0000 1.5637 1.6654 3.9639 2.7870 1.6592 1.8771 -1.4132 0.4760
Car -1 -1 1.5158 642.1295 180.3185 686.5834 220.2745 1.5141 1.6143 3.8292 2.1584 1.8447 29.9870 1.5862 0.4528
Car -1 -1 -1.7409 405.5791 184.1611 469.2364 231.1226 1.4897 1.6484 3.3711 -6.2373 1.9217 25.6630 -1.9775 0.4373
Car -1 -1 3.1292 500.9081 179.5473 527.4598 204.3549 1.5081 3.7068 1.6432 -6.2791 1.9614 46.8676 2.9963 0.3915
Car -1 -1 -0.2901 604.1052 182.6489 636.5671 202.5644 1.5231 3.5939 1.6936 0.7888 2.3519 59.0671 -0.2773 0.3320
Car -1 -1 0.2605 432.6329 182.0420 501.4681 221.3299 1.4649 2.7704 2.0710 -5.7316 1.8535 29.0310 0.0668 0.3262
