Pedestrian -1 -1 3.0808 154.4978 159.0807 176.6585 211.6452 1.8668 0.7099 0.6426 -16.1217 1.3780 26.0975 2.5319 0.3573
Car -1 -1 3.4375 302.2615 182.3126 423.5244 255.7747 1.5781 3.9910 1.7497 -6.0559 1.8413 18.0323 3.1174 0.7399
Car -1 -1 -1.7676 711.7737 176.9241 848.0628 274.9088 1.5370 1.6471 4.0060 2.9370 1.6248 13.4951 -1.5589 0.7284
Car -1 -1 -0.6021 897.7484 151.0254 1143.8849 237.9363 1.7199 1.8033 4.3172 8.5984 1.2883 15.3911 -0.1012 0.6486
Car -1 -1 3.2340 483.8942 180.8670 521.1371 210.9443 1.5241 3.9640 1.6653 -5.8921 1.9874 39.6620 3.0870 0.6288
Car -1 -1 -0.9837 0.0000 202.5815 172.3395 375.0000 1.5037 1.5517 3.7519 -6.2312 1.8843 7.2807 -1.6738 0.5779
Car -1 -1 1.7693 433.4093 183.2438 497.9312 225.6585 1.5647 1.8869 3.6336 -5.8278 2.0137 29.3277 1.5743 0.5206
Car -1 -1 0.2268 1102.8270 136.7401 1242.0000 290.7074 1.6744 2.7061 2.0922 8.1531 1.2820 9.4954 0.9208 0.4842
Car -1 -1 3.2993 465.1293 181.9723 512.6509 215.5773 1.4888 3.8669 1.6815 -5.8425 1.9555 34.9564 3.1344 0.4442
Car -1 -1 -0.4309 469.3448 175.1263 504.3853 194.1214 1.5807 3.5674 1.6479 -10.7027 1.7838 62.4420 -0.6002 0.4047
Car -1 -1 -0.4913 447.7665 176.0783 488.4387 196.1044 1.5538 3.7594 1.6623 -11.5749 1.8249 58.5992 -0.6858 0.3990
