Pedestrian -1 -1 0.3197 89.1502 155.8260 127.1513 223.4405 1.8338 0.8758 0.6218 -13.9979 1.3723 20.0737 -0.2832 0.3310
Pedestrian -1 -1 -1.1793 394.8052 171.6585 407.5031 196.2229 1.7674 0.6811 0.6666 -15.1582 1.6817 52.2797 -1.4605 0.2513
Pedestrian -1 -1 1.6111 797.6257 164.3631 816.2051 197.6454 1.8372 0.9779 0.6262 10.9577 1.3688 40.2705 1.8746 0.2376
Pedestrian -1 -1 3.0361 333.1464 165.9550 348.5480 205.4701 1.8280 0.8460 0.5926 -12.6839 1.5092 33.8878 2.6802 0.2040
Pedestrian -1 -1 -1.7355 615.3557 175.0378 622.8717 193.7409 1.6699 0.5718 0.6767 0.7979 1.8678 64.8852 -1.7237 0.2039
Pedestrian -1 -1 -2.2349 788.3631 170.2167 799.0673 189.1962 1.7554 0.7585 0.5972 17.0808 1.5119 67.1593 -1.9872 0.1963
Pedestrian -1 -1 1.2468 839.5958 155.5684 868.7242 204.6618 1.9100 0.9216 0.6611 9.5625 1.2379 28.4015 1.5681 0.1892
Pedestrian -1 -1 0.6962 970.3132 138.7899 1020.4839 222.9860 1.8966 0.8826 0.6009 8.8666 1.1296 16.6972 1.1768 0.1892
Pedestrian -1 -1 -1.6087 590.8906 176.2812 598.5356 196.8735 1.7914 0.6427 0.7134 -1.3634 2.0940 63.2650 -1.6306 0.1865
Cyclist -1 -1 0.0637 0.0000 181.7085 15.5495 231.3547 1.6167 1.6525 0.5213 -20.7194 1.9292 24.6076 -0.6309 0.4058
Cyclist -1 -1 -2.8087 365.7781 180.3166 381.5360 202.7350 1.6970 1.7793 0.6167 -18.3941 2.2869 56.1044 -3.1244 0.3833
Cyclist -1 -1 -2.4760 767.1552 169.8720 788.3843 194.0950 1.8212 1.7764 0.6138 12.7776 1.5974 55.0432 -2.2495 0.3164
Cyclist -1 -1 3.2586 395.0485 174.1794 406.0716 198.6174 1.7361 1.7126 0.5704 -15.1865 1.8340 52.2431 2.9768 0.2649
Cyclist -1 -1 -0.4947 586.0757 177.3425 602.2103 197.5112 1.7311 1.7801 0.6452 -1.4187 2.1309 63.2752 -0.5174 0.2587
Cyclist -1 -1 -0.3366 612.2002 176.6121 624.9165 195.7249 1.6876 1.7682 0.5927 0.7444 2.0314 65.0070 -0.3256 0.2119
Cyclist -1 -1 -1.4558 826.4117 166.9011 848.8350 188.2509 1.9084 1.8748 0.6019 20.5320 1.3766 65.1500 -1.1520 0.2095
Car -1 -1 3.2818 444.1164 178.8994 484.1021 208.0048 1.5160 3.7089 1.6838 -8.1253 1.8697 40.2690 3.0835 0.5587
Car -1 -1 1.3950 937.4058 172.2186 986.5685 190.0349 1.4969 3.5210 1.8549 30.1732 1.4439 61.9900 1.8458 0.3240
Car -1 -1 -3.2784 706.2009 173.3694 741.4104 198.7701 1.5535 3.7108 1.7182 7.1897 1.5881 46.0708 -3.1250 0.2801
Car -1 -1 2.2732 844.2095 178.1532 908.3621 202.4361 1.4737 3.7032 1.6430 17.1446 1.8318 46.6823 2.6227 0.2667
Car -1 -1 1.5268 871.5783 173.4340 909.5126 190.4788 1.4749 3.0461 1.8530 24.7850 1.5277 63.8879 1.8950 0.2308
Car -1 -1 2.3822 940.3718 173.2601 994.1549 193.4394 1.5311 3.7543 1.6639 28.0752 1.5646 56.8654 2.8384 0.1924
Car -1 -1 -1.2942 317.0775 175.6865 377.5851 198.6990 1.6232 3.8045 1.6247 -18.9450 1.8317 52.0700 -1.6418 0.1875
