Pedestrian -1 -1 1.6440 300.1829 145.8565 402.6369 345.6620 1.8242 0.8902 0.5826 -2.5306 1.5781 6.9820 1.3071 0.5771
Pedestrian -1 -1 3.0763 363.8321 141.5609 425.2245 299.1917 1.8244 0.9779 0.6650 -2.7342 1.4625 8.9222 2.7863 0.5319
Pedestrian -1 -1 -3.0932 605.6594 169.5714 623.7678 214.3863 1.8348 0.8019 0.7159 0.1590 1.7008 29.9580 -3.0886 0.4983
Pedestrian -1 -1 2.1571 310.5025 170.1808 336.5429 208.9082 1.8452 0.9774 0.6382 -13.8487 1.7182 34.7897 1.7806 0.2970
Pedestrian -1 -1 1.4447 963.0118 165.7811 985.6034 201.6099 1.8201 0.9577 0.6740 18.7028 1.4612 37.1279 1.9078 0.2863
Pedestrian -1 -1 -1.1589 965.7135 157.9779 1001.4625 213.4836 1.8467 0.8799 0.6902 12.6714 1.3522 24.5628 -0.6879 0.2836
Pedestrian -1 -1 3.0320 52.2906 163.3573 79.2896 220.8621 1.8087 0.7402 0.6178 -17.5265 1.5103 23.1726 2.3899 0.2730
Pedestrian -1 -1 1.7244 1031.5345 144.1151 1062.5878 201.3024 1.8749 0.8056 0.6310 14.5863 0.9330 24.1525 2.2622 0.2297
Pedestrian -1 -1 0.2598 90.9068 184.2968 145.0855 266.2472 1.6550 0.7589 0.7704 -10.3909 1.9039 15.1884 -0.3323 0.2052
Cyclist -1 -1 0.3091 183.9796 172.0160 214.5409 213.1650 1.7227 1.7356 0.6449 -17.7376 1.6879 31.1188 -0.2055 0.2367
Cyclist -1 -1 2.9284 603.2506 171.7654 626.2098 215.9999 1.7816 1.7956 0.5828 0.1421 1.7381 29.9966 2.9325 0.2153
Car -1 -1 -0.5341 1037.6807 180.3045 1242.0000 283.8535 1.5127 1.5985 3.9062 9.3529 1.6449 11.7264 0.1264 0.6574
Car -1 -1 -2.4651 75.7030 185.5255 286.5851 261.0615 1.4818 1.5505 3.7786 -9.2224 1.7737 15.5488 -2.9933 0.5868
Car -1 -1 -0.1072 217.0016 174.9794 249.2803 198.1962 1.5693 3.6630 1.6470 -26.7491 1.7260 51.1108 -0.5874 0.3233
Car -1 -1 2.0892 241.3813 176.6467 287.4607 193.3215 1.5100 3.4314 1.7509 -31.9852 1.8667 66.7896 1.6439 0.2586
Car -1 -1 3.0617 588.1832 179.3080 621.8727 206.3941 1.5355 3.8066 1.7375 -0.3775 1.9455 43.8149 3.0526 0.2144
Car -1 -1 -0.4242 703.1172 178.3985 741.8304 197.6676 1.5288 3.8458 1.7759 9.3710 2.0104 60.5379 -0.2718 0.2135
