Car -1 -1 -1.8747 767.0538 180.8202 1050.6224 367.5027 1.5723 1.6771 4.0564 2.9811 1.6870 8.3005 -1.5425 0.8134
Car -1 -1 -1.7357 731.1384 184.2900 855.3914 277.9338 1.4948 1.6313 4.0271 3.3480 1.7510 14.0790 -1.5081 0.7857
Car -1 -1 0.3010 339.2310 181.4447 503.9223 285.8514 1.5531 4.0669 1.7261 -3.2627 1.7350 13.1564 0.0617 0.7223
Car -1 -1 1.0651 425.3495 171.9144 570.6705 246.2860 1.7328 2.7503 2.7229 -2.9786 1.7113 18.7276 0.9088 0.5944
Car -1 -1 1.2548 784.5490 165.6698 894.5881 216.4202 1.8635 3.5964 1.8086 8.6157 1.6000 27.4222 1.5556 0.5830
Car -1 -1 -1.4940 518.5671 181.7331 568.1685 222.6343 1.5169 1.7252 4.0174 -2.7111 1.9071 29.6555 -1.5850 0.5810
Car -1 -1 0.7297 470.6341 181.2460 580.9833 233.2489 1.5503 2.7581 2.4086 -2.8030 1.8500 23.9164 0.6136 0.5696
Car -1 -1 2.8879 682.4407 176.1681 739.1641 198.1013 1.5411 1.5122 3.7856 7.2104 1.7845 51.9589 3.0246 0.5181
Car -1 -1 2.0862 1033.8711 148.7518 1242.0000 258.2663 1.7508 1.5189 3.5862 9.4795 1.3658 12.9777 2.7059 0.4874
Car -1 -1 1.2647 779.6666 162.3242 882.9831 206.8207 1.7884 3.7007 1.8879 9.0864 1.3656 29.9689 1.5559 0.4872
Car -1 -1 -1.0038 960.8709 160.4771 1138.7223 249.5615 1.7567 1.5926 3.7262 9.5824 1.5130 15.7750 -0.4667 0.4557
Car -1 -1 0.5536 879.6033 161.2813 996.9235 224.0582 1.7374 2.9207 1.9660 9.7823 1.4174 21.6003 0.9733 0.4019
