Pedestrian -1 -1 2.7664 417.2592 165.6419 434.7702 202.4865 1.8670 0.6908 0.6640 -9.4821 1.5019 37.0334 2.5171 0.4671
Pedestrian -1 -1 2.1596 246.1314 184.9844 272.4447 221.5719 1.7445 0.9170 0.6992 -17.0866 2.3416 35.0820 1.7090 0.4199
Pedestrian -1 -1 -1.3845 35.6486 176.9043 81.9340 247.5587 1.7548 0.8287 0.6715 -14.1361 1.8615 18.4584 -2.0312 0.2898
Pedestrian -1 -1 -1.7283 69.6343 208.0843 100.5259 259.6441 1.7268 0.7672 0.8090 -18.5839 2.9986 25.4808 -2.3538 0.2566
Pedestrian -1 -1 -1.9314 466.8348 172.6803 480.8622 196.4877 1.7874 0.9019 0.5671 -10.3385 1.7747 54.6457 -2.1178 0.2164
Pedestrian -1 -1 -0.6115 756.0957 159.2217 781.5717 206.3638 1.8599 0.7517 0.6907 6.3265 1.3225 28.9452 -0.3988 0.2112
Cyclist -1 -1 3.5029 164.0106 159.3360 198.6124 216.5061 1.8652 1.7779 0.4006 -14.5501 1.4245 24.4481 2.9706 0.4068
Cyclist -1 -1 0.0394 448.1323 182.3040 457.6689 205.7239 1.7401 1.8840 0.6424 -12.0793 2.4788 55.3863 -0.1748 0.3857
Cyclist -1 -1 0.5485 71.3662 201.2527 119.6312 254.0450 1.7494 1.6954 0.6004 -18.3461 2.7956 25.7045 -0.0668 0.2692
Cyclist -1 -1 2.5465 828.4169 161.3892 857.0413 193.5144 1.8454 2.0272 0.5585 13.6564 1.1872 42.4965 2.8551 0.2688
Cyclist -1 -1 -3.6729 1167.1068 150.8139 1242.0000 250.4664 1.6707 1.6504 0.6160 10.7995 1.3015 12.9561 -2.9895 0.2579
Cyclist -1 -1 0.2767 131.7349 204.2761 159.1278 246.6489 1.7926 1.4770 0.6567 -20.9608 3.2440 32.5138 -0.2925 0.2195
Cyclist -1 -1 0.0735 298.4384 189.7638 315.1888 226.4954 1.7120 1.7370 0.6302 -14.9038 2.5637 35.4006 -0.3227 0.2180
Car -1 -1 0.2634 340.7176 191.9655 466.5613 233.5185 1.4966 1.6830 4.3486 -7.8763 2.2524 27.6512 -0.0122 0.6267
Car -1 -1 -1.0684 0.0000 198.8289 342.4321 375.0000 1.5090 1.7725 3.8169 -3.8473 1.7992 6.1049 -1.6120 0.6179
Car -1 -1 0.0009 437.1338 181.0988 459.8398 203.2139 1.6242 4.1077 1.6832 -12.7378 2.2987 56.8073 -0.2191 0.5252
Car -1 -1 -2.0679 953.6017 165.2590 1053.6952 206.0004 1.8956 3.7919 1.8187 18.7141 1.5426 34.4850 -1.5747 0.2948
Car -1 -1 -1.9457 788.1725 163.6254 840.8979 182.1934 1.5743 3.9698 1.8702 17.6134 0.7922 62.3031 -1.6715 0.2424
Car -1 -1 -0.6974 699.3648 176.3829 755.3360 200.1458 1.5306 3.8875 1.6467 7.9217 1.7818 49.1847 -0.5391 0.2185
Car -1 -1 1.5211 880.0181 161.8346 962.3735 192.7046 1.5741 3.9207 1.7092 16.3847 1.0126 38.2669 1.9226 0.2122
Car -1 -1 -0.0402 71.9241 191.7613 131.9748 239.1621 1.5312 4.1121 1.6926 -19.2210 2.2998 27.1674 -0.6515 0.1994
Car -1 -1 -2.9270 650.3628 177.4204 679.4562 196.5402 1.5358 3.8064 1.6851 4.6521 1.9353 61.0062 -2.8517 0.1955
