Pedestrian -1 -1 2.7417 766.4615 166.0697 781.1057 194.5309 1.8568 0.7694 0.6942 10.7508 1.4145 47.5093 2.9626 0.1792
Pedestrian -1 -1 3.1061 301.8640 160.7407 316.7937 203.7547 1.8567 0.7373 0.5786 -13.2107 1.3342 31.5972 2.7128 0.1670
Pedestrian -1 -1 2.8798 379.5895 161.1241 392.8639 194.9810 1.9327 0.5857 0.6000 -12.9356 1.2635 41.5932 2.5799 0.1531
Cyclist -1 -1 -0.8698 875.3102 161.3484 926.1391 209.9089 1.7704 1.8782 0.5270 10.9147 1.3513 27.2545 -0.4930 0.3900
Cyclist -1 -1 2.6943 762.7303 165.1036 782.9360 192.9111 1.8013 1.8711 0.5429 10.7250 1.2996 47.7101 2.9138 0.3340
Cyclist -1 -1 3.7204 0.0000 198.5548 90.6703 324.0197 1.6488 1.6509 0.3837 -8.4565 2.0588 10.6606 3.0617 0.2225
Cyclist -1 -1 -0.2985 354.3535 171.4980 370.0622 194.3881 1.7823 1.9671 0.6267 -19.6624 1.6771 57.1595 -0.6286 0.1984
Car -1 -1 1.8463 359.1013 187.0536 426.9703 226.5690 1.5196 1.8480 3.6765 -9.2538 2.1650 30.9250 1.5574 0.6662
Car -1 -1 -0.9792 0.0000 198.4571 157.7227 320.9703 1.4918 1.7078 3.8384 -9.2668 1.9735 11.5848 -1.6429 0.6506
Car -1 -1 -0.6497 665.3593 173.1498 704.8662 192.0752 1.6075 3.4796 1.6785 6.5365 1.6346 63.2669 -0.5476 0.3842
Car -1 -1 1.9493 337.5139 178.1452 396.1533 199.6226 1.5436 3.7481 1.6768 -17.9469 1.9414 53.2580 1.6255 0.2514
Car -1 -1 0.0268 633.5040 181.8715 661.2277 206.8380 1.5239 4.0380 1.7252 2.4729 2.1455 47.6220 0.0778 0.2497
Car -1 -1 -0.9496 168.7660 168.1317 251.5323 199.6420 1.7228 3.7671 1.7279 -22.4580 1.4650 40.5256 -1.4531 0.2104
