Pedestrian -1 -1 2.4402 887.5958 164.7537 947.8577 257.5532 1.7385 0.8607 0.6802 5.9200 1.5871 14.0283 2.8312 0.2147
Pedestrian -1 -1 0.7833 1054.3518 165.1050 1121.5499 256.3223 1.7677 0.9331 0.6523 9.4782 1.6179 14.3985 1.3555 0.2004
Pedestrian -1 -1 0.9412 1185.8938 170.1356 1242.0000 261.3685 1.6449 0.8046 0.7060 11.3134 1.5963 13.3832 1.6316 0.1956
Pedestrian -1 -1 1.8323 964.4032 161.8203 1022.6692 254.0481 1.7592 0.8873 0.6471 7.5483 1.5491 14.2983 2.3089 0.1644
Pedestrian -1 -1 -0.8725 930.1989 162.0157 997.4467 268.6917 1.7183 0.7596 0.6713 5.8753 1.5441 12.1050 -0.4309 0.1628
Pedestrian -1 -1 -0.5116 775.5175 123.3667 855.2996 277.9463 1.8079 0.7577 0.6517 2.4596 1.2295 8.8839 -0.2508 0.1550
Pedestrian -1 -1 2.2219 1187.1848 157.6487 1242.0000 272.3149 1.7545 0.8284 0.6452 9.8321 1.5222 11.5137 2.9156 0.1541
Pedestrian -1 -1 -2.1496 955.2950 167.2453 981.4382 208.1351 1.7891 0.7837 0.6948 15.8293 1.5440 31.9601 -1.6938 0.1531
Cyclist -1 -1 2.4399 945.2678 168.7252 986.7734 209.4134 1.7526 1.7825 0.6483 15.7378 1.5751 32.0200 2.8927 0.2188
Cyclist -1 -1 1.0166 1050.2097 162.5309 1167.8506 250.1890 1.7015 1.8684 0.6524 9.8553 1.5015 14.3632 1.6079 0.1773
Cyclist -1 -1 2.6353 621.8868 164.2423 644.6986 193.5356 1.8409 1.9188 0.6069 1.4530 1.3001 46.3339 2.6661 0.1543
Cyclist -1 -1 -0.4717 631.8585 167.3797 657.5037 202.1096 1.7899 1.8928 0.5509 1.7845 1.5081 38.1597 -0.4258 0.1539
Car -1 -1 -1.6222 565.9973 176.5334 620.2685 226.2762 1.5557 1.6530 3.7478 -0.6919 1.6923 24.7825 -1.6505 0.6059
Car -1 -1 -0.0130 0.0000 182.5551 60.3701 235.1082 1.5119 3.6755 1.6334 -18.9940 1.8531 23.4087 -0.6892 0.2896
Car -1 -1 3.5049 286.3648 175.0892 326.5094 196.0613 1.5909 3.5330 1.7763 -23.9188 1.7731 56.9088 3.1085 0.2582
Car -1 -1 -2.1694 84.8106 178.1862 185.1851 212.3541 1.5225 3.7655 1.6624 -22.8825 1.7956 34.8475 -2.7471 0.2566
Car -1 -1 2.9279 309.3095 178.9471 354.6844 207.8016 1.5209 3.6724 1.6567 -15.8126 1.8831 40.8590 2.5605 0.2308
Car -1 -1 1.6185 0.0000 182.4717 124.9470 226.9112 1.4580 3.6658 1.7266 -19.8502 1.8304 26.1679 0.9743 0.2251
Car -1 -1 3.0181 612.1077 179.5915 647.7497 206.3223 1.5022 3.9717 1.6668 1.1255 1.9294 43.6425 3.0432 0.1854
Car -1 -1 2.3050 1036.3674 177.1757 1242.0000 255.5080 1.5148 3.7386 1.6202 11.6816 1.6241 16.1728 2.9214 0.1730
Car -1 -1 0.5096 171.2390 187.1391 273.9355 232.8689 1.4251 3.6340 1.6121 -13.5904 1.9660 25.4645 0.0233 0.1718
Car -1 -1 -1.1826 5.6913 165.1135 89.7960 193.0628 1.6434 3.5992 1.8365 -34.0782 1.1886 43.7891 -1.8411 0.1672
Car -1 -1 -0.0357 480.6894 171.7169 500.9961 188.5374 1.5552 3.3067 1.7831 -11.3520 1.4504 68.5056 -0.1996 0.1658
Car -1 -1 1.7400 401.7182 174.9209 467.4499 202.4221 1.6500 3.7070 1.6232 -10.7764 1.7801 44.3643 1.5027 0.1592
Car -1 -1 -0.5703 581.0847 178.0322 620.6700 196.6100 1.5310 3.7464 1.6729 -0.8435 1.9952 62.6107 -0.5842 0.1539
