Pedestrian -1 -1 1.2255 662.0229 160.8679 724.6757 274.8549 1.7633 0.7835 0.7731 1.3664 1.4613 11.3978 1.3433 0.4621
Pedestrian -1 -1 2.8236 543.5180 162.8117 580.3015 232.7212 1.7697 0.7805 0.7486 -1.1637 1.3235 18.3941 2.7633 0.4304
Pedestrian -1 -1 -0.1633 792.7072 130.9574 829.9448 237.4840 1.8253 0.7565 0.5101 3.5984 0.9780 12.5142 0.1121 0.4264
Pedestrian -1 -1 2.4578 1112.6262 173.0239 1167.5990 242.2185 1.6431 0.8388 0.6904 12.9823 1.4672 17.2197 3.0965 0.4205
Pedestrian -1 -1 -0.1779 556.3779 136.6489 580.3869 200.0645 1.9410 0.8181 0.6147 -1.1823 0.6004 22.1041 -0.2284 0.2759
Cyclist -1 -1 -1.7091 505.4926 163.3961 579.5089 234.0978 1.7534 1.8014 0.7502 -1.6457 1.3308 18.0971 -1.7964 0.2753
Car -1 -1 0.3761 0.0000 179.2839 57.8330 242.1481 1.5599 3.0039 2.1476 -16.8751 1.5313 19.3095 -0.3322 0.4433
Car -1 -1 2.3212 815.6077 159.9769 955.0707 218.5727 1.6376 1.5789 4.0585 8.4484 1.0656 21.3445 2.6948 0.4233
Car -1 -1 -1.4702 0.0000 190.8598 44.5934 318.7033 1.4862 1.6544 3.6763 -9.5504 1.6709 10.5110 -2.1911 0.3774
Car -1 -1 -0.0406 207.5980 176.9600 238.7822 201.6532 1.5928 3.8882 1.7077 -25.7925 1.3658 47.7106 -0.5318 0.3492
