Pedestrian -1 -1 3.2905 295.2148 164.7331 313.5879 206.0286 1.8554 0.8754 0.6485 -13.9777 1.4909 32.9208 2.8916 0.3068
Pedestrian -1 -1 0.6837 1114.8281 140.4769 1213.1398 277.6875 1.8934 0.9774 0.6610 7.9162 1.4470 10.3951 1.3205 0.2648
Pedestrian -1 -1 -0.3763 877.4879 154.6260 910.7753 217.6214 1.8699 0.8419 0.6708 8.5446 1.3292 21.8383 -0.0084 0.2290
Pedestrian -1 -1 3.5964 77.1299 129.3451 160.6215 283.3148 1.8434 0.8741 0.5361 -6.2261 1.3229 9.1044 3.0099 0.2080
Pedestrian -1 -1 2.0679 418.5525 165.7604 436.0636 195.0306 1.8853 0.9081 0.6401 -11.9027 1.4287 46.8929 1.8204 0.1479
Cyclist -1 -1 3.0049 420.0550 165.9163 434.2079 195.6172 1.8912 2.1351 0.6087 -11.9638 1.4498 47.0457 2.7569 0.2723
Cyclist -1 -1 3.4492 368.3458 181.9054 389.6541 213.9510 1.6867 1.8150 0.5855 -12.6354 2.1926 39.3946 3.1404 0.2154
Cyclist -1 -1 3.3485 347.9217 174.2163 362.6777 199.7606 1.7868 1.8212 0.6322 -18.2032 1.8862 51.5118 3.0102 0.2000
Cyclist -1 -1 -2.9587 493.1560 172.6795 503.7706 194.4539 1.8066 1.8894 0.5508 -9.4173 1.7925 60.8160 -3.1120 0.1926
Cyclist -1 -1 3.1643 295.7886 167.9254 310.7816 209.0400 1.8411 1.8434 0.5925 -14.1747 1.6208 33.2735 2.7641 0.1900
Cyclist -1 -1 2.3749 764.7437 168.5054 788.4135 193.3566 1.8119 1.8439 0.5966 12.3253 1.4952 53.5471 2.5996 0.1821
Cyclist -1 -1 -0.7784 143.1321 170.7996 183.4762 207.7314 1.8171 1.8165 0.6164 -22.3327 1.7164 36.0133 -1.3304 0.1571
Cyclist -1 -1 -0.3722 863.9885 165.9281 906.8352 226.9207 1.7736 1.7197 0.6170 8.2666 1.5725 21.8428 -0.0154 0.1530
Cyclist -1 -1 -0.9547 201.9433 182.6867 239.7073 216.2981 1.8248 1.7792 0.6675 -21.5350 2.3745 39.8684 -1.4474 0.1520
Cyclist -1 -1 -0.5592 780.4839 167.1398 808.5492 199.0144 1.8164 1.9535 0.6451 10.7279 1.4912 42.1443 -0.3120 0.1453
Car -1 -1 -1.0841 212.4901 182.5545 292.5139 210.3389 1.4945 3.5862 1.8184 -20.0259 2.0515 40.4404 -1.5416 0.3529
Car -1 -1 -0.8324 782.8263 173.7189 828.2017 192.6723 1.5479 3.3566 1.8081 16.4775 1.6236 60.9976 -0.5701 0.2691
Car -1 -1 -2.7282 437.6002 174.1079 471.2524 192.0255 1.6191 3.2416 1.9252 -14.4819 1.7394 67.2266 -2.9399 0.2271
Car -1 -1 -0.1197 325.3826 172.4301 356.3466 195.2331 1.5918 3.7363 1.6734 -19.6049 1.5626 52.4088 -0.4762 0.2127
Car -1 -1 2.8013 734.4470 176.9481 767.7094 195.1312 1.4463 3.5044 1.6339 11.6867 1.7980 60.0765 2.9921 0.1732
Car -1 -1 -0.4288 741.8783 176.7837 798.1915 205.1421 1.5242 3.9001 1.6733 9.0895 1.7616 41.4380 -0.2148 0.1699
Car -1 -1 3.6310 0.0000 187.4632 119.7302 244.0400 1.4965 3.6009 1.6222 -16.7905 1.9804 21.9724 2.9842 0.1659
Car -1 -1 -3.1336 600.6537 177.2783 619.8651 195.0345 1.5251 3.7596 1.6753 0.0158 1.9344 64.7972 -3.1338 0.1606
Car -1 -1 3.6089 152.3395 179.5613 224.7083 211.7646 1.5545 3.9723 1.6429 -21.9604 1.9243 37.7031 3.0843 0.1549
