Pedestrian -1 -1 2.3710 1026.6207 148.9921 1104.6705 264.9504 1.7903 0.8210 0.6807 7.2648 1.4222 11.6129 2.9181 0.2895
Pedestrian -1 -1 2.3918 1107.5305 149.4128 1188.4067 269.4850 1.7737 0.7856 0.6261 8.1939 1.4278 11.0846 3.0152 0.2733
Pedestrian -1 -1 3.6138 0.0000 124.4024 83.1219 311.1001 1.7729 0.7828 0.5847 -5.9133 1.3132 7.2890 2.9499 0.2406
Pedestrian -1 -1 2.2982 1076.0376 156.6935 1146.0717 265.0509 1.7344 0.7250 0.6210 8.2517 1.4761 11.9748 2.8896 0.2343
Pedestrian -1 -1 2.1545 1019.8245 167.8080 1060.3254 233.4564 1.7508 0.6809 0.6959 11.6916 1.6166 19.6996 2.6831 0.2250
Pedestrian -1 -1 1.2943 509.0583 165.1746 570.6537 280.2438 1.7602 0.8265 0.6585 -1.1770 1.6431 11.4931 1.1933 0.1951
Pedestrian -1 -1 1.8228 1178.5972 126.9976 1237.4993 230.6292 1.8402 0.7092 0.6152 10.9517 1.0263 13.2777 2.5016 0.1891
Pedestrian -1 -1 -0.8762 964.8376 144.4695 1036.3408 256.3295 1.8141 0.8137 0.6854 6.5445 1.3541 12.2061 -0.3946 0.1633
Pedestrian -1 -1 1.9265 1159.1869 156.1283 1240.1700 271.2961 1.7632 0.8248 0.6852 9.3987 1.5075 11.5741 2.5956 0.1516
Pedestrian -1 -1 0.5951 1020.7791 181.5103 1070.5474 256.7005 1.7864 0.8404 0.7007 10.6657 2.0057 17.7506 1.1280 0.1482
Pedestrian -1 -1 2.8935 475.3378 155.8134 557.2347 321.8717 1.7611 0.8768 0.7252 -1.1345 1.5807 8.1915 2.7587 0.1358
Pedestrian -1 -1 2.4465 942.9504 136.2435 1003.7817 237.0557 1.8434 0.7898 0.6773 6.8140 1.1743 13.6555 2.9003 0.1219
Pedestrian -1 -1 2.0416 1135.3784 140.9113 1206.0857 246.9246 1.7854 0.7730 0.6444 9.7607 1.2478 12.6372 2.6878 0.1075
Pedestrian -1 -1 2.4374 889.7160 152.2391 945.3923 247.5364 1.7800 0.7436 0.6636 5.8779 1.3953 13.9303 2.8285 0.1018
Cyclist -1 -1 0.1760 462.7790 150.6765 546.8203 329.2393 1.7865 1.8905 0.6166 -1.1923 1.5650 8.1716 0.0342 0.3696
Cyclist -1 -1 -0.5892 1009.5380 163.6006 1069.2148 228.3741 1.7029 1.6841 0.5553 11.7169 1.4600 19.8241 -0.0623 0.1672
Cyclist -1 -1 -1.0109 1080.5975 158.0571 1148.0973 211.6956 1.7534 1.7954 0.6720 17.0783 1.2700 24.5405 -0.4089 0.1579
Cyclist -1 -1 -0.7521 1061.0286 150.6754 1182.8020 261.0329 1.6932 1.7544 0.5944 8.3799 1.3533 11.9803 -0.1536 0.1448
Cyclist -1 -1 -0.8186 1018.2170 151.1451 1150.8472 270.3240 1.7453 1.8081 0.6345 7.4516 1.4278 11.5188 -0.2566 0.1371
Cyclist -1 -1 -0.5812 984.8481 165.3793 1060.9089 252.0613 1.6240 1.6787 0.4500 8.1295 1.4843 14.3689 -0.0757 0.1308
Cyclist -1 -1 0.1615 520.9076 163.7116 565.8985 277.3410 1.7123 1.8048 0.4507 -1.1131 1.5748 11.7856 0.0683 0.1262
Cyclist -1 -1 -0.8081 1137.6173 153.2534 1242.0000 268.2325 1.6862 1.7949 0.5574 9.3840 1.3991 11.5058 -0.1368 0.1198
Cyclist -1 -1 -0.7539 870.3453 145.9674 978.5689 246.8345 1.6890 1.7592 0.7923 5.5817 1.2391 13.0416 -0.3581 0.1182
Cyclist -1 -1 -0.9407 1119.6720 139.4975 1242.0000 248.0574 1.7721 1.7496 0.6380 10.0064 1.2280 12.7049 -0.2850 0.1076
Car -1 -1 -2.2872 665.0383 152.2571 770.0914 193.4461 1.6384 4.2363 1.8557 4.5508 0.8194 30.6224 -2.1413 0.1388
Car -1 -1 2.2620 734.9934 163.5455 865.3538 217.2478 1.6657 4.0923 1.7631 6.3240 1.3773 24.5495 2.5107 0.1178
Car -1 -1 3.1220 381.1729 175.3476 554.0798 340.6483 1.5198 3.3668 1.6142 -1.7533 1.5558 8.5040 2.9235 0.1107
Car -1 -1 -0.3258 997.3730 172.5085 1182.8036 271.3886 1.5253 3.7041 1.6251 8.4223 1.5203 13.1175 0.2342 0.1063
