Pedestrian -1 -1 -0.0367 342.8161 148.6562 370.4240 220.8397 1.8802 0.8770 0.6668 -6.8395 1.2503 19.3214 -0.3730 0.5832
Pedestrian -1 -1 3.1638 296.9864 131.9074 334.0403 235.7585 1.8700 0.6694 0.6210 -5.5161 1.1330 13.4125 2.7802 0.3800
Cyclist -1 -1 3.2647 394.0648 172.3369 407.1735 201.0278 1.8219 1.8634 0.5919 -13.5988 1.7894 46.7820 2.9830 0.6182
Cyclist -1 -1 2.7501 524.9072 179.4166 549.2680 212.0959 1.7057 1.8801 0.6398 -3.9919 2.0700 39.0315 2.6483 0.2944
Car -1 -1 -1.8111 741.0057 182.5453 902.9537 290.0113 1.4906 1.6490 4.0997 3.3720 1.6858 12.4412 -1.5535 0.7871
Car -1 -1 1.4690 568.8233 176.4457 628.5789 227.1947 1.5185 1.5791 3.7389 -0.4911 1.6471 23.8152 1.4479 0.6154
Car -1 -1 -0.0831 585.2023 179.1637 632.3651 216.3516 1.5689 3.5242 1.8505 -0.1499 1.8730 32.8971 -0.0883 0.4829
Car -1 -1 -2.6393 387.7826 174.1928 508.1906 222.2569 1.5774 1.7079 3.7241 -5.6537 1.6268 25.0900 -2.8592 0.4736
Car -1 -1 -1.6031 130.1512 182.4924 306.2305 343.1655 1.5261 1.6085 3.6996 -5.0010 1.6748 9.0953 -2.0941 0.4680
Car -1 -1 -3.0241 553.8951 177.0498 589.3379 202.9254 1.5384 3.3310 1.8403 -2.3961 1.8114 45.1736 -3.0773 0.4277
Car -1 -1 3.3739 0.0000 180.4162 67.0913 222.5817 1.5520 3.3865 1.6581 -23.3976 1.8773 29.1162 2.7013 0.3822
Car -1 -1 -2.0301 469.3977 178.7022 531.4045 210.8747 1.5152 1.8626 3.2229 -5.6170 1.8265 36.5074 -2.1821 0.3681
Car -1 -1 3.4035 349.2594 182.0377 456.2451 252.8217 1.5127 3.6851 1.6080 -5.0103 1.7626 17.7478 3.1316 0.3050
