Pedestrian -1 -1 -0.7415 968.1279 151.6856 1022.1104 239.0058 1.8316 0.8033 0.6586 8.2690 1.3879 15.6051 -0.2625 0.7212
Pedestrian -1 -1 2.0637 1181.2886 140.6327 1242.0000 254.0683 1.8079 0.8710 0.6319 10.1485 1.2948 12.0199 2.7525 0.2560
Pedestrian -1 -1 -0.1205 727.0558 163.5019 750.5283 219.2469 1.8481 0.9629 0.6663 4.3056 1.5384 24.4159 0.0514 0.2202
Pedestrian -1 -1 -0.2139 873.5527 172.9906 900.7070 223.5372 1.7456 0.7449 0.7452 9.6812 1.7508 25.3397 0.1466 0.2087
Cyclist -1 -1 -0.3453 722.0116 163.4823 760.1768 217.6384 1.7684 1.7310 0.7224 4.3811 1.4628 24.4730 -0.1708 0.3672
Cyclist -1 -1 3.6064 128.0536 207.6571 213.8662 339.5765 1.5858 1.4253 0.3848 -5.9618 2.0928 9.7775 3.0703 0.3138
Cyclist -1 -1 0.3094 374.5139 191.5949 405.2698 255.2437 1.6020 1.4985 0.3482 -5.9363 2.1246 19.3519 0.0149 0.2760
Cyclist -1 -1 2.5234 767.5775 171.6264 799.5720 205.2058 1.7251 1.8845 0.6676 9.1044 1.6624 38.0648 2.7559 0.2269
Cyclist -1 -1 0.2576 343.0636 165.7605 360.5514 195.2779 1.8454 1.9487 0.5737 -16.5181 1.4023 46.1034 -0.0848 0.2269
Cyclist -1 -1 -1.9344 1142.5194 146.2464 1229.5789 212.8175 1.7750 1.7639 0.6123 15.7199 1.0659 19.7890 -1.2705 0.2133
Cyclist -1 -1 -0.2840 644.9089 175.4128 658.9626 197.7683 1.7140 1.7782 0.6217 3.2489 1.9179 56.4677 -0.2273 0.2106
Cyclist -1 -1 1.4349 1064.0946 157.0714 1201.3644 255.3967 1.7080 1.9577 0.7662 9.5241 1.4342 13.3184 2.0448 0.2017
Car -1 -1 1.8541 292.5767 188.8951 380.9086 243.2650 1.4952 1.6535 3.6014 -8.5648 2.0436 22.7914 1.4979 0.6827
Car -1 -1 3.2955 235.4238 190.8360 308.3826 239.0752 1.4919 3.5240 1.8207 -11.9927 2.1814 25.7067 2.8625 0.5527
Car -1 -1 3.2348 460.7960 183.4124 492.2977 208.6995 1.5201 3.8253 1.6688 -8.6822 2.2373 47.0045 3.0527 0.4645
Car -1 -1 -0.1626 592.7749 176.7660 629.0984 202.0981 1.5108 3.6460 1.7172 -0.0146 1.7687 45.5660 -0.1635 0.3923
Car -1 -1 -0.3402 671.5898 178.6121 720.7685 205.9575 1.4884 3.7992 1.6693 4.9456 1.8415 42.1655 -0.2248 0.2463
Car -1 -1 1.9719 378.0670 191.5240 481.1076 231.3367 1.5169 3.7485 1.6947 -7.4246 2.3145 29.6790 1.7283 0.1974
