Pedestrian -1 -1 1.3003 872.2252 163.7030 946.2952 285.4660 1.7233 0.8547 0.6421 4.3503 1.4200 10.5366 1.6822 0.3301
Pedestrian -1 -1 -0.3866 807.6508 159.1565 868.7981 270.1885 1.7744 0.8705 0.6831 3.7641 1.3591 11.9483 -0.0885 0.3135
Pedestrian -1 -1 2.5000 720.6932 168.4604 753.2766 222.4252 1.7812 0.8332 0.7271 4.3162 1.2293 24.2597 2.6737 0.2686
Pedestrian -1 -1 1.5655 275.9853 147.8817 387.3479 371.7162 1.8050 0.8607 0.7124 -2.4555 1.5051 6.2792 1.2068 0.2592
Pedestrian -1 -1 -2.9205 471.0570 168.0619 505.3533 242.4050 1.7951 0.8575 0.6667 -2.9972 1.3820 17.8008 -3.0852 0.2071
Cyclist -1 -1 -0.0935 673.9794 184.4865 693.9285 243.9473 1.5419 1.5267 0.3864 2.0016 1.5241 19.4014 0.0073 0.3539
Cyclist -1 -1 3.3296 303.4698 144.4866 392.4491 336.9855 1.8127 1.7916 0.5539 -2.7780 1.4303 7.6924 2.9939 0.2563
Cyclist -1 -1 -0.4629 1117.5806 116.4069 1241.0000 351.8502 1.7965 1.8440 0.5208 5.2622 1.2726 6.4368 0.2011 0.2309
Cyclist -1 -1 -2.7754 387.5833 161.5264 437.7489 236.2429 1.7805 1.7647 0.6219 -4.9123 1.2171 18.0368 -3.0378 0.2106
Cyclist -1 -1 3.5059 37.3799 76.3423 197.1770 329.1900 1.7793 1.7446 0.4665 -4.0217 1.0143 5.9564 2.9334 0.2038
Car -1 -1 0.4287 563.9639 178.4608 633.2868 214.2952 1.5438 2.9040 2.1447 -0.4069 1.2539 32.7276 0.4159 0.5815
Car -1 -1 0.1368 329.2560 183.6201 396.9574 233.4803 1.5030 3.4433 1.6293 -7.9566 1.4560 23.5082 -0.1864 0.5562
Car -1 -1 -1.7495 382.0296 176.1737 443.9843 214.9660 1.5366 2.0242 2.9280 -8.2644 1.1795 30.2267 -2.0145 0.4756
Car -1 -1 1.7185 471.3051 190.9635 533.8046 236.0063 1.4823 1.7187 3.5485 -3.7514 1.7047 25.8853 1.5755 0.3002
Car -1 -1 2.9737 626.3251 177.4331 665.6909 204.8367 1.4823 3.6534 1.6319 2.0957 1.0625 40.7908 3.0243 0.2794
Car -1 -1 3.5375 0.0000 68.9516 288.5010 376.0000 1.6147 3.9414 1.7665 -3.3674 1.2463 4.4003 2.9138 0.2022
