Cyclist -1 -1 -2.8969 435.4687 177.9420 450.9036 206.0585 1.5876 1.5636 0.5082 -9.6925 1.8883 41.8089 -3.1237 0.5294
Cyclist -1 -1 -0.0119 0.0000 171.6107 43.7408 270.6214 1.6831 1.8842 0.5935 -10.8018 1.6623 13.1785 -0.6888 0.4066
Car -1 -1 2.0618 0.0000 203.5760 262.9655 367.6134 1.4650 1.6705 3.3465 -5.8330 1.9151 8.8254 1.4911 0.8133
Car -1 -1 -1.6825 667.5977 177.2655 724.3930 223.0713 1.5519 1.6498 3.7995 3.0654 1.7272 26.7100 -1.5702 0.7962
Car -1 -1 1.2935 742.6166 180.9875 904.8582 287.7653 1.4968 1.6195 3.6382 3.3660 1.6556 12.2224 1.5550 0.7678
Car -1 -1 -1.2466 312.4496 187.3879 439.7849 259.3790 1.5259 1.9277 3.5947 -5.6759 1.9223 17.8405 -1.5510 0.7433
Car -1 -1 3.2828 460.7448 178.9362 507.9434 215.1062 1.5273 3.5495 1.6324 -5.7053 1.8199 32.8677 3.1118 0.7088
Car -1 -1 -1.7976 695.6078 179.1604 803.7726 250.8017 1.5391 1.6832 4.2674 3.2905 1.7163 18.0544 -1.6211 0.6586
Car -1 -1 -2.3421 980.6927 192.9980 1242.0000 375.0000 1.5495 1.6869 4.0386 3.0807 1.6796 2.5875 -1.5254 0.5833
Car -1 -1 -1.7247 658.4831 178.0936 709.0658 216.0520 1.5480 1.6441 3.7908 3.1565 1.7940 31.8962 -1.6276 0.5571
Car -1 -1 3.1365 487.3967 182.0899 520.9457 212.5302 1.4801 3.7453 1.6752 -5.6573 1.9955 38.2579 2.9902 0.5369
Car -1 -1 0.3505 79.1953 184.8793 186.8297 238.9245 1.4890 3.6917 1.6407 -14.9331 1.9014 22.7407 -0.2254 0.4761
Car -1 -1 3.3284 111.0828 184.2827 213.8035 250.2562 1.4527 3.4417 1.5915 -11.3483 1.7750 18.4313 2.7827 0.4332
