Pedestrian -1 -1 -0.4300 868.1567 147.4631 906.6783 218.9338 1.8175 0.8236 0.6472 7.1630 1.1722 18.7802 -0.0712 0.3895
Pedestrian -1 -1 2.6691 955.5010 133.2731 997.3999 214.4007 1.8702 0.6195 0.6657 8.5488 0.9581 16.9448 3.1292 0.3618
Pedestrian -1 -1 1.3503 137.8764 190.1745 175.1306 245.4423 1.6918 0.8847 0.6514 -14.4805 2.2566 22.9668 0.7927 0.2350
Cyclist -1 -1 -1.0464 189.1106 196.4112 255.7905 258.0275 1.9273 1.7827 0.6996 -12.5141 2.6989 23.2383 -1.5360 0.2222
Car -1 -1 -0.2608 599.2719 173.1485 833.9418 264.0889 1.5891 1.5912 4.1195 1.8822 1.5955 13.6643 -0.1279 0.6360
Car -1 -1 1.2070 449.3391 187.4456 494.6402 213.2910 1.5141 2.0161 2.6351 -8.8077 2.4737 45.7815 1.0175 0.5227
Car -1 -1 1.7792 365.4160 177.6668 427.5335 202.0097 1.6648 3.9200 1.7121 -15.0039 2.0104 50.7467 1.4928 0.4806
Car -1 -1 1.6089 550.1915 181.7107 578.3181 206.1519 1.5282 1.7432 3.7809 -3.0624 2.1463 48.4100 1.5455 0.4225
Car -1 -1 0.1673 308.4543 179.6957 344.7047 205.8469 1.6129 3.8622 1.6019 -18.6886 2.0844 47.6281 -0.2050 0.3929
Car -1 -1 0.2650 604.2496 176.6641 657.3026 202.3104 1.6074 2.2669 2.9805 1.3518 1.8649 47.1852 0.2929 0.3340
Car -1 -1 3.3200 398.2212 185.0751 436.0164 210.9337 1.4893 3.6814 1.6610 -12.0803 2.2884 45.2535 3.0601 0.2979
