Pedestrian -1 -1 -0.1141 0.0000 135.0674 58.0397 264.7557 1.8502 0.8111 0.6494 -8.7954 1.3115 10.8074 -0.7853 0.4935
Car -1 -1 -1.9058 747.4828 181.7421 955.1728 317.2650 1.5020 1.5606 3.5354 3.0547 1.6482 10.0344 -1.6197 0.7736
Car -1 -1 -1.7681 701.2845 176.2482 832.5721 270.2632 1.6251 1.7467 4.2192 2.9628 1.7047 14.7348 -1.5746 0.7681
Car -1 -1 3.3989 248.7670 188.3526 438.2303 322.8511 1.4967 3.5715 1.6117 -3.6137 1.7576 10.2902 3.0683 0.6999
Car -1 -1 3.3596 376.8315 171.3527 504.1464 260.9871 1.7135 4.4570 1.7882 -3.6177 1.6852 16.0205 3.1403 0.5746
Car -1 -1 3.1406 497.8247 177.4283 528.1863 203.5532 1.5648 3.6626 1.8359 -6.1943 1.8680 45.8312 3.0066 0.5057
Car -1 -1 -1.5642 706.7072 178.2782 768.6161 237.8039 1.5474 1.6280 3.8494 3.6928 1.7222 21.1631 -1.3946 0.4991
Car -1 -1 0.1648 363.3076 179.3836 400.4050 203.8447 1.4692 3.2641 1.7406 -14.5325 1.9016 45.9992 -0.1399 0.4709
Car -1 -1 -0.7567 745.4739 174.9612 837.1364 214.1698 1.5370 3.7025 1.6607 7.5521 1.6324 30.5195 -0.5169 0.3500
Car -1 -1 -0.2575 605.1748 168.7205 643.9380 193.7572 1.5222 3.4536 1.6228 0.8509 1.2712 45.7357 -0.2394 0.3122
Car -1 -1 2.1140 558.6115 175.8789 619.2473 198.7804 1.5351 3.9427 1.6769 -1.5140 1.7543 50.5075 2.0837 0.2840
