Pedestrian -1 -1 2.9355 358.3620 137.7006 430.1737 295.6707 1.8254 0.9721 0.6660 -2.7358 1.4195 8.9208 2.6453 0.5073
Pedestrian -1 -1 1.7249 296.2010 145.3624 409.8658 344.0414 1.8213 0.9596 0.5439 -2.5093 1.5696 6.9654 1.3900 0.4616
Pedestrian -1 -1 -2.2701 1107.5902 173.7099 1166.4109 253.5290 1.7199 0.7311 0.7611 11.5962 1.7397 15.9622 -1.6512 0.3218
Pedestrian -1 -1 -0.3377 602.5596 167.0720 624.9542 211.9415 1.8286 0.8685 0.6777 0.1096 1.5933 29.9236 -0.3347 0.2849
Pedestrian -1 -1 3.1087 48.8543 159.2214 72.2792 217.7532 1.8380 0.8457 0.5741 -17.6893 1.4103 23.1643 2.4620 0.2566
Pedestrian -1 -1 2.0385 961.8283 165.0435 983.4815 200.7880 1.8197 0.7968 0.6391 18.6800 1.4225 37.2407 2.4999 0.2161
Cyclist -1 -1 3.3588 0.0000 191.9034 31.0914 264.0860 1.5485 1.6265 0.4108 -13.9421 2.0121 16.7258 2.6716 0.4184
Cyclist -1 -1 2.2234 928.8337 154.4038 975.7068 198.6285 1.8372 1.8427 0.5708 14.6060 1.0711 30.9213 2.6608 0.2232
Cyclist -1 -1 0.1060 150.5992 178.5003 184.0722 231.0926 1.5786 1.6689 0.7220 -13.9890 1.7642 22.7586 -0.4402 0.2160
Car -1 -1 -3.1124 582.3552 178.5472 820.2795 271.0720 1.5781 1.6468 4.1698 1.6303 1.6942 13.5572 -2.9964 0.6290
Car -1 -1 -2.5118 167.4157 181.1652 220.7258 202.8825 1.5009 3.5083 1.6457 -30.5768 2.1340 53.0992 -3.0323 0.3282
Car -1 -1 2.1002 239.7323 177.1172 286.0617 194.3665 1.5606 3.4619 1.7376 -32.1242 1.9615 66.7838 1.6532 0.2686
Car -1 -1 0.0110 219.8734 174.1516 246.8204 197.1996 1.5632 3.6619 1.6405 -26.7066 1.6592 51.1657 -0.4682 0.2610
Car -1 -1 2.0467 242.8911 180.8603 294.5736 199.3626 1.5732 3.6701 1.8079 -29.8629 2.2851 63.1545 1.6064 0.2489
Car -1 -1 -0.3664 700.9453 178.5170 738.5978 197.9502 1.5442 3.9285 1.8363 9.1646 2.0375 60.6816 -0.2177 0.2371
Car -1 -1 2.7558 512.8484 182.9734 553.1343 204.7605 1.5199 3.7600 1.7228 -5.8585 2.3109 54.3127 2.6484 0.1937
Car -1 -1 3.1873 189.1233 180.9929 214.5063 200.2319 1.5481 3.7554 1.7203 -34.9857 2.2696 61.8657 2.6742 0.1808
