Pedestrian -1 -1 2.2088 1072.7947 169.3503 1122.3235 239.0744 1.7323 0.8294 0.6409 12.3923 1.6456 18.4228 2.7930 0.2110
Pedestrian -1 -1 -0.7950 743.0444 170.4052 756.7974 195.6852 1.7657 0.7620 0.5820 9.8356 1.5950 50.8725 -0.6055 0.1741
Pedestrian -1 -1 0.0973 149.1687 182.3637 163.8981 210.2062 1.7130 0.5386 0.7296 -28.3545 2.3127 45.0690 -0.4618 0.1708
Cyclist -1 -1 0.1141 216.6340 177.4380 226.7032 196.7813 1.7557 1.8085 0.6190 -36.0160 2.1871 66.8937 -0.3784 0.2321
Cyclist -1 -1 2.2379 1160.7987 160.8547 1242.0000 251.4852 1.7833 1.8937 0.5432 12.6691 1.5475 15.1777 2.9235 0.1906
Cyclist -1 -1 -0.1360 831.9631 201.4157 883.7149 350.4122 1.4477 1.3664 0.3303 2.6613 1.7918 7.9785 0.1733 0.1640
Car -1 -1 -1.6282 571.0749 173.0142 623.2343 219.4829 1.5924 1.6930 3.8961 -0.5875 1.5991 26.7457 -1.6506 0.6880
Car -1 -1 3.4667 235.2439 178.6253 284.8664 204.6641 1.5512 3.9203 1.6719 -22.2424 1.9354 45.9376 3.0178 0.4777
Car -1 -1 -2.2917 30.9937 181.0435 106.3726 206.1890 1.5438 3.8443 1.6587 -35.7194 2.1088 47.6867 -2.9321 0.3153
Car -1 -1 -0.2718 723.0290 179.7463 758.1604 200.8912 1.4912 3.7695 1.6297 9.7234 2.0271 54.1090 -0.0954 0.2542
Car -1 -1 0.1700 486.6096 176.4650 517.4000 198.1186 1.5660 3.8408 1.6860 -8.1829 1.8501 54.7632 0.0220 0.2229
Car -1 -1 1.9235 169.2955 182.3723 263.9214 214.2608 1.5147 3.7923 1.7187 -19.6262 2.0056 36.0600 1.4280 0.1861
Car -1 -1 2.9198 463.3465 180.4408 501.9122 205.6255 1.5342 3.8656 1.6772 -8.4250 2.0544 47.3280 2.7442 0.1814
Car -1 -1 -0.4349 640.2382 179.6621 679.1973 200.0962 1.4932 3.6421 1.6295 3.7982 2.0412 56.0425 -0.3680 0.1619
