Pedestrian -1 -1 1.7111 292.3416 142.6369 410.1051 345.1266 1.8497 0.9984 0.5621 -2.5228 1.5740 6.9613 1.3744 0.5337
Pedestrian -1 -1 3.0577 363.3531 141.9510 427.4593 299.2051 1.8188 0.9584 0.6811 -2.7203 1.4617 8.9128 2.7688 0.5329
Pedestrian -1 -1 2.7677 603.4920 172.0394 625.9573 215.2238 1.7604 0.8195 0.6775 0.1503 1.7275 29.9143 2.7720 0.4536
Pedestrian -1 -1 -0.2861 293.2823 163.7857 311.2377 204.2849 1.7991 0.7728 0.5496 -13.9141 1.3966 32.5234 -0.6877 0.2402
Cyclist -1 -1 -1.6600 623.8663 166.7564 650.1404 191.2020 1.7717 1.8686 0.6022 1.9379 1.3301 52.6401 -1.6237 0.3437
Cyclist -1 -1 -0.3570 1113.5814 170.1326 1164.3627 245.1498 1.5810 1.5323 0.3796 11.6492 1.5240 15.9933 0.2633 0.2742
Cyclist -1 -1 -1.4331 715.6221 173.6095 750.3176 205.5161 1.7488 1.8313 0.6629 6.8109 1.7918 40.1619 -1.2669 0.2618
Car -1 -1 -1.9934 829.7753 163.4851 993.5386 247.6344 1.7286 1.8690 4.3799 6.8374 1.5365 17.0515 -1.6187 0.6032
Car -1 -1 1.3056 701.5717 176.4142 749.9442 204.8957 1.5668 1.9057 3.5493 6.6529 1.7838 42.0254 1.4610 0.5966
Car -1 -1 2.9938 638.1194 174.7833 673.5693 201.2489 1.5389 3.6184 1.6366 2.7266 1.6622 44.0985 3.0546 0.5703
Car -1 -1 -2.4311 799.9136 177.3291 872.2385 206.1983 1.5334 1.5891 3.7947 12.7472 1.8006 40.9811 -2.1321 0.5332
Car -1 -1 2.0918 237.4327 176.6481 284.7078 193.8569 1.5584 3.5413 1.7455 -32.2895 1.9152 66.7783 1.6428 0.3656
Car -1 -1 1.1877 789.7192 181.8656 855.0673 216.2200 1.5417 1.8182 3.6423 10.2701 2.0065 35.2812 1.4682 0.2801
Car -1 -1 2.9497 622.7615 171.1326 654.1469 192.8882 1.5777 3.5741 1.6987 2.0760 1.4532 54.2198 2.9874 0.2678
