Pedestrian -1 -1 2.7056 803.6509 110.7304 864.2647 249.6405 1.8606 0.7666 0.5273 3.0617 1.0289 10.0801 2.9919 0.5107
Cyclist -1 -1 -1.6418 509.6812 174.0338 536.5682 200.2982 1.8287 1.8376 0.6324 -6.1439 1.9129 50.7643 -1.7620 0.3020
Car -1 -1 -2.0481 813.1296 175.9398 1242.0000 375.0000 1.5736 1.6416 3.8127 2.9910 1.6072 5.8441 -1.5965 0.7815
Car -1 -1 1.6351 263.7192 181.1822 406.9934 294.4001 1.5735 1.9671 3.1110 -4.4855 1.7335 12.0553 1.2854 0.7590
Car -1 -1 0.9257 0.0000 193.2922 346.9135 375.0000 1.5007 3.0638 2.0790 -4.4509 1.7457 6.8302 0.3653 0.7424
Car -1 -1 -1.8123 702.7086 175.9574 832.9982 266.2542 1.5403 1.6061 3.8072 2.9265 1.6109 14.3773 -1.6165 0.7328
Car -1 -1 1.7486 379.8112 177.1330 479.2921 253.2165 1.6197 1.6580 3.9494 -4.3134 1.7364 17.6053 1.5111 0.6810
Car -1 -1 -1.7610 677.3093 175.3402 767.8654 238.2097 1.6150 1.8361 3.7900 3.0547 1.6931 20.6209 -1.6168 0.6700
Car -1 -1 2.7968 577.4761 175.8306 607.2439 192.7752 1.5508 3.1727 1.8584 -1.7160 1.8412 68.4875 2.7715 0.4022
Car -1 -1 3.1187 517.4276 176.4007 541.0768 198.4393 1.5252 3.5439 1.6212 -5.9189 1.7923 52.3966 3.0064 0.3880
