Pedestrian -1 -1 -0.1480 69.2545 132.5388 125.9937 260.0654 1.8255 0.8588 0.5806 -7.7552 1.2487 10.8371 -0.7577 0.4484
Pedestrian -1 -1 2.5446 847.8077 154.6305 875.3627 206.0261 1.8912 0.7538 0.6629 9.3659 1.2210 26.9979 2.8747 0.3485
Cyclist -1 -1 -0.2489 667.4009 180.9226 682.3017 205.8817 1.7077 1.7925 0.6208 4.5381 2.2878 50.9039 -0.1611 0.3432
Car -1 -1 1.8044 201.6672 191.0667 445.3978 375.0000 1.4973 1.6012 3.4939 -2.8785 1.7428 7.8841 1.4639 0.7252
Car -1 -1 -1.8416 678.0071 177.7182 859.7485 302.2596 1.5860 1.6594 4.1833 2.2285 1.6785 11.5092 -1.6563 0.6817
Car -1 -1 1.3831 615.9087 179.6611 654.8833 205.2545 1.5081 1.8578 3.2485 1.5190 1.9514 45.1928 1.4160 0.5877
Car -1 -1 1.9503 127.9737 176.8263 355.6103 262.7497 1.6036 3.7215 1.7101 -7.3230 1.6897 14.5568 1.4911 0.5332
Car -1 -1 1.6158 449.6765 172.2064 525.3434 204.5410 1.8133 4.2149 1.8871 -7.0493 1.7774 41.6547 1.4488 0.4576
Car -1 -1 2.0077 274.9802 184.1199 430.3975 243.2354 1.4724 3.5298 1.7527 -6.8975 1.7923 19.4148 1.6701 0.4549
Car -1 -1 1.7080 394.6918 179.4310 490.3667 219.3563 1.5451 3.5721 1.8223 -6.7810 1.8226 29.3367 1.4823 0.3984
Car -1 -1 2.6646 497.8493 178.2418 541.6882 200.0499 1.5467 3.8565 1.6852 -6.8460 1.9677 54.2581 2.5393 0.3732
Car -1 -1 2.8470 445.0520 176.6469 500.3189 209.9416 1.5388 3.6392 1.7059 -6.8998 1.7379 35.8092 2.6576 0.3236
Car -1 -1 1.5991 677.0029 178.2086 732.9971 201.8641 1.4924 3.5646 1.7411 6.1924 1.8513 47.1742 1.7283 0.3166
Car -1 -1 2.3980 384.1882 178.7985 490.1383 224.3945 1.5343 3.7884 1.6499 -6.4127 1.7672 26.4722 2.1621 0.3092
