Pedestrian -1 -1 -0.7271 842.6417 152.2022 909.1181 259.1495 1.7690 0.8208 0.7075 4.5235 1.4278 12.4456 -0.3868 0.3320
Pedestrian -1 -1 2.1150 1203.2393 159.7633 1242.0000 242.0194 1.7477 0.7927 0.7139 13.6368 1.4699 15.8171 2.8169 0.1977
Pedestrian -1 -1 2.0737 1019.9162 163.7174 1056.3489 217.6406 1.7705 0.8328 0.6706 14.3214 1.4708 24.2172 2.6020 0.1856
Pedestrian -1 -1 2.4424 1059.4872 161.6638 1099.5696 219.9385 1.7484 0.8055 0.6641 14.3188 1.4130 22.0878 3.0111 0.1729
Cyclist -1 -1 2.4643 956.7868 162.5630 1000.2580 205.5707 1.8666 1.9370 0.6593 16.4471 1.4203 32.3297 2.9309 0.3236
Cyclist -1 -1 -0.8231 890.0173 175.7537 922.6990 205.6438 1.6738 1.8312 0.5791 17.0123 1.8450 41.5397 -0.4373 0.3002
Cyclist -1 -1 3.1742 133.0716 183.2002 142.5095 204.5397 1.6489 1.7402 0.5711 -37.6567 2.4867 57.5080 2.5963 0.2124
Cyclist -1 -1 2.3023 989.7244 159.7235 1032.3829 197.4437 1.7681 1.8492 0.6248 19.2801 1.1530 34.7945 2.8045 0.1817
Cyclist -1 -1 -3.3107 934.2437 166.8408 954.5395 197.5200 1.7380 1.6836 0.7875 19.3204 1.3977 41.7879 -2.8806 0.1612
Car -1 -1 -1.7257 282.4949 190.6822 329.6925 223.5705 1.5809 1.7872 3.8091 -16.5170 2.5976 39.0372 -2.1240 0.4970
Car -1 -1 3.1318 112.2272 182.4525 140.5035 202.8988 1.5430 3.5313 1.8507 -39.1044 2.3452 58.2888 2.5428 0.2544
Car -1 -1 1.3971 707.5392 166.5571 841.4880 254.3769 1.5416 1.9761 3.5183 3.0788 1.4314 14.4524 1.6020 0.2370
Car -1 -1 0.2151 31.3162 181.7156 84.1808 211.5400 1.6572 4.1385 1.6846 -33.3594 2.2210 43.6461 -0.4348 0.2369
Car -1 -1 -1.6289 886.0518 176.2853 930.4504 194.0865 1.5158 3.4985 1.8990 26.1700 1.8250 63.4687 -1.2398 0.2075
Car -1 -1 3.1605 183.5076 187.9717 212.0522 211.1473 1.5538 4.0708 1.7537 -30.5262 2.7205 53.4582 2.6435 0.1919
Car -1 -1 2.3691 914.3569 178.9518 969.8750 200.0640 1.5091 3.7259 1.7072 25.1399 1.9898 54.7945 2.7968 0.1672
Car -1 -1 3.4682 335.4352 181.2817 372.3743 200.8479 1.5257 3.5941 1.8180 -21.1418 2.2437 59.6277 3.1286 0.1618
