Pedestrian -1 -1 2.1660 766.5663 129.1288 887.0598 335.6073 1.8294 0.9149 0.6305 2.0194 1.4423 6.9427 2.4366 0.3904
Pedestrian -1 -1 3.4606 77.6417 163.9992 191.1333 348.8191 1.7986 0.8268 0.7590 -4.9707 1.7128 7.5133 2.8918 0.3677
Pedestrian -1 -1 1.1149 616.6436 169.0640 631.5068 192.1201 1.8220 1.0394 0.5698 1.0965 1.5229 57.4960 1.1335 0.3320
Cyclist -1 -1 0.1994 453.0912 179.4390 479.5782 229.6408 1.6390 1.7335 0.5557 -4.9373 1.8722 24.6489 0.0032 0.4245
Cyclist -1 -1 2.8624 506.0390 174.1314 527.9307 203.8053 1.7267 1.8939 0.8042 -5.6007 1.8051 43.0991 2.7335 0.3219
Car -1 -1 -2.7824 325.9998 173.0209 471.5578 233.2671 1.7156 1.6931 3.8200 -6.2838 1.7212 21.5429 -3.0635 0.5880
Car -1 -1 -2.7503 240.4788 187.4365 434.2261 258.4145 1.5038 1.5781 3.8335 -6.1884 1.8550 16.4975 -3.1045 0.5363
Car -1 -1 3.4708 272.5236 179.5446 426.8600 245.7262 1.6631 1.6229 3.5120 -6.8613 1.8486 19.1288 3.1303 0.5335
Car -1 -1 -2.5998 57.6029 176.3001 355.3980 283.9808 1.5607 1.5874 3.8496 -6.2823 1.6198 11.3957 -3.0943 0.5173
Car -1 -1 1.5700 453.4734 178.8523 504.8440 220.4454 1.5206 1.8962 3.2936 -5.2406 1.7743 28.6822 1.3904 0.4941
Car -1 -1 -0.4321 962.4946 166.6186 1057.5294 213.4422 1.5438 3.5306 1.5896 14.0300 1.3386 25.5995 0.0641 0.4704
Car -1 -1 -2.3115 0.0000 167.6201 216.9574 355.4059 1.5325 1.5975 3.7551 -6.0896 1.4901 6.9157 -3.0146 0.4038
Car -1 -1 1.9560 276.6565 180.2594 361.8260 212.1826 1.4991 3.4902 1.6134 -14.1256 1.8678 35.0725 1.5754 0.3156
Car -1 -1 -0.7693 791.6450 168.9447 838.2820 188.4768 1.5862 3.7020 1.6544 17.1568 1.2691 60.6158 -0.4951 0.3026
Car -1 -1 2.8730 627.4900 176.0022 659.7319 195.6590 1.5691 3.9173 1.7090 2.7507 1.8421 60.3669 2.9179 0.2968
