Pedestrian -1 -1 -3.4864 846.5675 152.1570 917.0179 284.2630 1.7633 0.8331 0.6652 3.7443 1.3231 10.0088 -3.1379 0.2834
Pedestrian -1 -1 2.4964 731.2167 164.3136 767.0681 224.0185 1.8093 0.8614 0.7173 4.3435 1.1770 22.3248 2.6859 0.2673
Pedestrian -1 -1 0.1698 390.0278 155.9773 425.7555 237.9389 1.8253 0.8053 0.6601 -4.6079 1.1753 16.4390 -0.0994 0.2253
Cyclist -1 -1 -0.0306 684.6209 186.2381 704.4576 253.4551 1.5515 1.4870 0.4213 2.0407 1.5784 17.3703 0.0840 0.3204
Cyclist -1 -1 3.4195 228.0234 136.0856 360.8979 376.0000 1.8182 1.7717 0.5797 -2.7253 1.4497 6.3170 3.0273 0.3037
Cyclist -1 -1 -3.7204 1073.7151 130.9010 1241.0000 376.0000 1.7568 1.8936 0.6180 4.2703 1.4279 5.3309 -3.0705 0.2794
Cyclist -1 -1 2.6663 669.6804 178.7054 694.6660 210.5408 1.6897 1.7308 0.6242 4.0036 1.3453 39.0699 2.7673 0.2626
Car -1 -1 3.3406 297.2863 179.4292 379.0501 234.9384 1.5350 3.3598 1.6607 -8.0666 1.3761 21.6624 2.9879 0.5981
Car -1 -1 3.1347 580.1783 178.0702 620.3680 214.9256 1.5619 3.9433 1.7041 -0.3909 1.2602 32.4478 3.1223 0.5173
Car -1 -1 3.3693 366.3360 179.8784 430.7779 220.4342 1.4924 3.3132 1.7121 -8.1543 1.2971 28.1479 3.0896 0.4438
Car -1 -1 3.0042 257.2510 178.8952 316.1789 220.9132 1.5248 3.5889 1.6236 -12.6048 1.2965 28.0347 2.5850 0.4152
Car -1 -1 2.0228 0.0000 102.8908 352.2793 376.0000 1.6851 2.0161 3.9911 -3.3188 1.3630 4.9176 1.4543 0.3876
Car -1 -1 -1.4510 466.8842 190.8622 528.0615 238.0260 1.4735 1.6635 3.4878 -3.7471 1.6822 24.6466 -1.6008 0.3775
Car -1 -1 -0.1936 626.9867 177.6357 669.5361 206.6348 1.4881 3.5936 1.6189 2.1063 1.1003 38.7776 -0.1402 0.2816
