Pedestrian -1 -1 2.4581 815.2246 99.3869 889.4493 249.1976 1.8703 0.7672 0.5607 3.1126 0.9534 9.4647 2.7663 0.5051
Pedestrian -1 -1 -1.7528 0.4126 129.9201 86.1509 293.5326 1.8769 0.7126 0.6905 -6.9431 1.3847 8.7703 -2.4079 0.3878
Car -1 -1 -1.7734 704.0015 178.6963 847.3878 282.9189 1.5468 1.6389 4.0507 2.7235 1.6685 12.9593 -1.5720 0.7914
Car -1 -1 1.7092 403.0421 185.0944 489.0289 248.6625 1.5220 1.8029 3.7643 -4.4704 1.8942 19.9706 1.4911 0.7633
Car -1 -1 -2.0584 850.1316 185.9685 1242.0000 375.0000 1.4829 1.5749 3.6453 3.0888 1.6133 5.3201 -1.5573 0.7597
Car -1 -1 1.6097 456.7693 179.8724 510.6521 229.3928 1.5770 1.7248 3.4768 -4.4101 1.8416 25.3323 1.4385 0.7229
Car -1 -1 -1.7490 681.5176 176.7601 771.7482 243.2858 1.5727 1.6707 3.8917 2.9449 1.6880 19.2557 -1.6004 0.6758
Car -1 -1 -1.7144 660.7040 176.8501 719.6656 222.1830 1.6032 1.6870 3.9926 2.9779 1.7694 27.9003 -1.6099 0.6287
Car -1 -1 -1.0134 58.2768 191.6424 280.0902 268.1653 1.4726 3.6229 1.7638 -9.2401 1.8941 15.2516 -1.5507 0.6150
Car -1 -1 -1.6529 656.0890 178.5175 699.9260 214.0619 1.5575 1.7384 3.8554 3.1227 1.8412 34.1648 -1.5631 0.3821
