Pedestrian -1 -1 1.5591 375.2225 188.2399 395.3914 235.9453 1.7015 0.6919 0.7674 -8.1410 1.8147 26.1666 1.2599 0.2691
Pedestrian -1 -1 -1.1492 534.8543 170.2343 550.3096 204.2515 1.7130 0.5706 0.6438 -3.3469 0.9597 36.5918 -1.2401 0.2081
Pedestrian -1 -1 0.1304 521.1132 168.0858 539.3076 210.5155 1.8409 0.8716 0.6895 -3.4421 1.0988 31.6290 0.0226 0.2008
Pedestrian -1 -1 1.4272 719.7320 157.7002 766.8004 245.0573 1.8129 0.8936 0.6513 2.8174 1.2430 15.2558 1.6062 0.1823
Cyclist -1 -1 3.3092 285.2403 170.9733 328.0533 254.4393 1.7700 1.8837 0.5785 -6.8148 1.4691 16.2228 2.9171 0.2461
Cyclist -1 -1 -2.8858 435.0757 168.8017 483.9196 254.0896 1.7949 1.7874 0.6341 -3.3253 1.4506 16.0342 -3.0873 0.2152
Cyclist -1 -1 -2.8608 388.9802 167.9637 439.6945 250.9384 1.7313 1.7921 0.6072 -4.2945 1.3724 15.8973 -3.1207 0.2104
Cyclist -1 -1 0.0868 16.2354 170.1197 52.0114 235.9579 1.7744 1.8576 0.6229 -16.2362 1.3687 20.3173 -0.5811 0.2026
Cyclist -1 -1 3.0884 379.6848 179.0691 391.5803 207.5366 1.6711 1.7313 0.5906 -13.3538 1.3114 43.1094 2.7894 0.1919
Cyclist -1 -1 -0.2918 725.2286 164.4512 776.6097 248.4932 1.7264 1.8408 0.5815 3.0498 1.3010 15.7082 -0.1037 0.1870
Cyclist -1 -1 -0.0273 536.1688 174.3821 547.9638 207.2396 1.6317 1.6726 0.5494 -3.3788 1.0948 36.5567 -0.1192 0.1761
Car -1 -1 3.3800 284.4282 185.2061 380.5045 242.7525 1.5335 3.7551 1.7794 -8.0024 1.5344 21.1233 3.0217 0.6226
Car -1 -1 -1.6769 573.5873 177.0058 615.8815 209.4644 1.5074 1.7002 3.5007 -0.7184 1.1272 35.2239 -1.6976 0.5365
Car -1 -1 0.2190 615.6428 178.2583 643.5432 196.4163 1.4511 3.4540 1.5920 1.8171 0.8962 59.3139 0.2491 0.2896
Car -1 -1 -0.9390 0.0000 0.0000 1241.0000 376.0000 1.5598 1.6913 4.0357 -3.0521 1.6838 1.8967 -1.8911 0.2733
Car -1 -1 -0.4057 787.6527 196.4320 1241.0000 376.0000 1.4679 3.9419 1.7220 2.5450 1.5811 5.1818 0.0297 0.2530
Car -1 -1 3.5824 52.1342 162.1242 279.6758 277.1703 1.6733 4.1608 1.7115 -7.4557 1.3386 12.5969 3.0573 0.2279
Car -1 -1 0.0422 616.0894 184.9052 647.2181 211.0677 1.5271 4.0911 1.7403 1.4822 1.5101 44.0607 0.0751 0.2034
Car -1 -1 2.5465 581.6163 185.3626 644.1620 214.4645 1.4981 3.6027 1.6484 0.2038 1.5076 38.9756 2.5511 0.1897
Car -1 -1 -3.0032 614.0134 174.7220 642.9383 196.2376 1.4905 3.5695 1.6056 1.5032 0.7647 51.6872 -2.9747 0.1754
