Pedestrian -1 -1 2.1238 195.8636 192.7133 273.3944 298.7022 1.6088 0.8469 0.7113 -6.0112 1.9360 11.4835 1.6505 0.1930
Cyclist -1 -1 -0.0555 120.6506 180.5960 134.5318 208.8109 1.8050 1.9040 0.6604 -31.8920 2.3269 47.6439 -0.6429 0.3263
Cyclist -1 -1 -2.5488 222.6935 190.4878 258.0431 232.5582 1.7443 1.6305 0.5539 -16.1413 2.5343 31.4635 -3.0198 0.2218
Cyclist -1 -1 3.3128 330.7111 185.7725 358.2871 257.2638 1.5522 1.5626 0.3366 -6.1990 1.8668 16.7505 2.9628 0.2063
Car -1 -1 3.4399 194.5300 189.0285 256.0482 223.4888 1.5108 3.4764 1.6967 -18.7536 2.3431 35.2475 2.9538 0.4173
Car -1 -1 -2.5538 162.7816 182.8939 209.4095 202.5520 1.5780 3.7129 1.6583 -36.2513 2.4643 61.7630 -3.0829 0.3125
Car -1 -1 0.2261 450.3830 180.8669 498.9514 213.1872 1.5208 3.7751 1.6287 -6.8816 1.9514 36.8199 0.0421 0.2955
Car -1 -1 3.1726 429.4690 179.9142 471.1771 218.2800 1.4950 3.5926 1.6201 -6.7874 1.8148 30.7320 2.9566 0.2922
Car -1 -1 -0.0641 284.3192 185.8327 324.8379 218.5252 1.4835 3.6776 1.6483 -15.4617 2.1740 36.3508 -0.4640 0.2854
Car -1 -1 0.7530 841.9068 176.3107 892.9081 196.3449 1.5279 3.7080 1.7507 20.3908 1.8102 57.2169 1.0933 0.2399
Car -1 -1 0.4284 59.4943 184.0571 120.2168 211.2760 1.5462 3.7296 1.6367 -32.1072 2.2700 44.6066 -0.1928 0.2347
Car -1 -1 0.6133 161.3633 188.2969 260.7684 231.1579 1.4793 3.6042 1.6005 -15.4845 2.1223 28.1381 0.1139 0.2276
Car -1 -1 -0.2782 657.1924 178.8548 694.9932 201.0142 1.4848 3.8739 1.6788 4.6453 1.9307 51.5189 -0.1892 0.2116
Car -1 -1 2.8244 520.2222 179.9025 550.6313 197.1996 1.5153 3.3260 1.8456 -6.9314 2.1852 66.6447 2.7208 0.2003
