Pedestrian -1 -1 2.6700 457.2591 174.3723 473.4207 205.3306 1.7767 0.7843 0.6344 -8.4486 1.8664 41.9603 2.4721 0.3894
Pedestrian -1 -1 -2.3636 518.7959 176.3231 530.5380 196.8807 1.7293 0.8185 0.5861 -7.2791 2.0272 61.3672 -2.4815 0.3385
Cyclist -1 -1 -1.4602 655.6084 172.3709 690.8142 203.3390 1.7889 1.9868 0.7130 3.6687 1.7613 42.2201 -1.3747 0.4038
Car -1 -1 0.6165 16.5839 199.3998 243.6290 301.7814 1.4776 3.3155 1.7859 -8.4410 2.0186 12.9919 0.0493 0.7592
Car -1 -1 1.8809 181.0621 188.3310 314.6741 262.1934 1.5418 1.8939 3.6548 -8.8130 1.9662 17.8180 1.4270 0.7392
Car -1 -1 1.8201 288.3490 186.8538 378.2251 240.2178 1.5226 1.8889 3.5752 -8.9238 2.0146 23.4530 1.4598 0.7240
Car -1 -1 1.6864 468.0378 183.1268 515.7820 221.5146 1.5055 1.6287 3.5424 -5.0662 1.9739 31.0672 1.5256 0.6759
Car -1 -1 -2.6947 342.1320 184.6690 419.9288 224.2252 1.4891 3.6409 1.6927 -9.5447 2.0159 30.2299 -2.9984 0.5822
Car -1 -1 0.8472 1028.3651 145.3024 1233.5956 229.9493 1.8948 3.6342 1.9384 12.3474 1.2784 17.3157 1.4583 0.5069
Car -1 -1 -0.1725 676.6348 171.6093 705.4762 192.1181 1.5621 3.6379 1.6486 6.3233 1.4677 56.8236 -0.0626 0.3628
Car -1 -1 -2.7193 650.1954 174.3088 700.4619 200.9710 1.5413 3.2026 1.8942 3.9627 1.6337 43.7708 -2.6300 0.3626
Car -1 -1 1.9937 116.4073 185.1184 234.4943 244.5327 1.4512 1.6192 3.1860 -11.9475 1.8197 19.9834 1.4605 0.3504
Car -1 -1 -0.1221 632.7021 173.3251 661.4471 194.9156 1.5643 3.6166 1.7214 2.7248 1.6012 54.2209 -0.0726 0.3266
