Pedestrian -1 -1 1.1865 591.8638 179.3451 609.6158 211.2753 1.6563 0.7627 0.6079 -0.5263 2.0027 38.0285 1.1721 0.3925
Pedestrian -1 -1 -0.3135 680.6268 129.2126 725.5919 228.1980 1.8975 0.7708 0.6732 1.7811 1.0613 14.2715 -0.1925 0.3061
Cyclist -1 -1 -0.3396 794.4451 176.6384 852.0592 262.4588 1.6703 1.7156 0.5937 4.3477 1.7539 14.9924 -0.0636 0.3627
Cyclist -1 -1 -0.5134 635.7957 179.2284 658.2475 206.8663 1.7330 1.9014 0.5894 2.3524 2.1544 46.6742 -0.4639 0.2447
Car -1 -1 3.4860 19.1837 196.6855 365.7930 375.0000 1.5231 4.3167 1.7665 -4.1323 1.8613 7.9771 3.0207 0.7972
Car -1 -1 3.3281 371.7418 195.8030 478.0309 276.2409 1.4607 3.6151 1.6181 -4.0209 2.0291 16.0061 3.0850 0.7901
Car -1 -1 0.1834 433.1058 186.7810 513.5488 243.7677 1.5252 4.0123 1.7271 -4.1581 1.9947 22.2956 0.0004 0.7390
Car -1 -1 1.0610 839.0491 120.7766 1242.0000 375.0000 1.7842 1.8270 4.2841 3.7231 1.4542 6.7379 1.5466 0.5983
Car -1 -1 -0.2547 596.3005 181.1212 643.2520 211.4624 1.4809 3.6509 1.6097 0.4305 1.9420 38.2504 -0.2442 0.4534
Car -1 -1 -0.3080 532.9712 180.3692 573.5682 204.4588 1.5569 4.0115 1.6692 -4.0164 2.1024 50.1583 -0.3880 0.2739
Car -1 -1 2.8979 489.5793 182.7670 523.4402 204.9191 1.4782 3.4416 1.6170 -7.4802 2.2155 51.7417 2.7546 0.2645
Car -1 -1 3.1237 510.2273 178.4861 530.2347 198.0531 1.5643 3.6745 1.6014 -7.6018 2.0538 60.7257 2.9994 0.2255
