Pedestrian -1 -1 -0.6717 857.7611 163.7109 918.3002 254.1867 1.7559 0.8791 0.7516 5.5381 1.5788 14.5348 -0.3152 0.6358
Pedestrian -1 -1 -0.7881 1037.1920 108.7226 1173.1962 313.7685 1.8149 0.8704 0.6344 4.6321 1.2476 6.8767 -0.2153 0.2799
Pedestrian -1 -1 1.3741 757.8884 161.4216 778.0847 194.3498 1.8773 1.0258 0.6459 9.0405 1.2259 41.4650 1.5870 0.2424
Pedestrian -1 -1 1.5977 737.9835 169.0345 751.1327 193.7930 1.8244 0.9439 0.6702 9.9695 1.5433 53.5909 1.7803 0.1698
Pedestrian -1 -1 3.0646 141.0750 168.0547 154.3308 203.6946 1.8607 0.7378 0.5361 -24.4659 1.6105 38.1238 2.4971 0.1630
Pedestrian -1 -1 0.3513 1137.7874 199.6127 1170.7151 243.1700 1.6770 0.8090 0.8340 21.8677 2.7758 29.0479 0.9908 0.1569
Cyclist -1 -1 -0.4058 692.5585 164.4001 727.8240 212.4242 1.8593 1.9687 0.6729 3.9601 1.5324 28.9711 -0.2719 0.6257
Cyclist -1 -1 -0.4305 672.8154 171.7036 692.9747 199.8119 1.6706 1.7023 0.5535 4.3797 1.6026 43.7755 -0.3319 0.4941
Cyclist -1 -1 2.4165 730.7759 170.1646 754.5126 195.5309 1.8490 1.9184 0.6121 9.8105 1.6533 53.5695 2.5962 0.3828
Cyclist -1 -1 -1.0970 899.4419 151.5287 989.7838 231.2863 1.7722 1.7808 0.7449 7.7870 1.2987 16.9580 -0.6735 0.3223
Cyclist -1 -1 2.3354 748.4998 162.7191 779.6682 195.2477 1.8287 1.8948 0.5525 8.8148 1.2593 41.4997 2.5429 0.2367
Cyclist -1 -1 -0.0790 3.0616 168.2625 20.5979 201.8274 1.8122 1.9389 0.5989 -33.0881 1.5647 39.8595 -0.7687 0.2148
Cyclist -1 -1 2.4320 789.0422 163.3212 830.3666 209.1977 1.8232 1.7988 0.6026 8.1358 1.4447 29.6136 2.6971 0.1949
Cyclist -1 -1 3.4234 0.0000 189.0961 24.4046 229.3633 1.6149 1.6682 0.4640 -25.3610 2.3208 30.4831 2.7337 0.1639
Car -1 -1 1.0337 977.7963 196.1545 1049.6998 223.6073 1.6170 3.5190 1.7393 25.1038 3.1001 44.9905 1.5391 0.3797
Car -1 -1 -0.1343 777.6740 174.3574 832.4920 215.7202 1.5116 3.7587 1.5727 7.5814 1.5754 28.4705 0.1229 0.2117
Car -1 -1 0.2398 444.5709 183.5919 486.3462 209.3812 1.4971 3.9196 1.7016 -9.0995 2.2049 45.5390 0.0432 0.1855
Car -1 -1 -0.5621 1152.0289 194.7965 1242.0000 242.2743 1.5076 3.8242 1.8357 22.2607 2.3837 26.7805 0.1253 0.1647
Car -1 -1 -3.8576 1112.3699 186.9809 1242.0000 328.3017 1.5247 1.5853 4.0365 8.6966 1.7154 8.8388 -3.0976 0.1518
Car -1 -1 3.5999 149.8380 179.5259 210.4335 207.4729 1.6965 4.1350 1.7286 -27.9091 2.1506 46.9410 3.0658 0.1489
