Pedestrian -1 -1 0.7040 747.1359 156.7958 809.6300 260.9001 1.8430 0.9038 0.7104 3.0585 1.5591 13.3268 0.9238 0.3436
Pedestrian -1 -1 -0.8655 439.1791 179.1779 451.6862 200.7525 1.7638 0.7205 0.7117 -13.6506 2.2921 59.7511 -1.0895 0.3240
Cyclist -1 -1 2.6065 727.9043 174.7084 745.7644 196.3607 1.7012 1.8037 0.5651 10.1260 1.8526 57.7939 2.7787 0.4486
Cyclist -1 -1 2.7543 778.9834 174.3238 795.7689 196.2790 1.7550 1.9311 0.6426 14.4232 1.8772 58.8089 2.9933 0.3217
Cyclist -1 -1 0.2580 108.0779 166.6666 141.8965 218.0029 1.8724 1.9491 0.5796 -18.3922 1.6471 27.3300 -0.3301 0.3090
Cyclist -1 -1 -1.5284 397.9153 171.5953 425.1961 197.3917 1.7962 1.8262 0.5965 -13.9731 1.7089 50.7322 -1.7962 0.2951
Cyclist -1 -1 -0.1032 440.4558 180.0012 450.4779 201.3609 1.7231 1.7755 0.6293 -13.6600 2.3249 59.7766 -0.3273 0.2947
Cyclist -1 -1 -3.1600 752.0397 171.2241 764.2383 197.3511 1.6428 1.7442 0.7294 9.4649 1.5407 46.2897 -2.9599 0.2453
Car -1 -1 3.1563 436.4118 178.2923 456.6763 197.5664 1.5599 3.9133 1.6310 -13.9598 2.0406 61.6507 2.9343 0.4405
Car -1 -1 3.2789 398.7806 176.0661 428.7988 197.9380 1.5152 3.5760 1.6284 -14.2417 1.7572 52.4105 3.0145 0.3430
Car -1 -1 -0.5719 521.9832 181.0421 560.7440 199.1637 1.5314 3.6124 1.7885 -6.2008 2.2887 64.7256 -0.6675 0.3347
Car -1 -1 0.1794 476.4331 176.6892 514.3234 202.8210 1.5580 3.8468 1.7015 -7.2151 1.8107 45.5291 0.0227 0.3049
Car -1 -1 1.5880 501.4671 178.0082 542.9199 197.2001 1.5123 3.2848 1.7487 -7.1182 1.9377 58.4523 1.4670 0.2978
Car -1 -1 -3.5923 1143.3966 165.5381 1242.0000 249.6801 1.5557 3.4401 1.7040 12.9929 1.4208 15.2132 -2.8954 0.2644
Car -1 -1 3.6505 130.9283 178.2686 195.6775 206.0236 1.5593 3.7563 1.6709 -26.6890 1.8982 43.1918 3.0996 0.2479
Car -1 -1 3.2091 138.0808 179.5209 170.2310 204.5125 1.5674 3.6724 1.5688 -30.5026 2.0325 48.3006 2.6481 0.2288
Car -1 -1 0.2332 519.2283 182.0713 551.8194 202.9450 1.4995 3.3470 1.7542 -5.6861 2.2273 55.1696 0.1305 0.2153
