Pedestrian -1 -1 2.2880 833.0679 171.5605 863.4485 221.0474 1.7375 0.8167 0.6350 8.4868 1.6924 25.8440 2.6013 0.7662
Pedestrian -1 -1 2.6974 539.8643 171.3519 557.0998 205.2102 1.8358 0.8101 0.6586 -3.4174 1.7548 39.6360 2.6114 0.4434
Pedestrian -1 -1 0.9998 744.9348 171.9551 768.9413 206.4587 1.8044 1.0209 0.7178 7.7513 1.7577 38.2510 1.1977 0.3395
Pedestrian -1 -1 -0.2282 855.9312 141.4445 901.9445 244.9997 1.8345 0.8978 0.5953 4.8763 1.2784 13.2599 0.1164 0.3302
Pedestrian -1 -1 -0.6605 920.0325 130.3172 965.4025 217.5891 1.8748 0.7028 0.6019 7.2793 0.9614 15.9104 -0.2386 0.2388
Cyclist -1 -1 1.4472 741.4743 173.2879 779.1027 207.2466 1.7823 1.8826 0.6905 7.9299 1.8060 38.2961 1.6493 0.2673
Cyclist -1 -1 -0.5189 621.6764 176.8121 638.0943 196.3567 1.7189 1.8611 0.6325 1.7585 2.0802 64.8169 -0.4924 0.2337
Cyclist -1 -1 -1.4115 642.3201 168.8096 673.4498 197.7451 1.7588 1.8348 0.6238 2.9138 1.5134 44.3637 -1.3468 0.2198
Car -1 -1 -1.5623 600.2646 179.9891 661.2363 235.9042 1.5180 1.6995 3.8891 0.5966 1.7560 22.0612 -1.5365 0.6676
Car -1 -1 3.2586 413.7206 179.8493 447.9310 204.5880 1.5107 3.7479 1.7416 -11.6912 1.9872 47.1409 3.0165 0.4532
Car -1 -1 -1.6776 953.3217 178.0156 1002.7394 212.4745 1.5289 1.7402 3.2564 17.4403 1.7883 34.3886 -1.2121 0.4263
Car -1 -1 -1.4988 584.2136 177.6121 631.4365 215.5432 1.5409 1.8197 3.5660 -0.0797 1.7619 31.6126 -1.5019 0.4040
Car -1 -1 3.4653 173.2038 178.1369 227.9749 207.7069 1.6285 3.9525 1.6303 -24.1141 1.9559 42.5760 2.9524 0.3637
Car -1 -1 1.0681 815.9048 168.5048 886.4214 199.0891 1.8298 3.7481 1.7173 14.7677 1.5700 44.3522 1.3871 0.3291
Car -1 -1 3.3633 304.7349 176.5789 345.9503 202.6628 1.6438 4.2165 1.6756 -19.0277 1.9050 48.3109 2.9897 0.2420
