Pedestrian -1 -1 2.9918 679.3101 167.4830 744.1795 292.4106 1.7014 0.8270 0.7840 1.5032 1.5118 10.1989 3.1287 0.8274
Pedestrian -1 -1 1.7773 607.4359 166.0514 682.0060 296.1794 1.7189 0.9089 0.7224 0.5667 1.5162 9.9508 1.8268 0.7242
Pedestrian -1 -1 2.6647 723.6454 166.9146 754.5032 229.6247 1.7152 0.7270 0.5730 3.8110 1.3174 20.0760 2.8446 0.6978
Pedestrian -1 -1 3.1487 280.2234 165.1549 345.6259 302.6518 1.7343 0.8105 0.7780 -3.8845 1.5295 9.5777 2.7669 0.5979
Pedestrian -1 -1 2.9377 449.1456 167.2891 477.4420 221.7689 1.8275 0.9674 0.7709 -4.7779 1.3519 24.6885 2.7433 0.5711
Pedestrian -1 -1 -0.6872 704.5864 162.6724 741.7665 223.5250 1.8319 0.8595 0.7566 3.7279 1.2662 22.1833 -0.5278 0.5371
Pedestrian -1 -1 1.7178 99.1579 170.4268 162.8150 271.0709 1.7219 0.8656 0.6033 -8.3674 1.5337 12.7416 1.1407 0.4750
Pedestrian -1 -1 2.7136 659.7938 167.5889 692.2006 228.2529 1.7953 0.7897 0.7078 2.2234 1.3847 21.7441 2.8090 0.4744
Pedestrian -1 -1 -0.3633 605.3705 171.0357 622.0298 203.2253 1.8320 0.8315 0.7070 0.7042 1.2372 41.3913 -0.3514 0.4267
Pedestrian -1 -1 -1.1700 592.3642 173.1866 604.9421 195.5456 1.8076 0.8326 0.6667 -0.1999 1.1360 58.5383 -1.1784 0.4117
Pedestrian -1 -1 3.4190 174.0539 153.3302 203.6640 212.8447 1.8734 0.6666 0.6670 -13.2374 0.9878 23.0137 2.8969 0.3787
Pedestrian -1 -1 2.0814 63.2704 183.9708 80.7338 208.7353 1.6769 0.7459 0.6363 -36.1537 1.8476 49.0726 1.4440 0.3603
Pedestrian -1 -1 3.1177 485.8809 164.8533 511.9464 230.4878 1.7961 0.9249 0.6968 -2.9166 1.3417 20.1699 2.9707 0.3215
Pedestrian -1 -1 2.7148 397.8053 177.1389 415.3005 211.2974 1.7108 0.6887 0.6262 -9.8943 1.4933 36.4401 2.4463 0.3023
Pedestrian -1 -1 2.5654 711.9199 162.8775 733.0783 204.0849 1.8455 0.7584 0.6350 5.4866 1.0124 32.6436 2.7256 0.2924
Pedestrian -1 -1 -0.4532 81.4886 170.9357 134.9039 252.3369 1.7560 0.8299 0.6874 -11.0189 1.5293 15.9969 -1.0541 0.2893
Pedestrian -1 -1 -0.6450 754.1729 155.0346 799.2948 235.6190 1.8553 0.8588 0.6519 4.1207 1.2472 17.0599 -0.4167 0.2845
Pedestrian -1 -1 1.6119 235.4268 179.1306 291.4791 275.8916 1.6886 0.8925 0.7501 -6.1628 1.6485 13.0520 1.1729 0.2551
Pedestrian -1 -1 -0.5639 766.9542 145.4556 804.8078 218.3272 1.8739 0.7580 0.6599 4.8233 0.9482 18.9334 -0.3229 0.2460
Pedestrian -1 -1 2.1614 807.9771 158.0675 864.2626 249.1171 1.7844 0.8509 0.6889 4.7353 1.3264 14.6230 2.4640 0.2421
Pedestrian -1 -1 2.5976 676.5231 177.3491 705.9131 231.3165 1.6877 0.6357 0.6998 2.8326 1.5590 22.8956 2.7139 0.2385
Cyclist -1 -1 3.2113 501.1814 169.3927 533.4670 251.2285 1.7875 1.7856 0.6287 -1.9587 1.5243 16.5953 3.0901 0.6085
Cyclist -1 -1 0.0213 408.2206 165.2471 457.1930 293.9834 1.7810 1.7166 0.6645 -2.5743 1.5575 10.8443 -0.2122 0.5408
Cyclist -1 -1 3.2290 484.6028 167.0550 509.7755 234.1164 1.8085 1.6989 0.5651 -2.9519 1.4201 20.2343 3.0807 0.5177
Cyclist -1 -1 2.9332 447.8835 172.3823 477.4948 225.6384 1.7782 1.7803 0.6451 -4.8531 1.4749 24.9282 2.7377 0.4344
Cyclist -1 -1 0.6181 0.0000 169.6759 51.1540 233.4793 1.7344 1.8879 0.7711 -16.7910 1.4141 20.4921 -0.0673 0.3275
Cyclist -1 -1 0.1943 93.9851 190.6979 171.0813 318.8278 1.6925 1.6967 0.6233 -6.8643 1.8401 10.5193 -0.3784 0.3178
Cyclist -1 -1 0.0871 337.3576 178.8039 359.6014 225.0868 1.7085 1.8793 0.6496 -9.6912 1.6100 27.5056 -0.2539 0.2996
Cyclist -1 -1 -0.3336 655.4656 161.8898 699.7351 240.1211 1.7719 1.7354 0.4939 1.7617 1.3289 17.1686 -0.2382 0.2969
Cyclist -1 -1 3.3983 255.3969 182.8155 291.7684 253.4764 1.6448 1.6361 0.4114 -8.0424 1.6797 17.5904 2.9697 0.2934
Cyclist -1 -1 0.2421 0.0000 153.2607 35.5679 222.5498 1.7117 1.7900 0.6855 -15.4385 1.0153 18.6985 -0.4462 0.2806
Cyclist -1 -1 -0.0931 536.8290 172.4334 547.8321 196.8431 1.7896 1.8335 0.6408 -4.4003 1.1255 53.6209 -0.1796 0.2675
Cyclist -1 -1 3.0644 395.9316 185.4438 416.7793 241.5639 1.5933 1.5975 0.4679 -5.8341 1.7161 21.3386 2.7953 0.2637
Cyclist -1 -1 0.0741 0.0000 197.7254 33.4211 297.0394 1.5696 1.5271 0.4092 -10.1174 1.8664 12.3365 -0.6081 0.2591
Cyclist -1 -1 3.1242 272.1443 191.8329 302.3636 297.1784 1.6189 1.6069 0.4307 -5.3127 1.8048 12.0168 2.7100 0.2560
Cyclist -1 -1 -0.4398 602.0945 171.5818 624.9562 203.2266 1.7863 1.7907 0.6062 0.6880 1.2273 41.4876 -0.4284 0.2545
Cyclist -1 -1 -3.1792 651.4880 166.7587 663.4926 195.1495 1.7550 1.7026 0.6790 3.5313 0.8445 45.2634 -3.1068 0.2430
Cyclist -1 -1 -3.2321 741.6024 153.2812 776.5917 229.1108 1.7562 1.7130 0.6607 3.7906 1.1039 17.5227 -3.0273 0.2378
Car -1 -1 3.1171 361.2963 177.2234 413.0277 224.3750 1.5336 3.7898 1.6315 -7.6570 1.3956 25.4165 2.8221 0.2440
Car -1 -1 -0.8846 343.7563 168.9027 423.9177 199.1848 1.6476 4.1706 1.7594 -12.3241 0.9630 40.6844 -1.1819 0.2356
