Pedestrian -1 -1 2.4981 1037.5959 154.3026 1092.7147 237.7117 1.7868 0.7981 0.6704 10.1580 1.2054 15.8117 3.0564 0.3192
Cyclist -1 -1 2.4878 1076.9230 166.7597 1140.2791 229.6871 1.5616 1.6073 0.4404 13.0932 1.1970 18.6378 3.0885 0.2866
Car -1 -1 -1.2788 179.0434 186.8857 434.1365 369.2531 1.5315 1.5491 3.6369 -3.0032 1.6068 8.0031 -1.6333 0.7220
Car -1 -1 1.7631 373.5697 183.7376 440.6444 229.2720 1.4559 1.6514 3.2559 -6.6585 1.5395 24.8136 1.4983 0.6945
Car -1 -1 -1.5806 514.7775 177.0108 592.8930 250.3453 1.5599 1.6661 3.9096 -1.2154 1.4656 17.2952 -1.6551 0.6709
Car -1 -1 1.6031 600.3817 174.7791 644.2027 214.8615 1.5430 1.6897 3.4388 0.8811 1.2853 29.4154 1.6276 0.6136
Car -1 -1 -2.9443 575.8462 174.6032 624.0228 207.3381 1.5371 3.8016 1.7035 -0.0253 1.2142 35.7568 -2.9500 0.4969
Car -1 -1 -1.2960 480.4097 177.4255 525.2676 204.6029 1.5223 1.7470 3.4413 -5.7220 1.2949 42.0577 -1.4354 0.4232
Car -1 -1 -1.6036 507.9663 173.8390 568.3824 227.6446 1.6348 1.8375 3.4412 -2.1748 1.4031 23.6468 -1.6996 0.3750
Car -1 -1 2.8687 332.6224 182.2356 385.1937 212.3848 1.5231 3.7732 1.6940 -13.0151 1.5653 38.4189 2.5390 0.2975
