Pedestrian -1 -1 1.7005 197.2700 143.6250 323.3387 334.9270 1.8913 1.1122 0.6886 -3.6563 1.5285 7.4815 1.2642 0.8467
Pedestrian -1 -1 2.9437 261.3742 167.7907 308.7459 259.3018 1.7023 0.8362 0.6897 -6.2435 1.4675 13.6881 2.5263 0.5465
Pedestrian -1 -1 1.4074 55.7187 187.7119 100.1657 248.8197 1.7008 0.9271 0.7266 -15.2399 1.9164 20.3971 0.7747 0.3999
Pedestrian -1 -1 -1.5354 1125.8955 190.7130 1224.0000 370.0000 1.6784 0.7023 0.7301 4.3500 1.7647 5.3465 -0.8795 0.3779
Pedestrian -1 -1 2.9890 15.4523 172.5962 70.5007 261.6803 1.7345 0.8291 0.7636 -11.4318 1.5822 14.3237 2.3280 0.3183
Pedestrian -1 -1 2.6047 640.5703 160.2502 696.8664 259.6805 1.7563 0.8574 0.6890 1.1209 1.4002 13.0198 2.6903 0.3097
Pedestrian -1 -1 2.3736 832.9292 172.4332 876.9300 242.1217 1.7090 0.7129 0.7650 6.2578 1.5127 17.8182 2.7074 0.2450
Pedestrian -1 -1 2.8416 516.9496 164.2103 566.9095 262.8654 1.7383 0.8726 0.6864 -1.2122 1.4529 12.9869 2.7525 0.2246
Pedestrian -1 -1 1.0028 967.1975 191.1003 1135.1310 370.0000 1.6526 0.7958 0.7353 3.2772 1.7402 5.3394 1.5288 0.2198
Pedestrian -1 -1 0.9591 811.4576 167.7583 871.6959 258.0721 1.7336 0.9554 0.6082 4.6364 1.4906 13.9974 1.2739 0.1945
Pedestrian -1 -1 2.6851 617.7971 156.8834 669.2982 248.2205 1.8157 0.8990 0.7404 0.7455 1.3478 14.6092 2.7368 0.1903
Pedestrian -1 -1 -0.8582 993.2716 164.9184 1068.9938 273.5246 1.7708 0.8712 0.6803 7.2017 1.5184 12.0454 -0.3293 0.1785
Pedestrian -1 -1 1.5542 462.9383 170.7304 511.3893 255.9763 1.7545 0.9899 0.6312 -2.5347 1.5550 14.9457 1.3914 0.1744
Pedestrian -1 -1 -1.8187 292.6440 191.1524 327.8355 262.5402 1.8201 0.7108 0.6970 -7.8192 2.1103 18.6602 -2.2081 0.1642
Pedestrian -1 -1 -1.7063 880.6849 165.0710 945.0588 268.0587 1.7286 0.9386 0.6690 5.2965 1.4713 12.3075 -1.3076 0.1635
Pedestrian -1 -1 1.2947 556.5861 156.7033 612.7549 247.8782 1.8434 1.0521 0.5752 -0.4694 1.3639 14.7230 1.2653 0.1549
Cyclist -1 -1 0.0679 264.9466 163.4536 300.1275 256.9283 1.7039 1.6983 0.4963 -6.3012 1.3948 13.7661 -0.3508 0.2508
Cyclist -1 -1 1.4555 685.0217 161.4413 761.5793 231.8412 1.7603 1.8640 0.6239 2.9612 1.2854 18.0297 1.6172 0.2361
Cyclist -1 -1 -0.9882 1120.6282 144.9113 1224.0000 255.1634 1.7625 1.8923 0.6054 10.0913 1.1952 12.2914 -0.3118 0.2201
Cyclist -1 -1 -0.3816 857.3309 174.5031 944.0878 296.2396 1.6151 1.7634 0.5152 4.1912 1.5373 10.2583 -0.0028 0.2164
Cyclist -1 -1 1.7739 630.6078 160.7344 739.5001 258.0078 1.7114 1.8987 0.6971 1.4386 1.3653 13.0578 1.8828 0.2134
Cyclist -1 -1 0.7263 1087.7372 189.3239 1224.0000 370.0000 1.6053 1.7692 0.6071 5.4130 1.6938 6.4991 1.3985 0.1951
Cyclist -1 -1 -0.4812 874.9916 159.8075 963.6546 272.8854 1.7809 1.8176 0.5859 5.2631 1.4567 12.0594 -0.0776 0.1833
Cyclist -1 -1 1.8019 249.3104 178.9816 391.6370 291.2172 1.7228 1.9932 0.8058 -4.5754 1.7011 11.3859 1.4309 0.1775
Cyclist -1 -1 -0.1292 489.3243 161.4664 534.6629 264.3658 1.7560 1.8689 0.5909 -1.7860 1.4328 13.0400 -0.2602 0.1737
Cyclist -1 -1 -1.1625 282.6768 195.2678 358.6880 265.0345 1.7904 1.7266 0.7057 -7.5329 2.1903 18.6815 -1.5386 0.1616
Cyclist -1 -1 -0.6220 0.0000 170.2887 82.3339 263.2986 1.8027 1.8151 0.6179 -11.5688 1.6064 14.2463 -1.2914 0.1614
Car -1 -1 0.5476 10.9437 183.9748 129.7390 230.6424 1.5540 3.9000 1.6541 -19.4116 1.6924 25.8540 -0.0889 0.2566
Car -1 -1 0.1442 530.6957 164.0114 613.0989 229.9436 1.6294 4.1621 1.6842 -0.8385 1.2235 19.6257 0.1041 0.2137
Car -1 -1 -2.3112 1147.6100 185.0949 1224.0000 370.0000 1.5432 1.6780 3.9005 6.5350 1.5950 5.6938 -1.4830 0.1915
Car -1 -1 1.0745 636.0941 175.6907 719.6187 218.4835 1.5275 1.7457 3.4605 2.7003 1.3574 27.1667 1.1741 0.1839
Car -1 -1 1.0367 920.4722 201.3556 1107.2089 267.9239 1.5642 3.7968 1.7024 10.3023 2.1249 18.0605 1.5488 0.1596
