Pedestrian -1 -1 2.1225 60.8081 186.4622 110.5548 243.3768 1.6669 0.9557 0.7606 -15.8332 2.0852 21.7416 1.4987 0.5507
Pedestrian -1 -1 -3.1892 673.9384 163.8279 702.0029 232.5240 1.8079 0.9103 0.7050 2.0460 1.5707 19.4602 -3.0868 0.2751
Pedestrian -1 -1 -0.6867 325.7968 180.5879 340.1492 206.6321 1.6471 0.5722 0.6430 -17.8076 2.1483 46.2999 -1.0523 0.2660
Pedestrian -1 -1 -0.0286 704.6698 165.3834 738.8222 239.0974 1.7754 0.8108 0.8054 2.7016 1.5959 17.8259 0.1185 0.2623
Cyclist -1 -1 -0.2162 690.5461 167.5027 724.2730 231.1402 1.7297 1.8491 0.5577 2.7071 1.5846 20.5549 -0.0879 0.4947
Cyclist -1 -1 -3.0525 661.7201 174.2903 683.9462 232.7538 1.6600 1.7170 0.5135 1.8310 1.7048 21.4181 -2.9692 0.4608
Cyclist -1 -1 1.7003 674.4007 164.3468 750.5916 235.7631 1.7344 1.8226 0.6603 2.5238 1.5281 18.0777 1.8360 0.3339
Cyclist -1 -1 -0.7775 1.3387 194.0846 41.9032 229.2967 1.9205 1.7997 0.6980 -32.9240 3.1210 40.3377 -1.4590 0.2962
Cyclist -1 -1 0.2759 471.3918 189.7146 516.7972 289.8731 1.6762 1.5947 0.3998 -2.1424 2.0033 13.1622 0.1165 0.2669
Cyclist -1 -1 -3.5516 921.6780 170.6976 971.7837 234.5620 1.5606 1.5976 0.5561 8.5269 1.5083 18.4323 -3.1250 0.2609
Car -1 -1 2.0151 76.6435 194.1741 218.1354 260.3936 1.4953 1.7110 3.8728 -12.4265 2.1350 19.6134 1.4562 0.7583
Car -1 -1 -2.1798 325.7649 181.9335 554.7912 296.6949 1.5622 2.7780 2.4913 -2.8396 1.7368 11.9801 -2.4086 0.6566
Car -1 -1 3.2700 0.0000 184.8657 36.4183 210.4606 1.5435 3.5753 1.6702 -38.9573 2.3640 47.3066 2.5838 0.5780
Car -1 -1 0.0265 469.3434 181.7418 491.8217 201.8892 1.5056 3.8452 1.6696 -10.3484 2.2421 57.7313 -0.1505 0.4047
Car -1 -1 -3.1113 589.6577 177.4548 618.3121 201.9792 1.5096 3.1534 1.7595 -0.3890 1.8173 46.6049 -3.1201 0.3973
Car -1 -1 3.3892 0.2750 188.6014 58.7304 218.9075 1.5847 3.8936 1.7450 -33.8013 2.5499 42.0760 2.7153 0.3949
Car -1 -1 0.4126 259.4366 186.2023 385.4967 254.0464 1.4803 3.6237 1.6336 -7.1919 1.8536 18.3117 0.0427 0.3311
Car -1 -1 3.0136 188.8534 188.3955 235.7244 220.4883 1.5281 3.8644 1.7098 -21.2477 2.4004 38.4171 2.5111 0.2913
Car -1 -1 -2.8074 1164.1990 171.1438 1242.0000 197.3181 1.4971 1.7475 3.6138 35.7212 1.3996 43.2639 -2.1208 0.2668
