Pedestrian -1 -1 -0.4878 876.3077 157.6066 930.5458 247.5534 1.8091 0.8121 0.7431 6.0184 1.5028 14.9546 -0.1127 0.5028
Pedestrian -1 -1 1.7763 1206.5508 141.3694 1242.0000 218.0800 1.8328 0.7520 0.6246 15.1705 1.0809 17.7247 2.4759 0.4340
Pedestrian -1 -1 -0.6593 1007.5059 152.6158 1074.2507 249.9202 1.7951 0.8171 0.7465 8.1529 1.4221 13.7635 -0.1344 0.2928
Pedestrian -1 -1 -0.3977 1129.3536 150.0680 1166.5844 216.7910 1.9579 0.7224 0.6616 16.0477 1.2896 21.5982 0.2345 0.1781
Pedestrian -1 -1 2.2111 1104.3094 135.2660 1168.8317 239.2374 1.8762 0.6968 0.6950 9.7606 1.1983 13.4563 2.8280 0.1433
Cyclist -1 -1 -2.0333 945.8894 163.3761 992.7029 203.9166 1.8086 1.8033 0.6158 16.1348 1.3861 32.4991 -1.5764 0.4599
Cyclist -1 -1 -3.4767 869.6888 157.5835 922.5029 245.5433 1.7416 1.6779 0.4871 5.9185 1.4396 15.1294 -3.1111 0.2837
Cyclist -1 -1 -3.6917 1109.8141 152.9974 1170.3573 215.7472 1.8031 1.7048 0.6557 15.7912 1.2329 21.6052 -3.0672 0.2712
Cyclist -1 -1 -3.5219 1021.7994 168.7683 1082.7415 230.7461 1.6939 1.9098 0.8273 12.6160 1.5826 20.7260 -2.9819 0.2485
Cyclist -1 -1 -0.4963 915.2932 162.8066 942.5360 194.9114 1.7776 1.8813 0.5806 18.0309 1.2217 40.9097 -0.0841 0.2350
Cyclist -1 -1 2.5289 963.4927 165.1495 1016.2022 217.4958 1.7212 1.8341 0.6489 12.9152 1.4683 24.6753 3.0058 0.1425
Cyclist -1 -1 2.3572 1000.8392 169.0063 1061.9849 220.1538 1.7029 1.8695 0.7104 14.5329 1.5752 25.0154 2.8779 0.1420
Car -1 -1 2.9955 408.9459 181.4305 436.0462 200.8048 1.5377 3.6274 1.7076 -15.9111 2.2875 61.0416 2.7413 0.2757
Car -1 -1 -0.2419 999.6414 171.7470 1074.9061 214.5741 1.5496 3.8601 1.6203 16.5405 1.5099 28.1844 0.2838 0.2147
Car -1 -1 0.3607 0.0000 179.5779 106.6389 278.4728 1.5939 3.9942 1.6845 -11.5584 1.7457 14.0806 -0.3175 0.1645
Car -1 -1 -1.1967 0.0000 204.1752 63.5877 375.0000 1.5301 1.6338 3.8495 -6.2102 1.8835 6.0393 -1.9740 0.1639
Car -1 -1 -0.6641 1027.0101 178.0707 1188.7255 240.2904 1.5059 3.8641 1.5652 13.3931 1.6636 19.7797 -0.0763 0.1637
Car -1 -1 -2.8994 465.0044 185.2912 504.3067 209.0058 1.4726 4.0270 1.7156 -8.4968 2.3540 49.0417 -3.0705 0.1543
Car -1 -1 0.5830 0.0000 185.6307 158.8227 302.2417 1.5280 3.7751 1.6810 -9.3584 1.7722 11.8237 -0.0758 0.1512
