Pedestrian -1 -1 3.0477 471.4622 171.3371 491.9775 221.9707 1.8008 0.8223 0.6569 -4.6965 1.7472 26.1422 2.8711 0.3965
Pedestrian -1 -1 3.0380 482.0223 179.8056 504.5775 223.4176 1.6983 0.6792 0.8182 -4.6830 1.9791 28.6684 2.8769 0.3606
Cyclist -1 -1 -0.1565 871.6369 139.5144 901.0956 212.0698 1.8195 1.8203 0.4315 7.2212 0.9838 19.0261 0.2009 0.3364
Cyclist -1 -1 -0.3690 883.3132 161.5750 939.0167 225.6512 1.7217 1.8928 0.8063 8.4057 1.4190 20.3377 0.0173 0.3153
Car -1 -1 -1.8508 774.6102 182.4653 976.6315 310.9384 1.5192 1.6976 3.9593 3.6568 1.6908 10.8391 -1.5348 0.8105
Car -1 -1 0.3308 770.1823 171.0692 826.2026 199.3425 1.6419 2.3012 2.6768 11.3472 1.5386 43.5971 0.5834 0.4553
Car -1 -1 -1.7468 250.9134 182.8682 297.2212 210.7405 1.5438 1.9547 3.4201 -20.2369 2.1729 43.3338 -2.1816 0.4418
Car -1 -1 -0.6126 554.0012 177.2335 628.7708 207.1346 1.5034 1.6348 3.7356 -1.0075 1.7486 38.5636 -0.6391 0.4219
Car -1 -1 1.6882 398.3707 182.3824 466.3941 209.4372 1.4655 3.5693 1.6802 -10.0480 2.0196 40.8752 1.4483 0.3907
Car -1 -1 -1.7999 947.8883 169.6790 1026.8260 196.6496 1.5197 3.7479 1.8309 21.8597 1.3412 42.0010 -1.3232 0.3901
Car -1 -1 -0.0987 381.6288 171.1172 405.7404 189.3635 1.6122 3.3056 1.7831 -19.7125 1.4591 65.6174 -0.3896 0.3708
Car -1 -1 -0.0594 635.7756 177.8745 656.9641 194.9394 1.4849 3.3942 1.7159 3.2567 1.9529 65.4921 -0.0104 0.3072
Car -1 -1 -2.5286 287.0676 182.6392 330.8217 200.5942 1.4882 3.8910 1.6503 -26.7347 2.3868 64.1476 -2.9222 0.3072
