Pedestrian -1 -1 2.3463 965.3637 145.6183 1023.9753 238.7658 1.7855 0.7959 0.6515 7.5670 1.2638 14.3079 2.8239 0.4314
Pedestrian -1 -1 0.2802 378.3845 154.0095 406.5488 214.7543 1.8907 0.8147 0.6546 -6.9326 1.3045 22.8665 -0.0113 0.3537
Pedestrian -1 -1 0.2556 443.0360 164.9747 459.1966 201.0756 1.8492 0.6694 0.6688 -8.2486 1.4460 37.3046 0.0391 0.3043
Pedestrian -1 -1 2.0325 947.9275 139.9321 980.4783 202.5171 1.8753 0.7088 0.5859 10.7901 0.8892 22.0766 2.4817 0.2891
Pedestrian -1 -1 -0.0679 968.0397 174.8672 1000.0350 247.0818 1.6748 0.7830 0.6190 8.8782 1.7246 17.2394 0.4000 0.2173
Cyclist -1 -1 -0.4506 867.0036 164.8383 928.7463 241.7290 1.7575 1.9610 0.5764 6.8892 1.5746 17.4901 -0.0818 0.3461
Cyclist -1 -1 0.1218 370.8882 171.5044 388.3716 211.5293 1.8062 1.9190 0.5444 -10.7404 1.7457 33.5515 -0.1861 0.3459
Cyclist -1 -1 -0.2163 825.8205 158.3929 860.4906 225.6532 1.8165 1.8509 0.5351 6.5321 1.4263 20.4289 0.0884 0.2654
Cyclist -1 -1 -3.5469 966.0243 148.7913 1038.5031 242.7695 1.7641 1.7328 0.6211 7.7503 1.3127 14.4293 -3.0629 0.2098
Car -1 -1 0.3246 430.0674 182.5870 530.0479 243.4774 1.5036 3.4307 1.7457 -3.5821 1.8015 20.2263 0.1508 0.7316
Car -1 -1 -1.8315 711.1918 167.0664 855.5796 261.4835 1.6132 1.6718 4.3832 3.2319 1.5146 14.5538 -1.6181 0.6973
Car -1 -1 -1.4116 695.8187 173.4317 755.6396 217.6984 1.5500 1.6948 3.5778 4.3919 1.5738 27.2773 -1.2543 0.6264
Car -1 -1 -1.4139 547.8574 172.4749 604.7631 212.7000 1.6181 1.8261 4.1792 -1.4198 1.6032 31.2003 -1.4595 0.4453
Car -1 -1 -1.4350 480.5658 180.9682 531.3881 217.1904 1.5071 1.8099 3.5131 -4.6738 1.8936 32.5695 -1.5769 0.2855
Car -1 -1 2.7463 583.5015 180.3774 626.9135 204.3240 1.4806 3.4685 1.6580 -0.3860 1.9987 47.7359 2.7378 0.2533
