Pedestrian -1 -1 2.8922 493.4787 170.8570 529.7778 234.3576 1.7692 0.9846 0.8110 -2.6156 1.4738 20.6187 2.7622 0.8094
Pedestrian -1 -1 -0.4819 650.0218 172.4011 685.6964 231.6537 1.7117 0.8532 0.7373 1.9335 1.4500 21.2851 -0.3977 0.5921
Pedestrian -1 -1 3.2631 14.8709 156.1663 95.2749 312.7793 1.7759 0.7949 0.6760 -6.6042 1.4900 8.6560 2.6202 0.4774
Pedestrian -1 -1 3.1499 399.2966 155.5178 414.8372 201.6887 1.8881 0.6957 0.6153 -8.0747 0.8266 29.7871 2.8824 0.3895
Pedestrian -1 -1 2.3835 794.5480 150.6043 825.4130 205.4436 1.8755 0.7989 0.6663 7.2526 0.8200 25.0737 2.6573 0.3767
Pedestrian -1 -1 -0.9059 569.2535 174.2899 588.9986 208.8663 1.7769 0.7919 0.6564 -1.1668 1.4072 37.4113 -0.9420 0.3748
Pedestrian -1 -1 2.3158 721.7298 167.2772 742.6156 205.6139 1.7753 0.7053 0.6588 6.1298 1.1176 33.7424 2.4891 0.3314
Pedestrian -1 -1 3.6258 202.5591 164.3849 233.7316 218.6192 1.8785 0.8055 0.6720 -13.5066 1.2868 25.2839 3.1343 0.3274
Pedestrian -1 -1 1.4927 773.4096 157.6352 796.7803 203.7890 1.8456 0.8665 0.6155 7.4163 0.8923 29.0962 1.7351 0.3272
Pedestrian -1 -1 2.9491 170.1653 171.2733 189.4185 209.3092 1.8378 0.7410 0.6835 -20.6778 1.3446 35.2097 2.4163 0.3153
Pedestrian -1 -1 2.2184 766.8288 158.7809 788.7863 201.4505 1.8234 0.7044 0.6024 7.6349 0.8535 31.1565 2.4518 0.3092
Pedestrian -1 -1 3.0810 460.0589 173.9010 477.9828 214.5407 1.7606 0.6969 0.7298 -5.8321 1.4323 31.5439 2.8946 0.2888
Pedestrian -1 -1 2.0547 783.9606 154.8668 811.4318 205.0450 1.8410 0.7946 0.6205 7.3150 0.8649 26.8496 2.3132 0.2816
Pedestrian -1 -1 1.5741 477.1471 192.2658 504.9194 245.1704 1.7590 0.9222 0.7170 -3.7863 2.1333 24.4782 1.4167 0.2771
Pedestrian -1 -1 -1.3145 675.3168 176.2400 684.2365 196.3759 1.6466 0.5914 0.6346 6.4776 1.2170 59.1395 -1.2108 0.2662
Pedestrian -1 -1 3.1381 183.3828 125.6294 213.1160 216.7381 1.8596 0.5558 0.5343 -8.4753 0.7205 15.0324 2.6273 0.2574
Pedestrian -1 -1 -1.4722 0.0000 194.6136 31.9607 265.8402 1.6732 0.8160 0.6909 -14.5228 2.0047 17.5751 -2.1609 0.2534
Cyclist -1 -1 -3.4457 878.1181 158.4505 1021.3298 359.1050 1.7455 1.8887 0.7041 3.3571 1.5464 7.2239 -3.0302 0.3582
Cyclist -1 -1 -0.4456 735.5917 183.1436 840.6030 325.7640 1.7492 1.8052 0.6359 2.4367 1.7751 9.7789 -0.2136 0.3464
Cyclist -1 -1 -0.3902 585.5872 175.5828 606.8640 204.8845 1.7559 1.8111 0.6542 -0.3253 1.4020 44.0041 -0.4026 0.3101
Cyclist -1 -1 -3.4704 839.2333 142.3233 965.3357 287.1684 1.6984 1.8005 0.9425 3.7856 1.2404 9.3391 -3.1004 0.3060
Cyclist -1 -1 -0.2138 700.1967 169.2601 749.1289 259.4552 1.7498 1.8101 0.6036 2.4802 1.5136 14.8537 -0.0567 0.2966
Cyclist -1 -1 2.9513 572.1198 174.8396 590.7723 209.2098 1.7479 1.7924 0.6341 -1.0584 1.4100 37.4716 2.9182 0.2911
Cyclist -1 -1 -0.3785 696.0000 189.6503 753.2587 285.9006 1.6527 1.6544 0.4466 2.2165 1.8150 13.3327 -0.2227 0.2879
Cyclist -1 -1 0.1628 204.6673 164.4735 247.4312 226.4831 1.6781 1.6934 0.8135 -10.6479 1.2185 20.3685 -0.3188 0.2855
Cyclist -1 -1 -3.1199 674.0885 172.8947 696.3669 233.6641 1.7339 1.7736 0.6326 2.4804 1.4895 21.4141 -3.0112 0.2846
Cyclist -1 -1 -0.3445 672.2357 176.4729 687.3103 197.7335 1.7221 1.8710 0.6290 6.4702 1.3154 59.1657 -0.2410 0.2813
Cyclist -1 -1 3.2520 427.2442 181.4153 460.6832 252.9805 1.7029 1.8662 0.6273 -3.9689 1.7021 18.0515 3.0331 0.2731
Cyclist -1 -1 0.2281 202.0063 166.5742 234.0770 215.3899 1.6685 1.6418 0.6508 -13.5753 1.1594 25.4264 -0.2631 0.2686
Cyclist -1 -1 -0.2429 517.7452 178.4812 529.9870 200.0110 1.6280 1.6747 0.5399 -5.9457 1.4003 55.1948 -0.3547 0.2663
Cyclist -1 -1 -0.5868 759.3752 159.7164 793.4794 202.3769 1.8061 1.7920 0.5310 7.6039 0.8848 31.3418 -0.3557 0.2662
Cyclist -1 -1 3.1726 461.1351 175.9597 475.0521 215.0590 1.6714 1.6960 0.5584 -5.8688 1.4355 31.5853 2.9852 0.2637
Cyclist -1 -1 -0.5868 810.9394 159.1304 863.2008 223.7535 1.8024 1.8816 0.4721 6.8303 1.1796 21.0016 -0.2812 0.2636
Cyclist -1 -1 -0.1505 484.4670 168.5242 503.7218 205.9301 1.7797 1.7243 0.6704 -5.2634 1.1633 35.0975 -0.3033 0.2492
Car -1 -1 3.0145 601.8948 177.3421 626.9561 195.4296 1.5304 3.5230 1.7308 1.1352 1.1791 62.6265 3.0276 0.4517
Car -1 -1 -0.2342 726.7466 168.1746 825.9333 236.5447 1.6194 3.8575 1.6311 4.4501 1.3050 18.9500 -0.0119 0.2651
Car -1 -1 -0.1623 377.6531 181.6541 404.9087 199.1955 1.4953 3.5528 1.7360 -18.4927 1.5096 63.2392 -0.4507 0.2567
