Pedestrian -1 -1 2.1445 1133.5734 157.6191 1242.0000 359.4186 1.7200 0.8209 0.7058 5.4376 1.5905 6.6505 2.8076 0.3288
Pedestrian -1 -1 3.3832 295.6621 158.5188 329.6199 228.3071 1.8501 0.8690 0.6631 -8.1170 1.4705 19.6041 2.9950 0.2653
Pedestrian -1 -1 2.6620 821.2728 171.4753 852.5439 227.8721 1.6885 0.7909 0.6125 6.8796 1.6476 22.0440 2.9600 0.2652
Pedestrian -1 -1 1.5759 337.1012 190.1737 381.1306 260.8066 1.6782 1.0123 0.7480 -6.2701 2.1209 17.9108 1.2431 0.2644
Pedestrian -1 -1 3.3775 158.8420 153.2433 199.3490 234.3130 1.8380 0.8097 0.6373 -10.0926 1.3938 16.8366 2.8443 0.1936
Pedestrian -1 -1 1.4842 1092.1987 136.9625 1191.4335 292.7622 1.7576 0.8921 0.6274 6.2757 1.3530 8.6320 2.0962 0.1860
Pedestrian -1 -1 2.0227 395.7644 159.5431 423.8921 210.0536 1.8797 0.8634 0.5619 -7.5868 1.3847 27.2027 1.7528 0.1849
Pedestrian -1 -1 -0.3912 762.9719 168.7053 783.1112 207.3551 1.7732 0.6846 0.7025 7.5267 1.5832 33.4979 -0.1726 0.1694
Pedestrian -1 -1 0.1445 337.9855 172.3243 359.3069 220.8820 1.7745 0.7166 0.6473 -9.7388 1.7555 26.7808 -0.2015 0.1677
Pedestrian -1 -1 -0.6659 830.4684 153.4318 871.2968 222.9122 1.7897 0.8467 0.6349 6.3175 1.2898 19.0895 -0.3514 0.1521
Pedestrian -1 -1 3.4608 279.9209 174.8220 307.3726 229.7735 1.7187 0.7188 0.6050 -10.1138 1.7827 22.9771 3.0500 0.1519
Cyclist -1 -1 0.3344 344.4689 194.6767 378.3478 259.7635 1.5216 1.4249 0.3516 -6.2541 2.0897 18.0567 0.0048 0.3033
Cyclist -1 -1 0.6138 245.2555 170.2762 281.3489 210.8499 1.7493 1.7904 0.5028 -15.4109 1.6385 32.0300 0.1684 0.2135
Cyclist -1 -1 -2.6574 353.2520 170.0893 377.7118 200.6726 1.8082 1.8959 0.5854 -14.8082 1.6451 43.6408 -2.9830 0.2021
Cyclist -1 -1 3.0547 542.5945 178.0439 551.1633 197.2365 1.7612 1.8594 0.6403 -5.9469 2.2556 67.7071 2.9670 0.1878
Cyclist -1 -1 2.8312 552.8855 174.9865 565.0776 193.6884 1.7022 1.7608 0.6162 -4.7495 1.9028 66.8146 2.7601 0.1749
Cyclist -1 -1 0.2412 157.6146 151.2519 206.6744 229.1855 1.7396 1.6938 0.5994 -10.1011 1.2577 16.9999 -0.2883 0.1721
Cyclist -1 -1 0.3353 369.6434 169.2319 391.8934 202.3119 1.7796 1.8412 0.5947 -12.6482 1.5851 39.7415 0.0288 0.1633
Cyclist -1 -1 3.4366 267.1723 169.6198 291.2777 206.3037 1.7507 1.6975 0.6030 -16.2133 1.5967 35.3128 3.0088 0.1507
Cyclist -1 -1 -2.7653 332.8025 172.3009 364.9142 219.6897 1.7138 1.6646 0.5525 -9.7731 1.6941 26.9312 -3.1106 0.1482
Cyclist -1 -1 2.4094 1052.8851 139.1207 1214.0574 294.1810 1.7643 1.8314 0.5432 6.4889 1.3809 9.1505 3.0107 0.1476
Cyclist -1 -1 0.1887 411.3597 164.2722 433.1701 205.3015 1.8072 1.7608 0.6368 -8.5294 1.4296 32.6777 -0.0650 0.1461
Cyclist -1 -1 -3.2225 762.7982 168.1936 779.6558 206.9750 1.7550 1.8050 0.6143 7.4549 1.5444 33.5849 -3.0064 0.1425
Cyclist -1 -1 3.2313 440.5058 173.3757 452.2036 201.5276 1.8174 1.9177 0.5837 -10.8199 1.8529 47.6037 3.0087 0.1425
Cyclist -1 -1 3.2521 297.3731 159.3995 327.5428 228.9193 1.8058 1.7874 0.5628 -8.1433 1.4567 19.6761 2.8640 0.1417
Cyclist -1 -1 -0.2663 698.0059 188.1712 727.9642 255.2707 1.5553 1.4230 0.3598 2.4755 1.9487 17.7837 -0.1313 0.1411
Car -1 -1 -0.0718 562.9211 178.2084 593.1018 203.5851 1.5487 3.7773 1.6824 -2.1451 1.9113 46.8399 -0.1178 0.3775
Car -1 -1 -0.3530 672.8834 179.9545 713.3954 202.5284 1.4613 3.6572 1.6096 5.6775 1.9722 49.9107 -0.2409 0.2166
Car -1 -1 0.2821 495.0906 179.8772 528.3917 200.4105 1.6180 4.0166 1.7128 -8.2071 2.2270 60.4107 0.1473 0.1784
Car -1 -1 -1.6795 695.6659 176.1196 732.6301 192.9245 1.4998 3.1431 1.9142 9.4513 1.8025 65.7913 -1.5378 0.1721
Car -1 -1 0.5376 218.4580 174.8425 306.6237 215.0249 1.6047 3.9196 1.6301 -14.8755 1.6962 31.0409 0.0938 0.1577
Car -1 -1 0.3790 432.4884 179.1163 480.6572 205.5255 1.6347 4.1581 1.7083 -10.1516 2.0698 47.8932 0.1708 0.1469
Car -1 -1 -0.4390 0.0000 168.9238 75.1626 215.9117 1.6273 3.4190 1.5976 -21.5177 1.4916 26.4535 -1.1171 0.1409
Car -1 -1 2.9738 700.4578 174.2432 733.2037 197.2776 1.6351 4.2175 1.7136 7.8619 1.7427 53.5996 3.1182 0.1408
