Pedestrian -1 -1 -0.7387 1028.0322 145.1579 1078.8066 224.8679 1.8409 0.8017 0.6557 10.4608 1.2016 17.1185 -0.1981 0.2842
Pedestrian -1 -1 2.6879 899.7557 154.2973 934.3027 213.4638 1.8435 0.8596 0.7007 9.7019 1.2657 22.9279 3.0832 0.2668
Pedestrian -1 -1 0.0114 229.8064 180.3335 247.8568 223.5265 1.7218 0.6524 0.6444 -15.1344 2.0310 29.3471 -0.4613 0.2627
Cyclist -1 -1 0.2352 88.7676 188.5702 126.7163 244.4657 1.7044 1.8840 0.5867 -16.4051 2.2389 23.5365 -0.3685 0.2483
Cyclist -1 -1 -0.3223 298.1274 173.6358 325.9697 208.3270 1.6474 1.7640 0.7363 -14.5876 1.6869 35.2107 -0.7127 0.2347
Cyclist -1 -1 3.2576 371.8120 175.3475 396.8353 227.8425 1.7573 1.8836 0.6198 -7.9187 1.8482 25.2274 2.9559 0.2277
Cyclist -1 -1 0.2996 127.6945 183.6696 161.7928 236.5424 1.7314 1.8726 0.4543 -16.1322 2.1207 24.9819 -0.2692 0.2144
Cyclist -1 -1 2.7017 892.6625 154.4485 937.8537 213.6564 1.8240 1.8870 0.5764 9.7336 1.2573 23.1813 3.0943 0.2140
Car -1 -1 1.7771 396.8592 185.7881 456.7340 225.9868 1.5877 1.7717 4.0015 -8.0406 2.1953 31.8380 1.5311 0.6768
Car -1 -1 1.7957 460.7298 183.7284 506.8097 212.7464 1.5240 1.8182 3.6633 -7.1820 2.1733 41.1768 1.6236 0.6017
Car -1 -1 1.0152 282.8629 175.3436 412.9638 232.8374 1.7011 3.1703 2.4567 -8.5482 1.7896 23.5249 0.6698 0.5925
Car -1 -1 3.1288 369.2557 182.7395 401.5619 212.1086 1.4955 3.7294 1.6403 -12.5475 2.0735 40.1305 2.8273 0.2788
Car -1 -1 3.1652 498.3983 182.0378 525.6078 206.2355 1.5061 3.4719 1.7172 -6.5305 2.1420 48.1086 3.0306 0.2665
Car -1 -1 -0.2508 766.6041 166.6979 804.1190 189.9110 1.6215 3.9429 1.7092 12.6530 1.1918 52.3831 -0.0154 0.2245
Car -1 -1 0.2567 389.5915 172.0889 427.6227 196.9443 1.6441 3.6675 1.6370 -13.8173 1.5938 49.5694 -0.0141 0.2224
