Pedestrian -1 -1 2.9472 531.8119 166.7977 550.2398 209.9476 1.8449 0.8416 0.6453 -3.0411 1.5863 31.3425 2.8508 0.2000
Pedestrian -1 -1 2.6327 776.1309 147.9624 818.4742 230.7363 1.9084 0.8393 0.6414 4.3864 1.3349 17.1215 2.8788 0.1851
Pedestrian -1 -1 3.1686 390.4346 172.7615 419.4768 251.5907 1.7194 0.7774 0.6056 -4.6414 1.7177 16.1862 2.8930 0.1724
Pedestrian -1 -1 1.6788 707.6230 174.4991 737.8468 228.9140 1.7165 0.8971 0.6685 3.5874 1.7708 23.2219 1.8294 0.1628
Cyclist -1 -1 -0.0365 611.6022 170.2317 619.3484 193.6853 1.7990 1.8715 0.5334 0.3967 1.5982 56.2862 -0.0299 0.2867
Cyclist -1 -1 -0.1228 569.8582 168.6982 584.8981 200.9234 1.7291 1.6966 0.6186 -1.8344 1.5065 39.6019 -0.1692 0.2030
Cyclist -1 -1 -0.1324 705.7017 173.9019 731.5857 229.4700 1.7093 1.7827 0.5802 3.4200 1.7445 23.1205 0.0119 0.1901
Cyclist -1 -1 1.9989 405.0569 182.4091 480.1584 244.9647 1.7332 1.9628 0.7634 -4.8482 2.0157 20.7317 1.7712 0.1840
Cyclist -1 -1 -3.4830 879.5119 159.1248 933.6017 229.1473 1.7102 1.8474 0.6924 7.5443 1.3753 18.5564 -3.1029 0.1630
Car -1 -1 -1.8682 782.1144 166.7411 997.2224 304.5773 1.6073 1.6760 3.9756 3.6881 1.5363 10.4250 -1.5380 0.7832
Car -1 -1 -2.6342 528.8182 180.0904 626.1873 228.3210 1.5299 3.3963 2.0377 -1.1190 1.8054 25.4521 -2.6784 0.6302
Car -1 -1 -1.5211 579.2856 178.0895 619.2618 212.9320 1.5359 1.7184 3.7089 -0.4977 1.7985 34.2530 -1.5361 0.4814
Car -1 -1 -1.5894 706.6146 174.8649 741.9995 205.4677 1.5258 1.7609 3.6863 5.9653 1.6380 38.1720 -1.4361 0.4307
Car -1 -1 -0.2655 711.8058 160.8826 814.8483 229.2737 1.6611 4.0876 1.6803 3.9804 1.3707 19.6193 -0.0689 0.3649
Car -1 -1 2.7472 676.9991 176.0639 715.3431 196.8553 1.5330 3.5864 1.6860 6.5937 1.7901 55.7563 2.8639 0.1700
