Pedestrian -1 -1 -1.6356 0.0000 206.6826 20.5530 249.4569 1.7155 0.7567 0.7561 -25.3318 3.1624 30.3157 -2.3275 0.2443
Cyclist -1 -1 -0.0964 186.5910 189.4789 211.3153 239.2126 1.7555 1.8051 0.6369 -15.4385 2.3994 27.0047 -0.6118 0.3847
Cyclist -1 -1 3.3282 204.0847 182.9520 218.6857 206.2921 1.7107 1.9220 0.6227 -30.2732 2.4917 54.7659 2.8250 0.3122
Cyclist -1 -1 -3.5949 1108.8033 138.1956 1203.5455 238.9403 1.7425 1.7009 0.7072 10.0171 1.1434 13.3769 -2.9629 0.2841
Cyclist -1 -1 0.0906 0.0000 170.5855 16.1250 207.7117 1.7936 1.9116 0.6150 -30.0210 1.6843 35.8161 -0.6034 0.2814
Cyclist -1 -1 2.9096 676.4504 148.8471 703.8160 206.5188 1.8594 1.8172 0.4996 2.6256 1.0857 24.1932 3.0160 0.2252
Car -1 -1 2.6336 432.1146 185.2858 635.0858 266.4117 1.4864 1.6131 4.1027 -1.6317 1.7876 15.6187 2.5302 0.6566
Car -1 -1 2.8044 351.4589 180.6695 524.8175 246.9734 1.5702 1.6906 4.2048 -4.6104 1.8003 19.3634 2.5730 0.5438
Car -1 -1 -0.7474 639.8928 189.5892 946.3464 333.9713 1.4860 1.5325 3.8806 2.3926 1.7421 9.4095 -0.5073 0.5134
Car -1 -1 -1.4064 812.9741 181.6255 1045.1093 375.0000 1.5067 1.6513 3.5645 3.4187 1.6216 7.4747 -0.9935 0.3944
Car -1 -1 -0.4247 472.9333 177.6932 548.7034 217.8152 1.5282 3.9067 1.6575 -4.2397 1.7443 30.0780 -0.5641 0.2594
