Cyclist -1 -1 3.0982 522.8382 175.9026 534.1882 205.1420 1.6965 1.7660 0.5908 -4.7319 1.1572 42.6218 2.9879 0.3195
Car -1 -1 -1.2370 317.6876 181.5636 446.8569 256.1126 1.5517 1.6878 3.9087 -5.1908 1.4768 16.9456 -1.5302 0.6985
Car -1 -1 -1.2503 122.3859 190.2434 371.4204 340.3146 1.4964 1.6612 3.7653 -4.3619 1.5761 9.2575 -1.6798 0.6813
Car -1 -1 3.4386 242.0683 180.8887 322.2241 224.9079 1.5140 3.6326 1.7026 -11.9954 1.3663 26.6273 3.0189 0.6095
Car -1 -1 -1.5238 574.8262 172.7577 615.9888 209.0498 1.5750 1.7216 3.7785 -0.5495 1.0355 33.1075 -1.5406 0.5418
Car -1 -1 -0.9006 140.7285 183.2447 310.5048 257.3344 1.5199 1.5538 3.5992 -8.7138 1.4806 16.6588 -1.3762 0.5272
Car -1 -1 0.2424 411.3564 182.5908 464.9807 216.8995 1.5026 3.3833 1.6415 -7.8003 1.3888 33.1823 0.0129 0.4839
Car -1 -1 0.1862 468.5381 171.6736 531.6998 217.6597 1.7268 4.3102 1.7605 -4.3136 1.2194 29.1786 0.0404 0.4075
Car -1 -1 3.2872 334.3014 171.9778 398.2673 219.0331 1.5781 3.3297 1.7092 -8.6590 1.1353 25.8926 2.9674 0.3492
Car -1 -1 3.0772 158.3518 179.4114 189.2242 202.2735 1.5436 3.6239 1.6299 -30.5227 1.1529 50.4859 2.5354 0.3279
Car -1 -1 -0.3466 489.2343 177.1441 537.7620 203.5579 1.5357 3.9561 1.6918 -5.8332 1.0676 43.9362 -0.4782 0.3220
Car -1 -1 0.1919 445.5968 175.2824 514.7009 223.2350 1.5278 3.8588 1.6368 -4.3594 1.2124 24.8442 0.0197 0.2920
