Pedestrian -1 -1 2.5705 477.6036 183.8013 509.1696 228.9991 1.6317 0.8056 0.8500 -4.2613 1.5818 26.5320 2.4123 0.2936
Pedestrian -1 -1 0.9715 198.2337 199.1604 230.6012 242.5518 1.7832 0.9103 0.8049 -16.7243 2.3875 30.5044 0.4731 0.2289
Cyclist -1 -1 -1.3175 379.2087 181.4165 407.0377 208.0486 1.8803 1.7917 0.6453 -15.2727 1.6132 51.1046 -1.6069 0.2570
Cyclist -1 -1 2.3054 830.5306 155.2387 874.2269 199.8027 1.8461 1.8548 0.5774 10.4008 0.6054 30.7252 2.6287 0.2544
Cyclist -1 -1 -0.9320 191.8123 196.9045 239.8627 241.0679 1.8328 1.7067 0.7119 -16.6875 2.3385 30.5525 -1.4288 0.2298
Cyclist -1 -1 3.0871 484.4530 183.7590 500.8711 226.9867 1.5480 1.5390 0.5137 -4.2977 1.4969 26.5447 2.9278 0.2269
Car -1 -1 2.0283 0.0000 197.5639 185.6400 312.0394 1.5097 1.6551 3.7973 -8.7345 1.7501 11.9182 1.4062 0.7605
Car -1 -1 -1.5646 708.2488 183.0716 763.0598 230.7495 1.4977 1.7063 3.8536 4.3382 1.4315 24.6249 -1.3926 0.6317
Car -1 -1 1.5347 789.3594 177.1862 816.2810 199.3630 1.5401 1.7296 3.7620 14.0392 0.9836 51.9447 1.7969 0.4836
Car -1 -1 3.0817 377.9966 182.2296 404.4943 203.4129 1.4898 3.4404 1.6472 -15.8423 1.2809 52.4516 2.7894 0.4648
Car -1 -1 0.4464 34.5612 188.8614 169.2834 245.8073 1.4706 3.6631 1.7483 -14.4684 1.5869 20.7547 -0.1566 0.3331
Car -1 -1 3.0110 385.6948 180.2345 411.5760 199.0926 1.5662 3.7242 1.6624 -17.9975 1.1536 61.7382 2.7282 0.3171
Car -1 -1 -0.0062 166.1289 194.7199 205.0412 225.5864 1.4843 3.5271 1.6902 -22.1780 2.0098 37.7117 -0.5352 0.3031
Car -1 -1 2.6812 457.5799 182.2388 510.6624 208.1107 1.4882 3.7987 1.6345 -7.5233 1.3181 43.3630 2.5100 0.2579
