Pedestrian -1 -1 -0.3284 789.2595 174.5889 813.0096 221.6799 1.7007 0.6555 0.6627 6.9540 1.7654 26.4326 -0.0745 0.3003
Pedestrian -1 -1 2.0810 0.0000 161.9589 97.6104 301.4042 1.7560 0.8365 0.6746 -7.4307 1.6192 9.4763 1.4294 0.2730
Pedestrian -1 -1 -0.3405 751.9022 140.6705 815.9451 262.8429 1.8348 0.8776 0.7166 2.6567 1.3518 11.3110 -0.1164 0.2715
Pedestrian -1 -1 -0.9692 1117.8221 121.9557 1207.3982 250.0621 1.8161 0.8360 0.6527 8.1471 1.0949 10.7277 -0.3329 0.2641
Cyclist -1 -1 -0.0405 451.2189 175.2621 461.2478 200.4089 1.7675 1.8565 0.6297 -11.0898 1.9442 51.8762 -0.2504 0.2935
Cyclist -1 -1 3.3943 265.0492 197.5390 319.0814 295.5494 1.7179 1.7975 0.5222 -6.2044 2.2305 14.0404 2.9844 0.2769
Car -1 -1 1.7673 325.3509 190.3554 466.9948 292.0458 1.5075 1.7495 3.8765 -3.8219 1.8810 13.3818 1.4934 0.7495
Car -1 -1 1.7368 432.8344 190.7867 507.3887 247.5130 1.4707 1.6133 3.6312 -4.1586 2.0559 21.6953 1.5489 0.7238
Car -1 -1 3.0232 635.6951 179.2692 679.8372 213.8308 1.5095 3.7804 1.6343 2.1664 1.8308 34.1619 3.0854 0.6173
Car -1 -1 3.5335 116.8571 200.1377 310.4917 304.6413 1.4407 3.7117 1.6850 -6.8665 2.0008 12.8736 3.0515 0.6133
Car -1 -1 1.2826 744.9211 164.5123 844.0398 208.2315 1.7843 3.6587 1.9125 7.6924 1.4442 30.4802 1.5270 0.4158
Car -1 -1 0.3088 490.2166 183.3833 528.4241 206.8777 1.4989 3.4674 1.6211 -6.8996 2.2490 49.5303 0.1707 0.3818
Car -1 -1 -0.9806 137.8233 183.7886 280.1240 235.2072 1.5772 3.7643 1.6877 -13.0769 1.9500 23.5636 -1.4828 0.3556
Car -1 -1 -2.6325 802.9972 171.1143 890.4122 212.3970 1.5156 2.5192 2.3171 9.2080 1.4521 28.1937 -2.3203 0.2919
Car -1 -1 -3.3194 721.6782 171.9955 767.2295 203.5224 1.5574 3.5513 1.7055 6.8801 1.5154 37.4186 -3.1394 0.2716
