Pedestrian -1 -1 1.1279 792.5795 156.7003 886.9767 299.6706 1.7650 0.9978 0.5777 2.9529 1.4729 9.0781 1.4340 0.6365
Pedestrian -1 -1 1.4999 57.0099 188.9229 98.2785 250.3291 1.7077 0.9097 0.7354 -15.2455 1.9591 20.3904 0.8668 0.3961
Pedestrian -1 -1 1.9861 834.6378 175.4786 875.2283 243.7888 1.6735 0.7450 0.7080 6.2672 1.5521 17.8296 2.3201 0.3835
Pedestrian -1 -1 2.6003 640.8998 160.8668 698.0682 260.9515 1.7653 0.8535 0.7066 1.1337 1.4206 13.0045 2.6870 0.2868
Pedestrian -1 -1 2.8995 12.6722 171.7687 73.4043 261.5923 1.7490 0.8578 0.7888 -11.4391 1.5806 14.3372 2.2385 0.2706
Pedestrian -1 -1 2.8000 515.8915 163.5641 567.2271 262.4128 1.7412 0.8772 0.6848 -1.2189 1.4445 12.9911 2.7105 0.2451
Pedestrian -1 -1 -1.7916 1124.6188 190.5213 1224.0000 370.0000 1.6965 0.6506 0.7240 4.3635 1.7807 5.3460 -1.1342 0.2392
Pedestrian -1 -1 2.9747 254.9258 164.0543 305.8516 259.2878 1.7658 0.8813 0.7655 -6.3329 1.4625 13.6840 2.5518 0.2388
Pedestrian -1 -1 1.0409 970.1428 191.2459 1134.3661 370.0000 1.6484 0.7874 0.7119 3.2802 1.7366 5.3304 1.5681 0.2366
Pedestrian -1 -1 1.6963 77.9048 202.6511 112.8435 259.2394 1.6863 0.7938 0.7155 -15.8523 2.3918 21.9613 1.0792 0.2119
Pedestrian -1 -1 2.9854 618.9898 161.1716 652.0795 234.9636 1.8130 0.8876 0.7030 0.7243 1.3397 17.8476 3.0270 0.1985
Pedestrian -1 -1 1.1963 555.9931 156.7811 613.5759 248.9792 1.8584 1.0608 0.5774 -0.4647 1.3819 14.7202 1.1673 0.1965
Pedestrian -1 -1 -0.8969 993.4053 166.3654 1070.7173 275.2015 1.7694 0.8880 0.6917 7.2076 1.5413 12.0285 -0.3671 0.1928
Pedestrian -1 -1 1.2379 1068.5100 159.0775 1147.1843 266.2742 1.7563 0.9197 0.6600 8.4826 1.4069 12.0199 1.8417 0.1608
Cyclist -1 -1 1.7592 630.3971 161.1413 738.4496 257.3557 1.6927 1.8836 0.7167 1.4284 1.3538 13.0524 1.8674 0.2424
Cyclist -1 -1 0.5883 76.1802 198.6623 122.8896 255.0740 1.6655 1.5451 0.3923 -15.8430 2.2561 22.1479 -0.0244 0.2365
Cyclist -1 -1 1.4859 681.9385 163.6204 758.4478 233.5281 1.7446 1.8755 0.6380 2.8798 1.3250 18.0266 1.6433 0.2075
Cyclist -1 -1 -0.4051 858.7036 175.9780 940.3908 296.8083 1.6154 1.7239 0.4303 4.2028 1.5566 10.3152 -0.0272 0.2029
Cyclist -1 -1 -1.6566 553.1523 143.7550 630.7159 217.7750 1.8200 1.9043 0.6319 -0.3780 0.9181 17.7932 -1.6754 0.2006
Cyclist -1 -1 0.1092 255.3555 161.3592 303.3210 259.1372 1.7768 1.8189 0.6420 -6.3717 1.4306 13.8073 -0.3127 0.1857
Cyclist -1 -1 -0.8131 0.0000 168.3678 97.9213 258.7216 1.7848 1.8357 0.5847 -11.4176 1.5468 14.3426 -1.4729 0.1822
Cyclist -1 -1 0.8883 1068.8749 186.7100 1224.0000 370.0000 1.6452 1.6766 0.5888 5.1460 1.7055 6.3556 1.5463 0.1748
Cyclist -1 -1 -1.9256 796.5038 161.1863 917.9297 264.0155 1.6514 1.7926 0.5980 4.0958 1.3429 11.6706 -1.5948 0.1503
Cyclist -1 -1 1.9236 246.6402 173.6818 384.7101 285.0253 1.6943 1.8922 0.6827 -4.5622 1.5922 11.1187 1.5458 0.1495
Cyclist -1 -1 -0.0753 521.2101 160.4057 560.8114 264.3279 1.7750 1.8055 0.5877 -1.2450 1.4334 13.0102 -0.1666 0.1466
Car -1 -1 0.3171 26.8164 184.7256 122.1509 231.1424 1.5451 3.8303 1.6646 -19.3898 1.7144 25.9882 -0.3164 0.2140
Car -1 -1 -2.2765 1154.9979 183.7763 1224.0000 370.0000 1.5496 1.6828 3.8914 6.5506 1.5871 5.6832 -1.4462 0.1861
Car -1 -1 2.6390 564.0112 186.0575 642.3045 224.4435 1.4948 3.8011 1.7207 -0.1688 1.7501 30.2087 2.6350 0.1498
