Pedestrian -1 -1 1.6889 297.5675 145.2841 407.8763 345.7682 1.8355 0.9412 0.5916 -2.5203 1.5834 6.9933 1.3538 0.5595
Pedestrian -1 -1 3.0421 362.4552 139.7270 427.0784 296.8549 1.8170 0.9575 0.6732 -2.7277 1.4343 8.9118 2.7525 0.5440
Pedestrian -1 -1 2.8649 603.6025 170.3164 625.0240 213.2940 1.7547 0.8432 0.6833 0.1329 1.6514 29.9543 2.8687 0.4331
Pedestrian -1 -1 1.4470 962.9966 167.4226 984.2867 202.5785 1.7869 0.9012 0.6577 18.6708 1.5112 37.1310 1.9093 0.2902
Cyclist -1 -1 -0.4851 590.7692 169.9724 625.3908 214.6952 1.8135 1.8543 0.6576 -0.1377 1.6970 30.2276 -0.4903 0.2263
Car -1 -1 -1.8671 774.2648 165.1742 873.7062 223.7182 1.7389 1.8746 4.4105 6.8190 1.5111 23.6514 -1.5903 0.5228
Car -1 -1 3.0002 629.3303 176.1290 659.2405 198.3046 1.5228 3.5445 1.6592 2.4048 1.7673 51.9342 3.0457 0.4968
Car -1 -1 -0.3348 682.4461 174.7806 724.2166 198.4406 1.5379 3.7200 1.6871 6.2893 1.6750 49.2178 -0.2089 0.4725
Car -1 -1 2.9260 616.8680 172.3906 644.3188 190.7868 1.5492 3.6243 1.6407 1.7369 1.5105 62.6924 2.9532 0.3989
Car -1 -1 2.1279 240.6052 176.6766 286.5526 193.6531 1.5350 3.4362 1.7354 -32.0543 1.8947 66.7658 1.6817 0.3400
Car -1 -1 2.0460 243.5979 180.6143 296.4610 198.7737 1.5416 3.7966 1.7504 -29.6777 2.2297 63.0011 1.6072 0.2548
Car -1 -1 0.1458 219.9395 172.4302 253.6078 194.9381 1.5335 3.5301 1.6168 -26.4112 1.5050 51.0882 -0.3294 0.2335
Car -1 -1 -2.4868 169.5156 180.7410 222.7094 202.1799 1.4922 3.4573 1.6467 -30.5917 2.0960 53.3838 -3.0052 0.2209
