Pedestrian -1 -1 2.7149 814.8865 169.3397 833.1597 205.9040 1.8193 0.7162 0.6406 10.7259 1.6448 36.2977 2.9996 0.3605
Pedestrian -1 -1 2.1273 839.5250 163.3616 876.1719 221.5296 1.7957 0.8549 0.7033 7.7931 1.5031 22.8259 2.4518 0.3428
Pedestrian -1 -1 2.5168 844.0383 151.7724 912.8146 266.8397 1.7752 0.8478 0.6643 4.2594 1.4504 11.6287 2.8590 0.2679
Pedestrian -1 -1 -0.1586 268.5983 174.6557 290.4264 220.5996 1.7667 0.8219 0.6583 -13.0126 1.8391 28.3089 -0.5862 0.2393
Pedestrian -1 -1 1.3647 632.1004 190.1370 642.6467 208.8057 1.7102 0.8485 0.7438 2.5341 3.3342 67.3438 1.4016 0.2108
Cyclist -1 -1 -3.0426 660.8563 179.8469 669.5425 199.2908 1.8003 1.9848 0.6332 5.2343 2.4753 68.5790 -2.9673 0.2405
Cyclist -1 -1 -1.4418 201.3714 162.5539 302.5768 250.2836 1.7806 1.8480 0.6210 -7.5684 1.5719 15.2315 -1.8964 0.2016
Cyclist -1 -1 -0.3740 804.8661 170.3403 831.8746 205.0257 1.7034 1.7785 0.6994 10.4446 1.5803 36.3499 -0.0968 0.1802
Cyclist -1 -1 0.4906 185.6184 199.9657 252.0857 301.5529 1.6000 1.5750 0.3038 -6.8312 2.1023 12.5693 0.0011 0.1789
Car -1 -1 1.6837 445.1302 189.2649 532.7908 258.6885 1.5401 1.8181 4.1170 -3.1246 2.0227 19.0968 1.5228 0.6590
Car -1 -1 -0.9106 0.0000 199.4114 249.6673 375.0000 1.5583 1.6775 4.1658 -3.3443 1.7559 3.1955 -1.6778 0.5163
Car -1 -1 1.6185 637.0295 192.1516 675.0298 210.1456 1.6003 3.4680 1.6680 4.2965 3.4300 67.3768 1.6813 0.4728
Car -1 -1 -0.8133 665.9879 180.6956 713.8349 199.7643 1.5423 3.9157 1.8158 6.8312 2.2407 62.1455 -0.7048 0.3164
