Pedestrian -1 -1 1.5404 796.2122 188.4090 900.5897 363.9300 1.6253 0.9472 0.6985 2.3023 1.7913 7.2213 1.8356 0.3133
Pedestrian -1 -1 1.8855 319.2003 188.1392 342.2579 225.4646 1.7288 0.8136 0.7906 -13.2606 2.4620 34.1746 1.5175 0.1974
Pedestrian -1 -1 0.4870 0.0000 118.4120 92.3804 294.6888 1.8117 0.7857 0.6212 -6.2454 1.2525 7.8524 -0.1686 0.1958
Pedestrian -1 -1 0.9865 881.6337 155.2937 965.4709 284.6575 1.7587 0.8705 0.6546 4.3708 1.5203 10.2104 1.3797 0.1875
Pedestrian -1 -1 3.1942 142.8303 154.9990 165.7259 208.9860 1.9164 0.6698 0.6633 -16.5004 1.2830 26.0639 2.6343 0.1494
Pedestrian -1 -1 1.6924 105.4351 162.9155 137.4451 203.9807 1.8057 1.1136 0.6520 -21.8789 1.3691 32.2680 1.1002 0.1328
Pedestrian -1 -1 2.7319 102.4815 163.9756 123.1479 202.0893 1.9193 0.7191 0.6350 -25.3898 1.4725 36.7915 2.1310 0.1317
Pedestrian -1 -1 -1.3346 484.8621 175.8857 493.7709 197.0842 1.6948 0.5648 0.6810 -9.7480 1.9410 58.1448 -1.5003 0.1196
Cyclist -1 -1 0.0850 825.4319 196.9860 873.1681 367.3302 1.4850 1.4222 0.3598 2.3594 1.7512 7.2195 0.3873 0.2189
Cyclist -1 -1 -0.0838 623.0571 176.8728 634.4861 205.9146 1.6134 1.6867 0.5089 1.0301 1.8479 41.1762 -0.0595 0.1743
Cyclist -1 -1 -2.6676 312.3818 186.1690 346.7889 225.4827 1.7701 1.9506 0.7049 -13.2986 2.4197 34.1728 -3.0365 0.1627
Cyclist -1 -1 -0.1966 673.3500 157.7775 700.5220 203.2051 1.7490 1.6867 0.7519 2.9979 1.1689 28.6518 -0.0938 0.1613
Cyclist -1 -1 0.0449 484.4669 176.3989 493.2733 198.2825 1.7304 1.7037 0.6260 -9.7934 2.0212 58.2216 -0.1214 0.1466
Cyclist -1 -1 0.2229 108.6492 166.5095 134.6899 206.1194 1.7305 1.6942 0.6058 -21.9672 1.4537 32.4199 -0.3690 0.1231
Cyclist -1 -1 -0.3149 722.2443 165.9400 757.3963 223.9339 1.7493 1.7881 0.5515 4.0156 1.5411 22.6858 -0.1426 0.1216
Car -1 -1 3.0691 531.8151 177.1383 555.4567 196.4792 1.5436 3.5160 1.7123 -5.5946 1.9131 60.2897 2.9766 0.2735
Car -1 -1 3.1731 441.0502 179.6846 465.2216 201.6220 1.6568 4.2973 1.7695 -12.6354 2.2295 58.1806 2.9598 0.2177
Car -1 -1 3.3476 394.3524 178.6074 430.3965 202.9344 1.6160 3.9815 1.6723 -13.9278 2.0387 50.9291 3.0817 0.1675
Car -1 -1 -3.0465 603.2379 180.5715 629.6872 201.7158 1.5058 3.8953 1.6534 0.4992 2.1149 54.8825 -3.0380 0.1548
Car -1 -1 0.4359 185.5186 181.5454 273.4517 224.6257 1.5664 3.8789 1.6274 -15.2179 1.9399 29.0017 -0.0438 0.1492
Car -1 -1 -3.1526 610.0101 180.9148 636.4399 205.3069 1.5040 3.9335 1.6774 0.8182 2.0600 47.7611 -3.1361 0.1458
Car -1 -1 0.5141 491.0709 184.2028 540.4550 208.5528 1.4828 3.6555 1.6627 -6.2282 2.2668 47.8118 0.3848 0.1300
Car -1 -1 3.0346 457.1487 186.8473 497.6872 217.8980 1.4780 3.8758 1.7074 -7.1265 2.2626 38.3361 2.8515 0.1277
