Cyclist -1 -1 -0.3561 327.2633 182.9141 358.8571 226.9986 1.6823 1.8842 0.5639 -10.7247 2.0974 28.8406 -0.7095 0.3747
Cyclist -1 -1 3.0639 364.9308 176.4854 374.1427 197.1792 1.7686 1.8024 0.6247 -21.0060 2.0906 62.9503 2.7428 0.3558
Cyclist -1 -1 3.5925 0.0000 195.5103 80.1442 338.5967 1.6342 1.6141 0.3523 -7.5116 1.9534 9.3255 2.9282 0.2959
Cyclist -1 -1 -0.7643 1046.7775 152.3962 1178.7194 271.7876 1.7976 1.8631 0.6492 8.1167 1.4899 11.8347 -0.1753 0.2705
Car -1 -1 2.7317 495.7526 176.7154 673.4916 246.4138 1.5817 1.6896 4.1564 -0.6726 1.6884 18.2157 2.6944 0.6357
Car -1 -1 -0.4434 574.0247 184.2203 810.7089 275.5721 1.5227 1.5993 4.2394 1.5206 1.7641 13.8433 -0.3375 0.6194
Car -1 -1 -0.8145 848.5820 185.6360 1242.0000 375.0000 1.4970 1.5252 3.6138 4.2488 1.6414 6.8946 -0.2822 0.5365
Car -1 -1 3.3775 0.0000 191.4875 156.1663 248.4555 1.5179 1.5889 3.7405 -15.9840 2.1143 21.6255 2.7467 0.4234
Car -1 -1 3.1486 158.0784 186.2045 201.8213 222.8421 1.5474 3.9935 1.6913 -20.3829 2.2202 34.1894 2.6142 0.4062
Car -1 -1 3.4087 0.0000 193.8332 125.0941 279.6481 1.5435 1.5902 3.8032 -12.6949 2.0299 15.2107 2.7217 0.3884
Car -1 -1 1.2780 598.5920 175.5443 713.3638 218.1903 1.5244 3.9918 1.7473 1.6635 1.6313 27.2659 1.3376 0.3497
Car -1 -1 -1.0690 0.0000 193.8412 73.6483 375.0000 1.5721 1.6953 4.0136 -7.8743 1.8668 7.9572 -1.8324 0.3155
Car -1 -1 -3.8532 1036.9818 176.8972 1242.0000 375.0000 1.5186 1.5509 3.9355 4.9945 1.5490 4.3858 -3.0364 0.3111
