Pedestrian -1 -1 0.7997 0.0000 195.5209 25.7871 260.1602 1.7924 0.7476 0.6623 -17.4480 2.4558 20.6964 0.1054 0.3812
Pedestrian -1 -1 -0.7134 985.2495 111.2992 1093.2035 281.6795 1.8830 0.9030 0.6530 4.9624 1.2031 8.4786 -0.1993 0.3333
Pedestrian -1 -1 1.4702 80.7684 175.3135 117.8528 238.5680 1.9316 0.8781 0.7965 -16.0900 2.0112 22.6648 0.8582 0.2366
Pedestrian -1 -1 -0.1303 289.6998 168.8245 304.0825 204.1715 1.7931 0.7474 0.5866 -16.1273 1.5891 37.0719 -0.5383 0.2267
Pedestrian -1 -1 2.0309 64.9468 186.3277 101.8792 231.4302 1.7170 0.9451 0.7138 -20.5801 2.2512 28.1530 1.4040 0.1966
Pedestrian -1 -1 2.7224 729.2806 159.5948 753.2255 205.5389 1.8567 0.8634 0.6729 5.3477 1.3212 29.6557 2.8986 0.1689
Cyclist -1 -1 0.5134 260.7137 197.3362 286.4247 236.5328 1.6630 1.5830 0.3074 -15.1406 2.7905 32.4129 0.0791 0.2762
Cyclist -1 -1 -0.3197 725.3251 160.3864 754.9360 206.3719 1.8414 1.9597 0.6152 5.3332 1.3425 29.9043 -0.1454 0.2751
Cyclist -1 -1 -0.8815 35.2843 198.6701 93.4062 246.6423 1.8306 1.7680 0.7243 -21.4827 2.8603 28.3655 -1.5254 0.2655
Cyclist -1 -1 -1.4559 141.1458 181.5726 170.6230 205.4363 1.8293 1.8895 0.6797 -35.5981 2.5215 56.5415 -2.0158 0.2356
Cyclist -1 -1 -3.6875 1037.5189 171.2060 1075.3354 210.6033 1.6944 1.7724 0.5783 19.6851 1.6239 31.9160 -3.1394 0.2182
Cyclist -1 -1 3.0178 396.2101 182.0267 409.6584 209.0692 1.7421 1.8793 0.6350 -13.8530 2.3670 48.1390 2.7387 0.1905
Cyclist -1 -1 0.3117 181.8952 193.2337 215.2262 239.6131 1.7761 1.8817 0.6328 -16.8308 2.6370 29.4798 -0.2036 0.1880
Cyclist -1 -1 0.2822 0.0000 198.0311 27.9942 263.3610 1.7390 1.7908 0.5270 -17.4943 2.4992 20.8444 -0.4099 0.1790
Cyclist -1 -1 3.1666 365.9691 189.4417 377.9467 219.5812 1.7564 1.5722 0.6516 -14.4850 2.7838 43.8243 2.8487 0.1709
Cyclist -1 -1 -3.3941 792.9230 149.8184 833.6144 223.9514 1.8596 1.8577 0.5726 5.2872 1.2821 19.0296 -3.1277 0.1696
Car -1 -1 -2.1501 910.1828 188.2410 1242.0000 375.0000 1.5394 1.6883 4.1745 3.6262 1.6886 4.8645 -1.5392 0.7486
Car -1 -1 -1.5577 602.9963 179.5869 659.1547 237.0950 1.5159 1.5161 3.6779 0.5929 1.7327 21.3217 -1.5312 0.7244
Car -1 -1 3.3945 144.8764 182.8787 181.5531 203.2257 1.5305 3.6131 1.6588 -36.0042 2.3667 58.1840 2.8422 0.3439
Car -1 -1 3.4202 373.7289 184.1860 415.2463 208.3284 1.4718 3.8219 1.6395 -14.2252 2.2516 47.7055 3.1316 0.2078
Car -1 -1 3.2474 59.1489 180.3183 110.4383 214.8495 1.5319 3.8537 1.5991 -25.4230 1.9155 34.9720 2.6223 0.1987
Car -1 -1 -0.1452 658.5579 184.3754 690.7509 206.9657 1.5164 3.9538 1.7698 4.6359 2.3878 52.5223 -0.0582 0.1956
Car -1 -1 0.3071 468.6166 188.7667 513.6390 214.3796 1.5139 3.9244 1.8097 -7.7663 2.6030 47.2924 0.1447 0.1938
Car -1 -1 -0.6371 1070.3350 164.9025 1183.1321 208.2075 1.5296 3.6676 1.5822 19.3945 1.2491 27.3368 -0.0254 0.1922
Car -1 -1 3.4722 329.3008 186.7560 378.7863 213.8784 1.4688 3.7356 1.6430 -15.1767 2.3312 42.8665 3.1335 0.1797
