Pedestrian -1 -1 1.9627 0.0000 148.2446 149.5186 375.0000 1.7471 0.9411 0.7398 -3.5389 1.6132 4.4098 1.3151 0.4775
Pedestrian -1 -1 2.5616 767.5215 146.9854 808.7855 231.0455 1.8043 0.6725 0.6128 3.8716 1.2494 15.9051 2.7955 0.4706
Pedestrian -1 -1 0.5511 1009.6953 172.2131 1051.3787 235.8150 1.7826 0.9317 0.6464 12.0335 1.7650 20.7277 1.0703 0.2706
Pedestrian -1 -1 2.7806 426.4775 163.1444 443.1839 200.1868 1.8306 0.7453 0.5876 -8.8112 1.3511 36.1291 2.5428 0.2367
Pedestrian -1 -1 2.5760 814.5745 135.5578 858.4858 227.1653 1.8126 0.5839 0.6344 4.5402 1.0750 14.6399 2.8707 0.2309
Pedestrian -1 -1 3.5179 256.7532 174.4507 271.9796 202.2438 1.8288 0.7631 0.6790 -22.9852 1.9361 47.9258 3.0726 0.2168
Pedestrian -1 -1 1.9803 1174.8138 153.3167 1215.5217 211.8679 1.8650 0.8170 0.7110 19.0155 1.2430 23.5070 2.6541 0.2056
Pedestrian -1 -1 2.9285 259.6994 149.4378 286.4220 212.9056 1.8406 0.6791 0.5882 -10.0291 1.1619 21.3701 2.4943 0.2031
Pedestrian -1 -1 2.8595 348.6803 170.7758 382.9062 235.8222 1.7832 0.8711 0.6995 -6.9344 1.7266 20.3346 2.5343 0.2008
Cyclist -1 -1 -1.1355 1173.1465 155.2999 1242.0000 219.9837 1.7170 1.7486 0.6602 16.8072 1.2514 20.0810 -0.4461 0.2794
Cyclist -1 -1 2.1232 0.0000 155.7069 224.7380 375.0000 1.6467 1.7733 0.7202 -3.4921 1.5529 4.3993 1.4809 0.2615
Cyclist -1 -1 0.0368 517.6200 174.9511 527.0447 200.3551 1.7009 1.7415 0.5777 -6.0198 1.8473 49.3460 -0.0843 0.2418
Cyclist -1 -1 -3.5622 1072.0377 185.1573 1109.6985 232.0352 1.7494 1.7958 0.5333 18.8225 2.2489 28.3404 -2.9814 0.2151
Car -1 -1 3.1575 539.1689 177.4213 576.9856 213.2097 1.5563 3.6512 1.6680 -2.4374 1.7820 33.7217 3.0854 0.5231
Car -1 -1 -0.1500 433.7813 175.4595 468.3027 201.0498 1.5711 3.6788 1.6484 -10.3581 1.7474 46.7179 -0.3673 0.4508
Car -1 -1 -2.0035 1111.8232 175.7265 1242.0000 375.0000 1.5573 1.6562 3.9783 4.0310 1.5807 3.6288 -1.2059 0.3844
Car -1 -1 -0.0894 1083.2738 178.6961 1149.8479 224.7889 1.5646 3.7752 1.6794 18.8664 1.8008 27.0672 0.5137 0.2773
Car -1 -1 -0.0314 577.2515 177.2409 616.5177 214.5458 1.5797 4.2111 1.6589 -0.6992 1.7951 33.2035 -0.0529 0.2030
Car -1 -1 1.2135 464.1792 179.5861 517.6755 201.2120 1.4810 3.4160 1.7278 -8.6069 1.9815 52.0046 1.0499 0.2027
Car -1 -1 2.0003 1141.3123 169.8383 1242.0000 234.3652 1.6065 3.6156 1.7750 17.1630 1.5318 19.9751 2.7025 0.2009
