Pedestrian -1 -1 1.3147 711.9814 155.6862 812.8094 313.0831 1.7509 0.9974 0.6745 1.8029 1.4651 8.3528 1.5151 0.7811
Pedestrian -1 -1 2.5396 766.8400 161.6882 843.9009 297.1325 1.7118 0.8378 0.6150 2.6575 1.4628 9.5743 2.7977 0.6983
Pedestrian -1 -1 2.8005 694.9752 157.1007 768.2120 290.5887 1.7480 0.8776 0.7316 1.7303 1.4298 9.9006 2.9634 0.6895
Pedestrian -1 -1 1.3669 799.3871 155.6202 911.6753 346.6717 1.7411 0.8773 0.7467 2.3814 1.5066 6.9624 1.6791 0.6894
Pedestrian -1 -1 -0.5524 832.4259 150.3423 980.8936 374.0000 1.7094 0.8848 0.6562 2.2284 1.4956 5.4547 -0.1871 0.6112
Pedestrian -1 -1 2.7528 796.9636 146.7191 840.2229 241.2762 1.7889 0.5674 0.6290 4.1570 1.1322 13.9036 3.0330 0.4781
Pedestrian -1 -1 -0.6804 750.3463 154.0405 821.2574 275.1591 1.7680 0.8702 0.6446 2.7714 1.3685 11.0145 -0.4450 0.4712
Pedestrian -1 -1 -0.3688 702.5629 155.0659 732.2435 213.7801 1.8850 0.8306 0.7030 3.7684 1.0374 23.5399 -0.2168 0.3697
Pedestrian -1 -1 3.4230 0.0000 126.4755 135.1266 374.0000 1.7627 0.7368 0.6178 -2.7599 1.5330 3.4678 2.7794 0.3460
Pedestrian -1 -1 2.2329 562.2819 152.9919 614.6218 243.3310 1.8474 0.8477 0.7181 -0.3115 1.2657 15.2277 2.2075 0.3224
Pedestrian -1 -1 2.9826 610.5713 179.8782 652.4273 261.3796 1.6559 0.7988 0.7512 0.5814 1.6242 15.0356 3.0149 0.2953
Pedestrian -1 -1 1.5264 722.5336 159.5937 760.1269 245.7039 1.7428 0.7293 0.6581 2.8566 1.3006 14.9111 1.7071 0.2866
Pedestrian -1 -1 2.3928 811.4222 148.8950 889.3672 275.2832 1.7926 0.8478 0.7087 3.6589 1.3314 10.7189 2.7088 0.2745
Pedestrian -1 -1 3.6821 0.0000 99.7175 96.4345 314.3758 1.8716 0.7814 0.6408 -5.3232 1.1599 6.6864 3.0231 0.2645
Cyclist -1 -1 3.4653 226.2103 151.5515 372.1984 354.4763 1.7818 1.8279 0.8027 -3.0021 1.5202 7.2421 3.0787 0.4112
Cyclist -1 -1 -1.8167 645.2499 155.3732 698.9887 207.4059 1.8389 1.8341 0.5831 2.5127 0.9166 25.8138 -1.7256 0.3665
Cyclist -1 -1 -1.2988 1104.2461 137.2502 1238.0000 253.2512 1.7528 1.7924 0.8071 9.4206 1.0855 11.8112 -0.6415 0.3378
Cyclist -1 -1 3.2927 409.0948 163.1493 467.9589 281.0504 1.7920 1.8143 0.6864 -2.6913 1.5144 11.8451 3.0684 0.3075
Car -1 -1 3.0622 529.5842 162.9126 586.3172 214.0731 1.7026 4.1848 1.6923 -1.6785 1.0851 26.0976 2.9935 0.4297
Car -1 -1 1.0282 592.8319 175.4621 663.3565 201.5089 1.5094 3.9008 1.7737 1.6211 1.1603 43.3503 1.0604 0.3295
Car -1 -1 1.0473 594.5523 171.1329 657.2051 194.2473 1.5372 3.9502 1.7926 1.7031 0.8484 49.4968 1.0766 0.3157
