Pedestrian -1 -1 3.1346 96.6724 178.0397 160.6422 317.2724 1.6861 0.8809 0.6583 -6.2112 1.6003 9.2505 2.5565 0.2230
Pedestrian -1 -1 1.4852 471.6233 193.6983 510.6577 265.2498 1.7375 0.9063 0.7290 -2.9774 1.9569 18.0267 1.3232 0.1798
Pedestrian -1 -1 0.4968 322.8797 176.5393 368.5652 254.4707 1.6861 0.8080 0.6479 -5.8688 1.4995 15.9972 0.1502 0.1750
Pedestrian -1 -1 3.3487 10.8566 179.3013 101.0299 333.6906 1.6616 0.8721 0.6481 -6.3674 1.5991 8.2649 2.7077 0.1610
Pedestrian -1 -1 1.6798 295.1895 183.9898 348.6367 268.6570 1.6780 0.9521 0.5986 -5.8626 1.6548 14.6566 1.3052 0.1578
Pedestrian -1 -1 2.2951 250.6223 181.6809 315.0891 276.7293 1.6727 0.8697 0.6315 -5.9549 1.6116 13.0787 1.8752 0.1543
Pedestrian -1 -1 0.6103 1080.5205 163.6910 1164.5461 284.6636 1.7011 0.8831 0.6132 7.4952 1.3996 10.5459 1.2153 0.1460
Pedestrian -1 -1 1.6959 156.9728 169.1581 231.8987 279.6291 1.7416 0.9944 0.6177 -6.8148 1.4896 11.8035 1.1819 0.1459
Cyclist -1 -1 0.4794 67.1226 179.6497 194.4818 325.2823 1.7163 1.8788 0.5708 -6.2261 1.6518 9.4293 -0.0914 0.2701
Cyclist -1 -1 -0.0096 495.1834 173.0865 506.8884 206.0296 1.7868 1.9014 0.6237 -5.9709 1.1301 39.9739 -0.1573 0.2173
Cyclist -1 -1 0.1059 478.4671 182.2293 494.5403 219.6677 1.6846 1.7227 0.5547 -5.6281 1.5514 33.2198 -0.0611 0.2108
Cyclist -1 -1 3.3579 0.0000 169.8444 86.2692 347.6593 1.7310 2.0190 0.5741 -6.4557 1.5825 8.0290 2.6969 0.1692
Cyclist -1 -1 -0.1421 779.4581 185.1846 803.7714 248.8549 1.5401 1.4901 0.3762 4.5831 1.5405 18.1444 0.1012 0.1526
Cyclist -1 -1 0.0129 563.9514 182.1851 573.2411 207.4571 1.7152 1.7613 0.6208 -2.7217 1.5107 49.6778 -0.0421 0.1465
Car -1 -1 -1.6919 632.9459 172.4711 677.4854 207.1492 1.5434 1.6362 3.7933 2.1499 0.9773 33.9305 -1.6295 0.6345
Car -1 -1 2.6866 579.5380 177.4865 622.1799 199.6172 1.5176 3.3771 1.7226 -0.5442 0.9887 51.1861 2.6756 0.5377
