Pedestrian -1 -1 2.9533 445.9728 165.3559 460.8901 203.0961 1.8479 0.7086 0.6005 -7.8025 1.4811 35.7695 2.7397 0.4272
Pedestrian -1 -1 -0.0898 191.3194 171.6666 206.8161 208.0371 1.8209 0.7543 0.6194 -20.8894 1.7618 36.6077 -0.6054 0.3853
Pedestrian -1 -1 0.8994 893.9212 146.3562 974.1244 280.3409 1.7758 0.8522 0.5504 4.4019 1.4250 9.9381 1.3046 0.3790
Pedestrian -1 -1 1.8283 340.7971 179.2745 372.7642 231.6862 1.7292 0.8886 0.6011 -8.5379 1.9480 24.2184 1.4923 0.2951
Pedestrian -1 -1 -0.8015 542.7891 181.3853 558.5956 210.0160 1.7076 0.6294 0.7250 -3.6325 2.2316 43.7983 -0.8843 0.2599
Pedestrian -1 -1 2.6296 294.8412 174.6865 350.5053 259.9205 1.7006 0.8606 0.7493 -6.0162 1.7404 14.9797 2.2532 0.2341
Pedestrian -1 -1 1.6251 983.4674 141.9845 1072.2042 301.7665 1.7921 0.8866 0.6166 4.9169 1.4463 8.5866 2.1297 0.2175
Pedestrian -1 -1 1.3549 559.6050 168.9041 572.2194 191.6154 1.8292 0.9152 0.5926 -3.6015 1.5114 58.5216 1.2934 0.1868
Pedestrian -1 -1 2.4294 226.0354 186.2419 245.4727 216.2846 1.7182 0.7616 0.6739 -21.8819 2.5087 42.1237 1.9526 0.1826
Cyclist -1 -1 0.9079 1111.9160 177.3599 1242.0000 273.5795 1.7208 2.1304 0.9084 10.6530 1.8077 13.4011 1.5681 0.3912
Cyclist -1 -1 2.0728 266.5639 175.0106 373.6031 261.1225 1.7272 1.9489 0.7387 -6.0529 1.7738 14.9808 1.6943 0.3175
Cyclist -1 -1 3.5474 256.0043 183.0392 278.5479 212.3750 1.7036 1.7456 0.5815 -20.6325 2.3290 43.3937 3.1057 0.2032
Cyclist -1 -1 0.0099 544.2103 178.9692 555.1860 208.3847 1.7374 1.8549 0.6504 -3.6998 2.1184 43.9589 -0.0741 0.1911
Car -1 -1 1.4770 559.4360 179.7449 609.2131 222.8316 1.5247 1.5866 3.6017 -1.0980 1.8107 28.0242 1.4376 0.6689
Car -1 -1 3.0031 451.3195 177.0271 490.2129 205.5586 1.5367 3.5907 1.7080 -8.0649 1.7881 41.4134 2.8116 0.5832
Car -1 -1 -0.1800 546.5343 179.6211 588.9219 209.2116 1.5218 3.5058 1.7313 -2.4164 1.9142 39.8865 -0.2406 0.3745
Car -1 -1 0.0769 33.4905 199.5309 81.1716 230.9929 1.4889 4.3643 1.7757 -30.8931 3.0680 40.3837 -0.5731 0.2384
Car -1 -1 -1.6429 543.0007 178.5103 573.5327 204.1447 1.5123 1.6488 3.6269 -3.3174 1.8830 45.3225 -1.7160 0.2088
Car -1 -1 1.6392 33.5291 202.8866 102.6093 245.9971 1.5000 2.0433 3.6007 -22.5142 2.8373 30.0496 1.0002 0.1822
