Pedestrian -1 -1 2.0425 134.6579 161.8075 210.1111 265.3422 1.7965 1.0045 0.5556 -7.8177 1.6052 12.8280 1.5041 0.2953
Pedestrian -1 -1 1.2243 897.9039 181.3928 958.7695 270.0679 1.6317 0.8868 0.6425 5.9736 1.7982 13.6866 1.6269 0.2454
Pedestrian -1 -1 -2.6456 218.7435 173.8482 251.2328 226.9802 1.7997 0.8265 0.6820 -12.9645 1.8349 24.8732 -3.1220 0.1579
Pedestrian -1 -1 2.4085 440.9649 183.0047 461.3994 213.2801 1.7031 0.9187 0.7183 -9.1737 2.2954 41.5200 2.1919 0.1575
Cyclist -1 -1 3.0858 445.1895 185.6027 458.1748 217.3656 1.7554 1.6986 0.6347 -9.1478 2.5050 41.5011 2.8697 0.5751
Cyclist -1 -1 3.1324 461.9306 181.1747 473.7439 212.2624 1.6962 1.7212 0.6376 -8.0724 2.1771 40.7583 2.9376 0.4838
Cyclist -1 -1 -0.5994 843.0338 152.2134 917.4125 239.3766 1.8081 1.8523 0.5797 5.8760 1.3803 15.9343 -0.2527 0.2095
Cyclist -1 -1 -2.6349 310.9582 173.5149 350.3054 214.3106 1.7316 1.9509 0.7577 -12.2804 1.7619 31.6742 -3.0023 0.1840
Cyclist -1 -1 -0.1212 500.9597 180.5424 511.1758 202.1132 1.7610 2.0270 0.6087 -8.7750 2.4196 60.7143 -0.2645 0.1799
Cyclist -1 -1 0.2430 0.0000 153.5173 60.0543 272.7156 1.8015 1.8132 0.6198 -9.7175 1.5096 11.8553 -0.4328 0.1754
Cyclist -1 -1 -0.1337 456.7974 180.4592 469.8675 206.3185 1.7649 1.9952 0.6423 -10.3849 2.3130 50.9075 -0.3343 0.1707
Cyclist -1 -1 0.0982 508.0990 174.8765 516.7648 194.7017 1.8086 1.8724 0.6176 -9.0681 1.9993 66.9601 -0.0362 0.1588
Car -1 -1 1.9748 129.9253 192.3046 413.0157 357.9780 1.5038 1.6925 3.8186 -3.8621 1.7960 8.9094 1.5757 0.6704
Car -1 -1 -1.5920 475.3642 179.8829 518.4880 197.6446 1.5203 3.7209 1.6679 -10.0307 2.1535 63.8148 -1.7476 0.2630
Car -1 -1 0.5439 425.7426 179.1140 482.6940 205.4024 1.5845 4.2195 1.6689 -10.0754 2.0109 46.8337 0.3327 0.2628
Car -1 -1 -0.5252 554.3108 182.8224 589.4801 199.9105 1.5064 3.5114 1.7784 -3.6253 2.4711 67.8428 -0.5788 0.1980
Car -1 -1 2.4091 628.7317 179.3905 672.9479 198.4308 1.5261 3.6592 1.7365 3.4119 2.0983 61.1510 2.4641 0.1786
Car -1 -1 -0.8158 668.8027 178.7089 718.6498 198.7825 1.5643 3.8987 1.8105 6.8507 2.0643 59.5066 -0.7022 0.1736
Car -1 -1 2.4207 674.5301 178.2433 723.9883 198.9660 1.5268 3.8298 1.7269 6.9025 1.9632 56.3031 2.5416 0.1578
