Pedestrian -1 -1 -0.5105 656.8288 144.1107 686.4098 201.4412 1.9009 0.9510 0.6112 2.0397 0.9482 24.4807 -0.4288 0.2739
Pedestrian -1 -1 2.7508 439.7150 174.4821 454.5654 203.8648 1.7897 0.7292 0.6657 -10.0765 1.8916 44.4906 2.5290 0.2571
Pedestrian -1 -1 3.2872 318.2955 172.5373 341.6003 224.5260 1.7672 0.6835 0.6579 -9.7154 1.7568 24.9302 2.9188 0.1750
Pedestrian -1 -1 2.4013 630.4299 160.5704 645.7631 190.3569 1.9642 0.7779 0.6722 1.8414 1.1545 48.0903 2.4390 0.1704
Pedestrian -1 -1 -1.6734 489.9850 173.4066 500.1827 194.0741 1.8090 0.8268 0.6334 -10.1498 1.8583 63.5855 -1.8313 0.1579
Cyclist -1 -1 0.3726 83.2495 195.8691 114.4901 238.7994 1.7402 1.5998 0.5467 -21.9777 2.7560 30.9900 -0.2404 0.2754
Cyclist -1 -1 0.2892 47.8131 196.7732 74.7327 244.0171 1.7305 1.6389 0.3784 -21.4026 2.6903 28.1045 -0.3573 0.2435
Cyclist -1 -1 -0.5628 620.7638 178.3886 638.8058 200.0679 1.5600 1.6657 0.5190 1.4242 1.9750 53.2002 -0.5367 0.2430
Cyclist -1 -1 3.1364 416.8124 180.8569 425.8875 205.4761 1.7566 1.8846 0.6354 -13.9203 2.3571 53.1157 2.8810 0.2172
Cyclist -1 -1 0.2780 2.0055 204.3310 37.9929 257.3812 1.7723 1.6582 0.5658 -21.2948 2.9457 26.0125 -0.4032 0.2116
Cyclist -1 -1 0.1689 371.0211 179.0835 381.4900 198.7012 1.7234 1.8526 0.5936 -21.0557 2.2928 64.9524 -0.1437 0.1464
Cyclist -1 -1 -1.8330 636.5536 151.6378 690.6462 205.7675 1.8053 1.7354 0.6056 1.7722 1.0981 24.5243 -1.7622 0.1448
Car -1 -1 1.9504 228.0364 182.3215 367.3300 254.5298 1.5652 1.8432 3.9823 -7.7215 1.8304 18.1709 1.5533 0.6477
Car -1 -1 -0.4643 1101.3689 189.3534 1174.7776 215.0931 1.6076 1.6239 3.5523 34.7140 2.7202 47.5468 0.1628 0.2653
Car -1 -1 0.9439 848.3035 190.1430 904.9081 212.6459 1.6036 3.6698 1.8248 20.2489 2.9527 54.9100 1.2948 0.2113
Car -1 -1 -0.4814 874.8661 188.6012 926.5212 207.6978 1.5767 1.6228 3.8142 25.0249 2.9569 62.2210 -0.1012 0.1927
Car -1 -1 -0.5680 982.2114 186.6208 1036.2310 205.7224 1.6111 1.6750 3.8443 34.9230 2.8357 63.2021 -0.0657 0.1785
Car -1 -1 -3.7256 1072.4283 187.8658 1140.6379 210.7724 1.6151 1.7291 3.8009 36.3598 2.7354 52.9349 -3.1269 0.1762
Car -1 -1 3.3732 163.3782 173.9501 204.0632 197.2791 1.5521 3.5922 1.6481 -29.6010 1.6316 50.1451 2.8421 0.1727
Car -1 -1 3.7598 1.2309 203.7787 118.5973 248.7789 1.4283 3.5236 1.7888 -20.5890 2.6684 27.1371 3.1153 0.1722
Car -1 -1 0.6749 246.0326 180.4068 304.8770 204.3615 1.5920 3.9472 1.7096 -23.7966 2.1528 51.4101 0.2431 0.1587
Car -1 -1 -1.6705 580.9474 180.5746 635.8040 201.9637 1.5081 3.8504 1.7355 -0.1716 2.0838 52.7005 -1.6743 0.1577
Car -1 -1 0.5340 778.5930 187.8373 828.2026 207.5760 1.4943 2.0825 3.3569 15.9022 2.7698 59.4735 0.7934 0.1461
Car -1 -1 1.2177 886.3140 195.0804 963.8854 225.8214 1.6223 3.5968 1.7590 17.5819 2.8990 40.4579 1.6242 0.1431
