Pedestrian -1 -1 2.6017 705.9917 171.5784 723.0300 202.2693 1.7407 0.7365 0.6854 5.9590 1.6687 41.3934 2.7432 0.2771
Pedestrian -1 -1 2.5260 404.9530 169.0882 419.8314 198.1662 1.8487 0.6458 0.6722 -12.7217 1.6097 46.3358 2.2592 0.2263
Pedestrian -1 -1 -2.1751 625.3155 174.0266 635.7161 193.6277 1.7565 0.6834 0.6626 1.8325 1.8635 65.1747 -2.1475 0.2187
Cyclist -1 -1 -3.6611 1009.6008 155.3619 1129.8707 289.5093 1.7718 1.9041 0.5738 6.5499 1.5411 10.4864 -3.1161 0.2836
Cyclist -1 -1 -0.6697 1113.9612 124.4685 1242.0000 309.1077 1.8622 1.8355 0.5185 6.5800 1.3746 8.1952 -0.0111 0.2681
Car -1 -1 -1.7113 698.2755 178.2188 823.1274 277.3704 1.5522 1.6681 4.0284 2.6046 1.6686 13.5632 -1.5267 0.7540
Car -1 -1 -1.6944 661.0977 177.6795 725.6229 228.8878 1.5915 1.6737 4.2520 2.7454 1.7731 24.9642 -1.5869 0.6682
Car -1 -1 -1.7122 681.7130 178.5248 766.9389 245.1584 1.5516 1.6362 4.0492 2.8702 1.7186 19.1714 -1.5667 0.6560
Car -1 -1 -1.4905 519.4282 179.7702 564.9000 216.5892 1.5157 1.7249 3.8968 -3.0243 1.8454 32.3960 -1.5834 0.5893
Car -1 -1 -1.9377 748.0795 143.2691 1077.1646 349.3192 1.6839 1.7110 4.4076 2.8622 1.4425 8.1308 -1.6115 0.4434
Car -1 -1 -1.8381 636.7620 178.0286 682.3758 205.3040 1.4654 1.7298 3.5256 2.7595 1.7762 41.3832 -1.7725 0.3927
Car -1 -1 -1.4653 509.7997 177.8592 554.3406 197.3666 1.5582 3.4483 1.8585 -6.3723 1.9746 59.0437 -1.5728 0.2571
Car -1 -1 2.5302 690.9973 167.4034 749.8597 195.3057 1.5929 3.4854 1.7976 6.5234 1.2821 43.1485 2.6789 0.2474
