Pedestrian -1 -1 2.9922 58.3483 175.6221 120.9142 289.9165 1.7224 0.6442 0.7164 -8.2573 1.7682 11.3744 2.3752 0.4281
Pedestrian -1 -1 0.4267 1047.4884 165.8380 1101.5516 251.9591 1.7634 0.7908 0.7039 9.7876 1.6201 15.2832 0.9870 0.3703
Cyclist -1 -1 0.9750 806.0673 180.3367 947.4623 316.9620 1.6570 1.7236 0.5104 3.3702 1.7583 9.2664 1.3123 0.5139
Cyclist -1 -1 1.2230 865.5953 184.2578 1075.0206 346.5915 1.6547 1.9010 0.7537 3.8120 1.7868 7.8744 1.6579 0.4877
Car -1 -1 0.7075 302.5213 194.5697 521.8910 301.4248 1.4806 3.1674 2.1654 -3.3793 1.9193 12.6633 0.4509 0.7971
Car -1 -1 3.3758 172.0585 194.1418 336.7051 305.1517 1.4322 3.4125 1.6249 -5.6832 1.8364 11.8465 2.9366 0.6917
Car -1 -1 3.3584 325.4745 190.7577 424.0975 257.4543 1.4607 3.4536 1.6899 -5.9773 1.9663 18.5609 3.0504 0.6427
Car -1 -1 1.6675 481.8771 186.2619 538.9313 231.6872 1.4808 1.7186 3.8391 -3.6415 2.0122 26.6222 1.5322 0.6287
Car -1 -1 3.6862 0.0000 205.2991 212.4050 375.0000 1.4577 3.5944 1.6626 -5.8518 1.8787 7.4785 3.0392 0.6187
Car -1 -1 1.6544 442.0776 175.8835 526.4163 246.7064 1.6959 1.8994 4.1571 -3.3404 1.7877 19.6100 1.4872 0.5904
Car -1 -1 -0.1375 637.7525 182.9628 727.5472 219.7506 1.5449 1.7266 3.7246 3.1082 2.0033 31.7543 -0.0415 0.5071
Car -1 -1 2.7622 540.1556 178.8800 574.6434 198.4723 1.6084 3.8171 1.6861 -4.6174 2.1490 62.5981 2.6885 0.4936
Car -1 -1 1.7398 379.4074 185.7601 448.4534 235.3314 1.4385 1.6096 3.5307 -6.4043 1.8959 23.7209 1.4783 0.4624
Car -1 -1 -0.1661 613.9910 181.2806 677.4380 206.7097 1.5445 1.6584 3.7769 2.1971 2.0893 45.5642 -0.1188 0.4076
