Pedestrian -1 -1 -0.8017 940.4808 157.8276 964.2493 198.2213 1.8410 0.8051 0.5947 15.7883 1.1565 33.3637 -0.3633 0.4030
Pedestrian -1 -1 -1.0211 825.1390 159.4077 841.7040 189.4528 1.8522 0.7950 0.5906 13.8929 1.0237 44.9726 -0.7235 0.1836
Pedestrian -1 -1 -1.2568 777.1767 165.1054 788.0628 188.3804 1.8282 0.6846 0.6076 13.6391 1.2199 57.1096 -1.0238 0.1827
Pedestrian -1 -1 -2.2545 1152.2028 162.9175 1220.1868 247.7062 1.7860 0.9052 0.7028 12.3590 1.5770 15.5569 -1.5929 0.1795
Cyclist -1 -1 -0.0797 244.5370 171.4736 255.9997 196.4133 1.8020 1.8341 0.6121 -26.4954 1.7026 53.0758 -0.5410 0.2054
Cyclist -1 -1 -0.8555 985.8904 179.9991 1029.4934 224.4652 1.7142 1.6422 0.4360 15.8839 2.0094 28.9301 -0.3583 0.1978
Cyclist -1 -1 -0.6990 1151.9647 155.2338 1242.0000 244.4597 1.7503 1.9026 0.5705 12.3190 1.4050 15.1096 -0.0248 0.1966
Cyclist -1 -1 2.2515 976.7542 155.5034 1020.0713 192.8290 1.8166 1.9533 0.6162 19.3910 0.9725 36.1326 2.7405 0.1810
Cyclist -1 -1 0.3552 252.0389 173.9113 272.2556 200.9460 1.7657 1.7827 0.6325 -23.2132 1.8379 48.1110 -0.0924 0.1786
Cyclist -1 -1 -0.6404 1001.4836 160.9888 1039.7003 200.5541 1.7834 1.7984 0.5718 18.9736 1.2489 33.4489 -0.1285 0.1595
Car -1 -1 1.9793 210.1790 189.5707 279.6017 222.9511 1.4773 1.7588 3.6212 -17.9879 2.3466 35.6466 1.5147 0.6908
Car -1 -1 -1.8384 587.4607 175.9056 622.7451 197.9451 1.5561 1.7974 3.2741 -0.4214 1.7895 53.2662 -1.8467 0.4680
Car -1 -1 3.0454 556.4939 179.4385 582.7086 201.0432 1.5041 3.3028 1.6094 -3.0256 2.0047 53.0552 2.9883 0.2789
Car -1 -1 0.1748 519.6406 180.9225 569.6279 216.4661 1.4938 3.7812 1.6553 -2.9814 1.8869 33.1637 0.0853 0.1962
Car -1 -1 -0.4571 875.1277 175.0165 925.9501 199.4669 1.5371 3.7519 1.6085 19.0866 1.6860 47.6322 -0.0785 0.1786
Car -1 -1 0.6654 986.1310 173.6607 1091.1666 216.7141 1.6897 3.7366 1.8409 17.7192 1.7253 29.9147 1.1954 0.1593
Car -1 -1 -1.5168 830.6901 178.9382 907.8761 209.7698 1.5303 3.7357 1.7004 13.5896 1.8630 37.9069 -1.1755 0.1580
