Pedestrian -1 -1 -2.1039 663.1106 161.2467 745.1647 298.2408 1.8185 0.9064 0.6973 1.2536 1.6648 10.0770 -1.9852 0.3613
Pedestrian -1 -1 2.8271 544.3950 161.6673 566.3301 207.0063 1.8859 0.8037 0.7104 -2.3558 1.4209 30.5165 2.7502 0.1693
Cyclist -1 -1 -0.2759 676.1251 181.9304 725.3208 285.5118 1.6187 1.6959 0.3664 1.4659 1.7846 12.2912 -0.1614 0.2276
Cyclist -1 -1 2.9384 597.0674 175.7838 609.1901 197.0179 1.7058 1.7830 0.6450 -0.5939 1.9502 59.1583 2.9280 0.1593
Cyclist -1 -1 -0.5173 611.6904 160.4469 654.1457 215.4163 1.7834 1.7722 0.6326 0.7095 1.3812 24.3368 -0.4891 0.1519
Cyclist -1 -1 -0.1076 545.5641 164.2815 563.7842 207.7519 1.7843 1.7736 0.5783 -2.3934 1.4328 30.5393 -0.1856 0.1466
Cyclist -1 -1 -0.2510 561.2358 177.9782 574.0576 199.5307 1.7085 1.7809 0.6142 -3.4697 2.1316 58.5842 -0.3104 0.1388
Cyclist -1 -1 -3.5614 936.9382 0.0000 1242.0000 375.0000 1.7981 1.8088 0.5575 1.7026 1.2050 2.5695 -3.0266 0.1387
Car -1 -1 1.7701 339.1811 182.3948 511.2820 311.0850 1.5571 1.7441 3.8338 -2.6285 1.7281 10.9595 1.5391 0.7179
Car -1 -1 -1.1398 0.0000 202.4290 350.2773 375.0000 1.4824 1.6010 3.7829 -2.5323 1.7087 3.5169 -1.7298 0.6613
Car -1 -1 1.7942 570.6933 177.7067 607.9773 194.8095 1.4770 2.9768 1.8702 -1.8430 1.9172 64.1966 1.7652 0.2744
Car -1 -1 -0.6720 563.8531 174.6323 612.8763 196.1613 1.5992 3.8833 1.7651 -1.7354 1.7427 55.9864 -0.7032 0.2361
Car -1 -1 2.6527 456.2592 0.0000 1242.0000 375.0000 1.5973 3.8095 1.7218 0.4441 1.0756 3.1097 2.7800 0.1733
Car -1 -1 2.0291 566.2321 179.0137 620.9728 201.7272 1.4484 3.2152 1.7615 -1.1231 1.8736 48.2840 2.0054 0.1700
