Pedestrian -1 -1 -1.5522 80.1182 191.0592 102.2946 226.5054 1.6833 0.8678 0.7113 -25.4524 2.5894 35.3548 -2.1728 0.3394
Cyclist -1 -1 3.1768 0.0000 208.3010 38.4610 353.9776 1.6723 1.7963 0.3313 -7.8243 2.1797 9.4981 2.5012 0.6189
Cyclist -1 -1 3.5058 0.0000 173.7294 117.1389 373.7998 1.7817 1.8568 0.6365 -5.8331 1.7922 7.4118 2.8562 0.5442
Cyclist -1 -1 3.2731 384.5114 182.8922 397.6946 208.5817 1.7224 1.8738 0.6360 -15.2243 2.4336 50.1132 2.9792 0.2831
Cyclist -1 -1 -1.8544 522.9953 174.2383 570.4838 221.2231 1.7689 1.7385 0.5411 -2.4751 1.8236 27.7633 -1.9432 0.2782
Cyclist -1 -1 -2.3263 754.7551 156.5825 800.0318 203.6445 1.8196 1.8234 0.6212 6.6051 1.1908 28.6244 -2.1022 0.2596
Car -1 -1 -1.6713 389.9969 189.7012 454.2743 243.8340 1.4628 1.5868 3.7519 -6.0480 2.0430 22.7965 -1.9284 0.6785
Car -1 -1 1.5081 278.5715 191.0272 341.6174 241.9009 1.5756 1.8597 3.5888 -10.8247 2.2769 25.8081 1.1141 0.6487
Car -1 -1 -0.7526 754.7603 175.8178 1001.6336 274.7697 1.5733 1.7731 4.1691 4.8614 1.6347 13.2090 -0.4081 0.5882
Car -1 -1 -0.6194 652.9111 177.1854 821.9097 248.0804 1.5451 1.6186 3.8018 3.0475 1.6597 17.4686 -0.4504 0.5261
Car -1 -1 -1.3168 72.9513 198.6368 158.5073 226.6006 1.5348 3.9807 1.7176 -29.9540 3.1533 43.8039 -1.9140 0.3972
Car -1 -1 -0.3411 474.9098 178.7695 514.2974 201.2690 1.5409 3.5483 1.7356 -8.4435 1.9873 52.4231 -0.5004 0.3554
Car -1 -1 -1.0122 1042.8473 147.9401 1242.0000 331.4756 1.5794 1.5926 3.9416 6.6997 1.3653 7.5603 -0.3066 0.3255
Car -1 -1 2.8388 496.6847 177.8945 542.4130 206.0319 1.5803 3.8124 1.6582 -5.5113 1.8980 43.3441 2.7126 0.2799
Car -1 -1 -0.2121 558.6923 177.6820 628.9874 225.3208 1.5319 3.8377 1.7125 -0.7004 1.7180 25.6865 -0.2398 0.2751
