Pedestrian -1 -1 1.6609 384.9511 168.9565 448.6604 277.7994 1.7317 0.9577 0.6410 -3.1267 1.5497 11.6386 1.4069 0.6922
Pedestrian -1 -1 2.3466 0.0000 184.0282 26.9335 235.4174 1.6561 0.7875 0.6353 -19.6342 1.7751 23.1773 1.6521 0.5943
Pedestrian -1 -1 3.3801 273.5820 173.9683 321.1050 260.3470 1.7091 0.8569 0.7051 -6.3219 1.5815 14.4651 2.9778 0.5804
Pedestrian -1 -1 2.6506 561.0756 171.9718 574.8737 199.0672 1.7317 0.6854 0.6427 -2.3928 1.1880 45.6435 2.6003 0.4354
Pedestrian -1 -1 0.8663 912.4825 147.0200 1027.9583 309.1466 1.8256 0.9583 0.7665 4.2948 1.4503 8.4456 1.3235 0.4283
Pedestrian -1 -1 -0.6869 788.5401 165.6813 808.0677 199.7747 1.7973 0.6941 0.7304 10.3041 1.0175 37.7346 -0.4208 0.4059
Pedestrian -1 -1 1.0444 984.2665 123.7681 1071.4553 259.7101 1.8402 0.9037 0.5149 5.8156 1.0739 9.8252 1.5667 0.3286
Pedestrian -1 -1 1.6740 348.6201 168.4436 414.9390 283.5237 1.6988 0.8985 0.7405 -3.4625 1.5225 10.8827 1.3760 0.2953
Pedestrian -1 -1 1.3174 508.8342 165.6093 521.8244 187.4487 1.8667 0.9829 0.6357 -7.7073 0.5951 60.9055 1.1939 0.2451
Cyclist -1 -1 -3.6010 926.6487 125.1346 1062.6505 305.7818 1.8322 1.7697 0.5980 4.3067 1.2723 8.0559 -3.1243 0.3648
Cyclist -1 -1 -1.7525 769.9056 160.9443 803.3128 192.4731 1.7943 1.7827 0.5696 10.4082 0.6828 40.5787 -1.5016 0.3299
Car -1 -1 -0.9382 0.0000 211.7081 308.8326 370.0000 1.5299 1.6401 4.0216 -3.0159 1.7694 3.3289 -1.6271 0.5900
Car -1 -1 -1.8808 659.8954 168.8152 706.0627 196.1515 1.5275 1.6338 3.7070 4.5149 0.8759 41.4817 -1.7714 0.5097
Car -1 -1 -0.0362 447.8132 173.5499 478.5781 200.5934 1.5969 4.0823 1.7320 -8.8543 1.1879 43.9326 -0.2320 0.4478
Car -1 -1 1.8569 0.0000 172.8074 83.9059 203.7939 1.8022 3.8024 1.7868 -34.0079 1.3562 42.6549 1.1892 0.2820
