Pedestrian -1 -1 0.8058 85.5669 191.6855 130.6291 249.5112 1.7196 0.8605 0.7530 -15.5316 2.3143 22.2746 0.2023 0.6236
Pedestrian -1 -1 2.6659 833.0648 159.1589 980.5352 375.0000 1.7071 0.9420 0.7446 2.3151 1.6058 5.8673 3.0233 0.4252
Pedestrian -1 -1 -0.5425 707.8614 176.1069 725.7662 209.2729 1.6950 0.6959 0.6517 5.4986 1.8660 37.4069 -0.3983 0.3500
Pedestrian -1 -1 1.8172 0.0000 194.0745 38.5071 265.9096 1.7180 0.8991 0.7700 -15.0668 2.2670 18.1126 1.1305 0.3147
Pedestrian -1 -1 2.4636 911.5898 157.9359 935.5686 199.4517 1.8971 0.7790 0.6798 14.4879 1.2158 33.4351 2.8690 0.3016
Pedestrian -1 -1 0.7137 504.9833 186.4679 521.9282 217.1865 1.8172 0.7267 0.7143 -5.8693 2.6501 43.6239 0.5801 0.2641
Pedestrian -1 -1 2.4741 950.9539 98.0743 1175.2679 375.0000 1.8526 0.7532 0.7437 2.4128 1.4819 4.0084 2.9831 0.2169
Cyclist -1 -1 2.6483 829.2509 158.0423 1031.4874 375.0000 1.6995 1.7172 0.6800 2.3680 1.6009 5.7137 3.0218 0.2560
Cyclist -1 -1 2.7597 747.0989 175.9527 768.8919 205.1556 1.7513 1.9240 0.6399 9.0786 1.9470 44.4840 2.9592 0.2453
Cyclist -1 -1 0.3133 0.0000 200.1378 36.7667 276.6622 1.7552 1.6059 0.5482 -14.9850 2.4683 17.9986 -0.3739 0.2345
Cyclist -1 -1 0.3239 85.1553 192.8850 128.4054 252.0730 1.7104 1.6007 0.6126 -15.5611 2.3531 22.2798 -0.2804 0.2274
Cyclist -1 -1 -1.1392 41.7601 183.4940 77.3713 211.1857 1.8625 1.8354 0.6551 -37.7376 2.5997 49.4435 -1.7887 0.2263
Cyclist -1 -1 2.7178 712.3109 169.1240 726.9880 189.2585 1.8187 1.9511 0.5767 10.0307 1.4821 66.1890 2.8673 0.2157
Cyclist -1 -1 3.4190 385.2135 195.2239 417.9692 257.3094 1.7138 1.6835 0.4885 -6.1992 2.4027 21.3639 3.1392 0.2147
Cyclist -1 -1 3.4333 379.2654 192.1459 399.8884 235.7583 1.6558 1.5788 0.3498 -8.8545 2.4495 28.8805 3.1378 0.2131
Cyclist -1 -1 -0.4399 728.7237 181.5831 746.2086 205.6736 1.7436 1.6991 0.6146 9.4641 2.4054 53.7736 -0.2672 0.2056
Car -1 -1 1.8007 324.0318 194.2701 393.9840 239.3206 1.4930 1.7489 3.5428 -9.5272 2.3652 27.5197 1.4699 0.5737
Car -1 -1 -2.6894 594.2184 179.4709 644.0910 204.5826 1.5211 2.7912 2.2091 0.5828 1.9627 46.3649 -2.6774 0.3644
Car -1 -1 -0.1740 723.5687 178.8376 754.1330 200.2260 1.5545 3.8365 1.6614 9.8324 2.0305 55.4298 0.0002 0.2883
Car -1 -1 2.8413 738.2153 176.0624 783.0270 201.8533 1.5539 4.0382 1.6676 9.5287 1.7685 46.0824 3.0435 0.2596
Car -1 -1 3.4589 45.7859 186.6548 92.3344 210.0059 1.5073 3.3649 1.6396 -37.9221 2.5114 50.6213 2.8183 0.2567
Car -1 -1 0.0926 488.2497 188.5193 511.4879 205.3332 1.4633 3.4626 1.8507 -10.3535 2.9765 67.8970 -0.0586 0.2513
Car -1 -1 -1.0606 863.5451 173.8986 923.8091 195.8482 1.5361 3.7592 1.6597 20.6376 1.6155 52.6579 -0.6893 0.2465
Car -1 -1 0.6154 287.3808 194.9641 360.0622 228.3089 1.4957 3.5853 1.6898 -14.5939 2.6858 36.8812 0.2406 0.2219
Car -1 -1 -0.2388 511.8003 189.0730 549.9246 212.8745 1.4977 3.2585 1.8932 -5.5219 2.6589 49.7838 -0.3492 0.2114
