Pedestrian -1 -1 2.8364 736.6522 168.0532 775.9511 237.2430 1.7767 0.9478 0.7618 3.8011 1.6538 19.0388 3.0297 0.6800
Pedestrian -1 -1 -0.1125 514.3625 151.9064 539.1292 213.0937 1.8763 0.8899 0.6747 -2.6640 1.2343 22.6334 -0.2288 0.3442
Pedestrian -1 -1 3.0428 532.8834 175.4028 550.6019 217.9651 1.6884 0.7838 0.6364 -2.8010 1.7932 29.1192 2.9471 0.3034
Cyclist -1 -1 -0.1999 785.1151 162.7631 820.6195 232.6289 1.8167 1.8691 0.5627 5.1975 1.5547 19.7078 0.0536 0.2855
Cyclist -1 -1 -1.0245 985.0596 148.3169 1082.2716 231.5777 1.7523 1.6968 0.8097 9.3806 1.2363 16.1211 -0.5057 0.2592
Cyclist -1 -1 -0.2588 509.8103 157.2908 544.1997 218.7038 1.8568 1.9089 0.6077 -2.6887 1.3866 22.8118 -0.3753 0.2361
Car -1 -1 1.7376 317.1927 187.5950 439.9995 282.5958 1.4736 1.6072 3.5456 -4.2652 1.7905 13.6303 1.4391 0.7484
Car -1 -1 0.4884 123.3523 184.9670 235.1729 222.6023 1.5512 1.6677 3.8259 -18.6265 2.0917 31.2500 -0.0457 0.5231
Car -1 -1 0.2970 499.4585 180.9261 548.5724 210.8273 1.5001 3.6815 1.6448 -4.6523 1.9611 39.2113 0.1791 0.4967
Car -1 -1 1.1706 629.6132 173.9688 702.2283 202.2262 1.6060 3.8083 1.9861 3.2571 1.6747 42.6759 1.2458 0.4813
Car -1 -1 1.4557 697.4567 174.5871 748.2083 194.7883 1.6343 3.9593 1.6980 9.2415 1.7797 59.4529 1.6087 0.3656
Car -1 -1 -1.1454 450.8227 175.0319 505.7593 196.4807 1.7535 4.1535 1.8449 -11.0825 1.9412 60.6668 -1.3257 0.2952
Car -1 -1 -1.8797 745.1378 165.1954 794.4390 184.3193 1.5790 3.6570 1.8447 13.3856 0.9470 60.6596 -1.6638 0.2696
Car -1 -1 -1.1046 258.4398 183.9403 315.8304 204.5688 1.6577 3.9805 1.7878 -26.8520 2.5955 60.0252 -1.5239 0.2397
