Pedestrian -1 -1 3.1377 427.2004 155.6075 482.8587 279.7379 1.7962 0.9906 0.7939 -2.4170 1.5470 11.0068 2.9255 0.5752
Pedestrian -1 -1 1.0419 613.8589 147.0200 657.2342 229.3614 1.9451 0.7902 0.7359 0.5684 1.3352 17.5537 1.0729 0.4600
Pedestrian -1 -1 -0.5375 548.3403 167.6503 567.5358 201.6590 1.9127 0.8759 0.7486 -3.0061 1.6204 41.1512 -0.6104 0.3167
Pedestrian -1 -1 0.1189 167.6049 149.7607 197.7567 217.2162 1.8859 0.8305 0.6472 -12.2853 1.2406 20.6796 -0.4117 0.3027
Pedestrian -1 -1 2.4681 571.7427 164.1037 603.8299 218.3123 1.8550 0.9371 0.6882 -0.8254 1.5560 25.2684 2.4351 0.2821
Pedestrian -1 -1 -1.0459 459.0621 169.8242 475.6229 200.3014 1.8439 0.7794 0.6351 -8.7463 1.6610 44.0781 -1.2410 0.2664
Cyclist -1 -1 0.0082 427.6718 159.8295 483.7880 285.0258 1.7678 1.7703 0.7809 -2.4234 1.5843 11.1311 -0.2022 0.2993
Cyclist -1 -1 0.3680 264.8925 171.7620 282.6229 195.5435 1.7941 1.8573 0.6048 -25.8218 1.7121 55.3770 -0.0667 0.2693
Car -1 -1 1.0321 833.0515 169.2098 878.9877 190.2954 1.5070 1.7582 3.3121 18.1257 1.2469 53.3707 1.3575 0.4452
Car -1 -1 -1.7542 596.0316 167.8073 673.7083 197.8956 1.5955 3.9805 1.7945 1.2923 1.3282 39.4449 -1.7221 0.4361
Car -1 -1 0.1694 223.7224 172.9809 257.0249 194.3282 1.5778 3.6593 1.6761 -28.3339 1.5882 55.3462 -0.3020 0.3674
Car -1 -1 -1.9987 894.8168 165.6380 952.3270 184.5171 1.5197 3.9112 1.8209 25.5956 0.9392 59.0280 -1.5916 0.3614
Car -1 -1 0.7783 1059.1810 169.0449 1118.5358 189.7085 1.5146 3.3116 1.9546 35.9110 1.2358 54.1856 1.3609 0.3566
Car -1 -1 -1.6129 51.1418 177.3841 170.6322 215.7445 1.4973 4.0678 1.7660 -21.1093 1.7015 30.5408 -2.2138 0.3447
Car -1 -1 -0.9418 292.4898 177.8283 365.5113 204.9024 1.5019 3.6653 1.6597 -16.2831 1.7990 41.7633 -1.3117 0.3435
Car -1 -1 -2.0533 789.0776 166.2213 831.5928 188.1505 1.5903 1.7933 3.1769 14.9451 1.1096 54.0653 -1.7852 0.3232
Car -1 -1 1.2950 965.6942 169.3552 1020.0963 190.8158 1.5129 3.1074 1.7308 27.5405 1.2666 52.0312 1.7792 0.3168
Car -1 -1 -3.1493 763.7776 167.5963 793.4982 189.7148 1.5766 2.8238 2.0718 12.3477 1.2022 53.0318 -2.9221 0.3025
Car -1 -1 -2.4843 514.7482 176.8411 560.5656 195.2317 1.5385 1.8548 3.5840 -6.3279 1.8957 62.8454 -2.5845 0.2920
