Pedestrian -1 -1 -0.9221 25.3210 169.9017 61.9877 220.8229 1.8248 0.8096 0.6656 -20.5966 1.7194 26.1929 -1.5837 0.3621
Pedestrian -1 -1 0.6258 1165.2593 148.2711 1242.0000 335.0825 1.7917 0.7888 0.6961 6.2585 1.5562 7.3551 1.3106 0.3245
Pedestrian -1 -1 0.2414 247.1847 176.8287 277.2143 236.9144 1.7434 0.6238 0.6701 -10.3343 1.8634 21.3555 -0.2048 0.3033
Pedestrian -1 -1 2.6452 860.0287 146.2970 901.4771 222.6148 1.7999 0.7808 0.6402 6.4891 1.1739 17.4473 2.9953 0.2580
Pedestrian -1 -1 -0.1425 311.3091 170.2178 334.4907 223.3488 1.7983 0.7825 0.6402 -9.9632 1.7094 24.9173 -0.5195 0.2324
Pedestrian -1 -1 1.7722 0.0000 145.7857 59.8710 290.3981 1.8868 0.7698 0.7232 -8.1668 1.5340 9.9088 1.0959 0.2238
Pedestrian -1 -1 3.2520 379.5471 148.1499 400.2490 203.3042 1.9121 0.7252 0.6214 -7.7951 1.0560 25.4252 2.9572 0.2038
Pedestrian -1 -1 3.3318 262.1032 159.0964 299.3296 234.8792 1.8222 0.9065 0.6774 -8.1903 1.4918 17.8662 2.9072 0.2002
Cyclist -1 -1 2.7861 544.6370 174.3474 558.3787 194.4274 1.7770 1.8007 0.6450 -5.2917 1.9138 64.9451 2.7048 0.2845
Cyclist -1 -1 0.2237 439.2276 176.7203 454.5181 204.4996 1.7827 1.8362 0.5892 -10.7550 2.0424 47.4750 0.0017 0.2705
Cyclist -1 -1 -2.6875 306.9850 167.6864 346.9547 219.6629 1.7395 1.7467 0.5819 -9.8444 1.5670 25.0400 -3.0588 0.2687
Cyclist -1 -1 -2.7034 341.3614 167.9564 366.1802 199.9041 1.8102 1.9300 0.5935 -14.8876 1.5330 41.8690 -3.0433 0.2677
Cyclist -1 -1 0.0742 106.2146 149.1512 149.8765 239.0671 1.7738 1.7638 0.6229 -10.1465 1.3066 15.1536 -0.5079 0.2406
Cyclist -1 -1 0.5097 308.6685 196.2406 353.8956 268.1544 1.5039 1.3848 0.3119 -6.3092 2.0542 16.2548 0.1443 0.2144
Cyclist -1 -1 2.9046 535.1686 177.7696 547.0096 197.4668 1.7433 1.8653 0.6459 -6.2665 2.1955 65.3361 2.8090 0.2103
Cyclist -1 -1 0.4180 241.9750 181.3794 284.5019 238.3062 1.6148 1.5324 0.5639 -10.3431 1.8780 21.4692 -0.0265 0.1903
Cyclist -1 -1 -0.4387 768.9348 159.3550 809.3077 213.2080 1.8245 1.8595 0.6424 6.2425 1.3675 25.4175 -0.2011 0.1849
Car -1 -1 3.1529 556.9522 177.3783 585.5468 203.9911 1.5130 3.6053 1.6496 -2.3493 1.7975 43.4794 3.0988 0.6127
Car -1 -1 2.7576 319.5337 179.6520 353.2265 196.8371 1.5143 3.4691 1.7506 -25.4146 2.1628 66.9239 2.3957 0.3139
Car -1 -1 -0.4835 670.7725 177.9520 720.4926 202.0845 1.5169 3.9366 1.6623 5.6599 1.8743 48.3892 -0.3682 0.2871
Car -1 -1 -0.1673 602.1522 181.2486 634.4879 203.7318 1.5270 3.8240 1.7335 0.5388 2.1622 52.5388 -0.1576 0.2349
Car -1 -1 -0.2462 685.5340 174.9565 714.4841 192.8876 1.5617 3.8000 1.7177 8.0904 1.7582 65.2986 -0.1238 0.2269
Car -1 -1 0.4173 421.2908 179.2823 472.9279 205.0399 1.5266 4.1103 1.6900 -10.3577 1.9565 46.0301 0.1968 0.1834
