Cyclist -1 -1 1.4575 975.3911 165.4007 1020.2881 201.8655 1.7935 1.9116 0.7064 19.3818 1.4273 36.1647 1.9458 0.2961
Car -1 -1 1.6007 437.9412 184.6482 482.6022 221.9196 1.5088 1.8524 3.6797 -6.7084 2.0715 32.4262 1.3978 0.6502
Car -1 -1 -1.7129 589.0449 176.8938 640.1875 218.9749 1.5385 1.5039 3.7349 0.0795 1.7105 28.7057 -1.7108 0.6067
Car -1 -1 -2.1980 1053.3162 162.6453 1140.1910 189.9495 1.6127 4.0927 1.7720 29.3182 1.0101 43.5783 -1.6091 0.4609
Car -1 -1 -0.9314 763.4225 166.5089 979.4961 272.1080 1.6070 1.6242 3.8491 4.6196 1.5108 12.7247 -0.5914 0.4568
Car -1 -1 0.1215 459.2692 175.9947 485.7444 195.9558 1.5427 3.6304 1.6707 -11.0839 1.8046 58.2157 -0.0661 0.4501
Car -1 -1 -0.8614 805.8635 178.8758 1118.4869 324.7332 1.5460 1.5186 3.8053 4.4772 1.6358 9.2412 -0.4237 0.4445
Car -1 -1 -0.3304 422.7048 179.8879 454.9596 197.8602 1.5556 3.7595 1.7493 -15.7299 2.2206 66.1171 -0.5634 0.4368
Car -1 -1 -1.0710 913.8604 152.4225 1242.0000 375.0000 1.6253 1.5843 3.8873 4.3061 1.5141 5.4689 -0.4306 0.4293
Car -1 -1 -1.2954 656.5547 176.5642 706.4041 207.8607 1.5296 1.6408 3.7696 3.7588 1.7349 37.8035 -1.1976 0.4089
Car -1 -1 -2.9725 643.4392 170.4480 676.0612 193.3091 1.5918 3.4447 1.8009 3.5991 1.4246 52.1230 -2.9043 0.3601
Car -1 -1 -0.6441 710.0103 173.6423 862.7275 236.0847 1.5767 1.6041 3.8865 4.7885 1.6003 19.7654 -0.4105 0.3269
Car -1 -1 -2.8164 549.5522 179.9523 586.5465 201.5716 1.4894 3.5891 1.6511 -3.0666 2.0298 52.9353 -2.8744 0.3221
Car -1 -1 -0.5869 675.9758 175.6695 771.8126 213.6695 1.5211 1.6380 3.7410 4.7980 1.6470 30.6357 -0.4336 0.3214
