Pedestrian -1 -1 3.1192 159.5890 173.3160 188.9394 239.4637 1.7619 0.6488 0.6732 -11.9341 1.7752 19.6767 2.5797 0.4096
Pedestrian -1 -1 -2.3785 686.4607 174.1686 697.0724 194.1231 1.7704 0.7099 0.6263 7.2938 1.8892 64.5418 -2.2669 0.3551
Cyclist -1 -1 0.1946 473.3953 187.5715 495.6649 232.3027 1.6826 1.7800 0.5377 -5.0065 2.2851 28.6230 0.0223 0.4231
Cyclist -1 -1 -0.4763 683.1717 176.2129 698.7025 195.7796 1.7156 1.7880 0.6280 7.2112 2.0209 64.5353 -0.3659 0.3604
Cyclist -1 -1 1.8269 319.0765 192.6378 432.2435 283.0470 1.5713 1.8442 0.6650 -4.2732 1.9411 13.0872 1.5164 0.3161
Car -1 -1 -2.0887 804.6250 197.6204 1242.0000 375.0000 1.4910 1.7297 4.1889 2.9083 1.7490 5.3720 -1.6168 0.7865
Car -1 -1 -1.6333 660.3403 181.5135 721.1890 232.2852 1.5372 1.7824 4.0031 2.6204 1.8570 24.5750 -1.5292 0.6945
Car -1 -1 1.9667 283.2758 186.6895 441.1279 245.5873 1.4660 3.6328 1.7220 -6.6337 1.8574 19.4064 1.6409 0.5429
Car -1 -1 -1.6908 643.2431 181.6155 685.4452 215.1690 1.5156 1.6133 3.8033 2.5845 1.9711 35.5402 -1.6194 0.5108
Car -1 -1 1.7406 392.9894 174.8675 478.0034 215.9404 1.7267 3.3372 1.8543 -7.5904 1.8177 31.4658 1.5053 0.4298
Car -1 -1 -2.0763 377.4713 185.5771 476.3229 233.8649 1.4601 2.2096 2.7211 -6.2749 1.9231 24.4841 -2.3251 0.3865
Car -1 -1 -2.3414 770.3640 194.3390 1107.0109 354.5180 1.4601 1.6057 3.8595 3.8049 1.7975 9.2251 -1.9627 0.3838
Car -1 -1 2.3474 0.0000 177.6470 263.8073 327.9383 1.4708 3.4671 1.6204 -6.0804 1.5326 8.1917 1.7241 0.3731
Car -1 -1 0.1888 466.5868 179.1507 514.8009 213.0016 1.5065 3.4446 1.6558 -5.6871 1.8232 34.5008 0.0262 0.3723
Car -1 -1 2.6628 467.6819 180.1622 527.9583 210.4195 1.5173 3.8293 1.6520 -6.1736 1.9352 39.1919 2.5072 0.3450
Car -1 -1 1.9970 400.8413 182.8428 497.2234 223.6763 1.5445 3.4004 1.6657 -6.4868 1.9628 29.0245 1.7785 0.3364
