Pedestrian -1 -1 1.3440 80.5539 196.8219 102.2709 228.8355 1.6759 0.7998 0.7992 -28.1954 2.9964 39.1777 0.7232 0.2662
Pedestrian -1 -1 -0.4760 813.9828 141.2100 850.3993 210.2216 1.8937 0.7933 0.6866 6.1807 1.0257 20.2492 -0.1842 0.2565
Pedestrian -1 -1 0.2106 290.2267 145.7809 320.9550 215.2619 1.8835 0.7774 0.6350 -8.4763 1.1500 19.9979 -0.1858 0.2444
Pedestrian -1 -1 2.8828 218.0203 179.8070 234.8537 210.7284 1.7536 0.7183 0.6982 -22.1733 2.1601 41.6430 2.3959 0.2310
Pedestrian -1 -1 -0.7919 185.1375 177.7567 205.2286 206.1670 1.7905 0.9136 0.6579 -26.5080 2.1068 46.0552 -1.3119 0.2293
Pedestrian -1 -1 0.9036 689.7974 169.5935 702.8080 189.5737 1.8261 1.0651 0.5715 7.9312 1.5285 66.4651 1.0216 0.2067
Cyclist -1 -1 -0.3657 833.6229 173.3091 855.6829 203.6975 1.7622 1.8615 0.6133 13.8765 1.7901 42.8128 -0.0548 0.2829
Cyclist -1 -1 0.3108 182.7754 179.2920 202.8035 206.7579 1.7079 1.6898 0.6207 -26.7200 2.1283 46.1744 -0.2115 0.2489
Cyclist -1 -1 -0.5309 892.0528 161.7356 934.6918 212.1908 1.8381 1.9108 0.5897 11.3968 1.4334 27.2697 -0.1393 0.2402
Cyclist -1 -1 -0.5523 1105.6118 158.6451 1185.0994 244.6595 1.7863 1.7881 0.5296 11.6937 1.4916 15.8929 0.0728 0.2342
Cyclist -1 -1 -0.9615 73.3163 192.4334 115.1439 225.7515 1.7764 1.7691 0.7022 -28.0830 2.8516 39.2484 -1.5795 0.2206
Cyclist -1 -1 0.2787 215.6810 180.0747 234.5900 209.3679 1.6378 1.6298 0.5325 -22.2197 2.0631 41.6109 -0.2093 0.2087
Car -1 -1 -2.6370 113.0465 191.8075 327.6774 262.2305 1.4893 1.6352 4.0596 -8.8843 1.9475 16.5720 -3.1229 0.6142
Car -1 -1 3.6567 94.3743 187.8827 191.4154 229.7521 1.4802 3.5502 1.6915 -18.4552 2.1148 28.6284 3.0881 0.4891
Car -1 -1 0.1447 523.9225 178.8118 549.1259 197.5857 1.5354 3.6770 1.6455 -6.3113 2.0637 62.0680 0.0434 0.3587
Car -1 -1 3.1285 191.0273 180.8429 213.1622 199.8226 1.5607 3.7682 1.6386 -35.7070 2.2822 63.0882 2.6151 0.2866
Car -1 -1 -0.3789 519.8672 186.0432 560.8948 208.0638 1.5120 3.9400 1.7311 -5.3009 2.5435 54.2604 -0.4764 0.2543
Car -1 -1 -1.0697 5.0228 178.9365 91.4160 208.5602 1.7642 3.8520 1.7455 -34.6973 2.1505 44.6093 -1.7280 0.2471
Car -1 -1 0.1741 322.1365 179.1105 348.8745 196.6157 1.5410 3.4588 1.7359 -25.3621 2.1359 66.7045 -0.1882 0.2269
Car -1 -1 0.5597 181.7935 179.2623 240.1913 203.5034 1.5053 3.8634 1.5708 -26.4003 1.9479 47.8201 0.0574 0.2059
