Pedestrian -1 -1 1.0462 974.2290 122.4942 1092.1293 292.1077 1.9253 1.0136 0.6439 4.9169 1.3540 8.5176 1.5543 0.5447
Pedestrian -1 -1 2.3330 1084.7740 160.3969 1129.8304 224.1254 1.7884 0.8293 0.6730 14.2268 1.4392 20.7226 2.9276 0.3003
Pedestrian -1 -1 -0.4314 701.6455 164.1868 719.0015 199.3235 1.8434 0.8008 0.6351 5.2896 1.3891 38.3279 -0.2957 0.2929
Pedestrian -1 -1 0.7244 676.0894 168.0522 690.0275 190.6147 1.8398 1.0485 0.5978 5.9935 1.4486 59.4099 0.8241 0.2765
Cyclist -1 -1 -3.4849 1073.7344 163.8999 1102.3818 203.9117 1.7812 1.7186 0.5367 21.8197 1.3830 33.0167 -2.9054 0.3934
Cyclist -1 -1 3.2164 436.5833 172.1644 450.7073 207.3367 1.8177 1.8077 0.5960 -8.8407 1.7824 38.2238 2.9903 0.2781
Cyclist -1 -1 -2.0620 974.2778 165.4113 1017.1050 202.7179 1.8391 1.8004 0.6190 19.1345 1.4726 35.8813 -1.5758 0.2647
Cyclist -1 -1 -0.7230 1072.5966 161.2948 1141.8762 225.9427 1.7733 1.8495 0.5407 14.2060 1.4566 20.7415 -0.1295 0.2616
Cyclist -1 -1 2.6660 673.9222 168.2873 690.9498 190.6413 1.8129 1.9064 0.5868 5.9418 1.4429 59.5094 2.7647 0.2503
Car -1 -1 -1.5270 583.2217 178.9081 640.1188 232.9429 1.5064 1.6093 3.7711 0.0787 1.7114 22.4642 -1.5244 0.6537
Car -1 -1 -0.4080 953.2546 168.9008 1017.3542 200.1007 1.5412 3.6519 1.6227 19.3938 1.3462 37.5138 0.0656 0.5891
Car -1 -1 -3.2291 668.0142 179.6382 708.1680 212.6135 1.4914 3.6206 1.6219 3.7214 1.8400 35.2053 -3.1252 0.5797
Car -1 -1 2.7179 908.6116 172.7881 967.3754 200.0975 1.5578 3.9267 1.7179 19.4894 1.5544 43.1206 3.1394 0.4640
Car -1 -1 -0.4254 842.7158 172.6857 882.6771 193.1093 1.5601 3.6497 1.6067 19.8911 1.5476 57.0027 -0.0916 0.4614
Car -1 -1 2.7759 691.7096 181.1714 737.9615 206.9657 1.5152 3.7801 1.6456 6.5573 2.0659 45.7139 2.9169 0.3328
Car -1 -1 -1.1127 186.4543 172.3126 271.7984 201.4070 1.6974 4.1213 1.8304 -22.7069 1.6662 43.0586 -1.5956 0.2919
Car -1 -1 -0.0613 375.8811 180.4784 398.9427 200.2636 1.5572 3.7309 1.6177 -18.6748 2.2171 60.3832 -0.3603 0.2901
Car -1 -1 3.0402 307.4886 178.7353 340.8551 203.6675 1.5981 4.1694 1.7175 -19.6939 2.0207 49.5525 2.6635 0.2491
