Car -1 -1 -1.6753 659.3482 182.4043 737.1643 244.3971 1.5487 1.7580 4.0996 2.3757 1.8504 20.7120 -1.5636 0.8149
Car -1 -1 -1.9467 720.6688 187.3047 918.5152 310.1570 1.4608 1.5780 3.5724 2.8808 1.7167 10.8876 -1.6960 0.6905
Car -1 -1 -2.8189 364.5931 186.8682 495.1744 233.6178 1.4823 1.6253 3.9797 -6.0845 1.9760 24.4272 -3.0611 0.6241
Car -1 -1 -1.7055 648.3126 179.1748 699.6716 217.5187 1.5181 1.6527 4.2341 2.6735 1.8127 31.4318 -1.6221 0.6199
Car -1 -1 0.2335 389.9442 176.0372 486.3862 219.6295 1.7192 1.6429 3.5381 -6.9889 1.8529 29.3977 0.0016 0.5304
Car -1 -1 -2.6173 138.9511 182.2745 379.5215 268.6995 1.5356 1.6114 3.9232 -6.7472 1.7313 13.9914 -3.0597 0.5187
Car -1 -1 3.1616 480.2559 176.0950 516.1304 209.5956 1.5445 3.6754 1.6587 -5.5100 1.7133 35.5686 3.0086 0.5119
Car -1 -1 -2.7357 255.9247 182.0568 423.6128 245.5861 1.5474 1.6149 3.7469 -6.9860 1.7984 18.7404 -3.0884 0.4888
Car -1 -1 -2.5087 45.3071 190.2371 324.5887 294.7506 1.4933 1.6451 3.6369 -6.8119 1.7996 11.6716 -3.0275 0.4821
Car -1 -1 3.4623 202.2128 184.3376 403.7158 257.8866 1.5311 1.6066 3.8659 -6.8353 1.8051 16.2517 3.0695 0.4569
Car -1 -1 -0.0556 636.5693 176.7451 662.7548 199.5813 1.5286 3.6907 1.6280 2.7288 1.8127 50.7722 -0.0027 0.4537
Car -1 -1 0.2788 376.8277 182.5903 484.9762 225.1904 1.5263 1.6012 3.6446 -6.7194 1.9043 27.1145 0.0376 0.4369
Car -1 -1 0.5502 0.0000 192.8918 274.6758 331.8523 1.5570 1.6514 3.5263 -6.5003 1.8397 9.2555 -0.0490 0.3709
