Pedestrian -1 -1 2.6304 804.4590 162.5046 839.4716 228.7682 1.7493 0.7488 0.6138 5.8173 1.2759 19.0930 2.9233 0.4823
Pedestrian -1 -1 3.0356 226.3477 159.1060 242.9884 197.9966 1.9150 0.7215 0.6664 -18.5054 0.8630 35.2955 2.5582 0.3567
Pedestrian -1 -1 2.6452 824.4173 159.0615 860.9644 224.5300 1.7488 0.7975 0.6422 6.4564 1.1777 19.3315 2.9644 0.3484
Car -1 -1 -2.0735 857.9800 186.0425 1224.0000 370.0000 1.5104 1.5937 3.9962 3.3999 1.5713 5.5339 -1.5460 0.7945
Car -1 -1 -1.6553 687.7949 175.5815 749.4182 227.4482 1.5678 1.6627 3.9145 3.6394 1.4207 23.3780 -1.5013 0.7943
Car -1 -1 -1.7635 700.1292 178.7762 803.3471 250.8954 1.5104 1.6239 3.9487 3.3001 1.4759 16.7770 -1.5712 0.7690
Car -1 -1 2.1482 28.1130 187.7944 207.7668 262.8629 1.5171 1.6843 3.6705 -11.1631 1.7078 16.4831 1.5634 0.7316
Car -1 -1 -1.7930 750.3998 177.0247 908.5850 286.4307 1.4778 1.5792 3.6681 3.3727 1.4325 11.4228 -1.5116 0.7306
Car -1 -1 1.4956 666.0226 171.3216 714.0677 214.1539 1.6035 1.6238 3.7297 3.3240 1.2614 28.3623 1.6127 0.6751
Car -1 -1 -1.7525 658.9505 172.5574 710.3655 207.6053 1.5933 1.7910 3.8346 3.7605 1.2337 34.1137 -1.6421 0.5287
Car -1 -1 3.0877 550.1705 177.0537 574.4380 196.9383 1.5173 3.8834 1.7127 -3.3995 1.2556 55.9726 3.0291 0.4969
