Pedestrian -1 -1 0.7669 962.7472 146.2585 1075.9490 318.6631 1.7988 0.8142 0.7218 4.5266 1.4432 7.8360 1.2751 0.6475
Pedestrian -1 -1 1.6942 1118.3217 191.6826 1224.0000 370.0000 1.6515 0.7263 0.7113 4.3440 1.7459 5.3504 2.3491 0.4440
Pedestrian -1 -1 1.3743 55.3318 190.0564 100.1125 250.7817 1.6850 0.9121 0.7443 -15.2385 1.9702 20.3870 0.7414 0.4245
Pedestrian -1 -1 2.5094 832.9127 170.8976 878.4142 240.5557 1.7055 0.8153 0.7393 6.2673 1.4720 17.8040 2.8439 0.3885
Pedestrian -1 -1 2.9465 11.0819 170.6808 71.0697 262.2597 1.7746 0.9066 0.7956 -11.4457 1.5859 14.2933 2.2838 0.3668
Pedestrian -1 -1 2.9915 254.8515 165.0887 306.1303 260.2231 1.7608 0.8976 0.7814 -6.3253 1.4772 13.6708 2.5688 0.3146
Pedestrian -1 -1 2.6511 641.2418 162.5559 696.7144 261.4750 1.7488 0.8470 0.6988 1.1253 1.4332 13.0216 2.7370 0.3006
Pedestrian -1 -1 2.8199 516.3899 163.7018 567.1202 262.3223 1.7368 0.8800 0.6846 -1.2153 1.4427 12.9873 2.7306 0.2526
Pedestrian -1 -1 1.0850 969.7274 191.9218 1132.8500 370.0000 1.6490 0.7818 0.7283 3.2736 1.7431 5.3355 1.6109 0.2249
Pedestrian -1 -1 0.9514 811.7355 168.5329 872.2277 258.8746 1.7302 0.9595 0.6072 4.6353 1.5026 13.9695 1.2667 0.2025
Pedestrian -1 -1 -0.8669 1159.1827 145.1652 1224.0000 252.9639 1.7767 0.8167 0.6597 10.1174 1.1960 12.1097 -0.1821 0.1839
Pedestrian -1 -1 1.2311 554.6479 157.8449 613.6909 250.2993 1.8638 1.0981 0.5799 -0.4781 1.4087 14.7175 1.2011 0.1730
Pedestrian -1 -1 -0.8851 737.0942 162.0018 793.8339 253.8124 1.7811 0.8689 0.7015 3.1927 1.4238 14.2696 -0.6680 0.1696
Pedestrian -1 -1 -0.8159 1069.3813 161.3413 1149.1265 269.7142 1.7640 0.8638 0.6876 8.4957 1.4538 11.9981 -0.2106 0.1520
Pedestrian -1 -1 2.7239 608.8763 162.6260 658.9293 252.0380 1.7782 0.9258 0.7185 0.5459 1.4244 14.6196 2.7622 0.1486
Pedestrian -1 -1 -1.9914 76.8910 198.4658 113.9796 256.1759 1.7292 0.7202 0.6866 -15.8635 2.3014 21.9672 -2.6086 0.1474
Cyclist -1 -1 0.1339 254.1710 162.6208 304.1056 260.0523 1.7693 1.8056 0.6350 -6.3666 1.4462 13.7901 -0.2881 0.2056
Cyclist -1 -1 1.7346 629.9302 162.2065 735.8813 259.3549 1.7165 1.8614 0.6872 1.4031 1.3949 13.0670 1.8408 0.2008
Cyclist -1 -1 0.3243 0.0000 173.1725 63.8190 266.0385 1.7476 1.8422 0.6112 -11.6822 1.6114 14.2710 -0.3491 0.1931
Cyclist -1 -1 -0.9140 1126.1924 144.7683 1224.0000 255.0836 1.7626 1.8539 0.5779 10.1102 1.1933 12.2610 -0.2354 0.1831
Cyclist -1 -1 1.9095 245.5417 176.2219 384.4483 287.2717 1.6883 1.9037 0.6878 -4.5740 1.6249 11.1258 1.5311 0.1698
Cyclist -1 -1 -0.0581 522.0227 160.2374 560.1188 264.1197 1.7741 1.8101 0.5902 -1.2431 1.4297 13.0088 -0.1493 0.1684
Cyclist -1 -1 1.4687 682.2325 160.3195 757.9441 230.4926 1.7534 1.8478 0.6438 2.8793 1.2507 18.0343 1.6261 0.1668
Cyclist -1 -1 -1.6185 552.9598 148.3711 629.3388 221.3766 1.7966 1.8886 0.6443 -0.3982 1.0076 17.7806 -1.6385 0.1635
Car -1 -1 0.4620 16.2105 183.5807 127.0008 230.2088 1.5546 3.8923 1.6537 -19.4072 1.6779 25.8989 -0.1736 0.2382
Car -1 -1 -2.2841 1155.1670 182.7595 1224.0000 370.0000 1.5429 1.6936 3.9255 6.5784 1.5693 5.6837 -1.4517 0.1984
Car -1 -1 2.4976 555.6912 172.9326 605.2935 195.0996 1.5573 3.7900 1.6857 -1.8178 1.0270 51.6723 2.4644 0.1656
