Pedestrian -1 -1 2.1465 761.2816 140.1736 866.5898 321.6770 1.8008 0.8468 0.6812 2.1759 1.4024 7.5528 2.4179 0.7402
Pedestrian -1 -1 -0.3566 675.1578 140.6700 702.6628 201.5434 1.8512 0.7800 0.6129 2.5675 0.6415 21.9487 -0.2397 0.5973
Pedestrian -1 -1 3.0899 447.1810 139.6826 470.2157 208.5877 1.8501 0.7278 0.5841 -4.0560 0.7557 19.4047 2.8893 0.5735
Pedestrian -1 -1 0.1039 541.9341 148.7709 576.8590 234.0057 1.7901 0.7071 0.6805 -1.0138 1.1254 15.2119 0.0407 0.5524
Pedestrian -1 -1 1.0993 751.8255 137.3760 845.2797 296.6866 1.8343 0.8955 0.6370 2.2767 1.3394 8.5437 1.3526 0.5171
Pedestrian -1 -1 3.1865 510.6221 145.3152 538.9698 227.6635 1.8664 0.8961 0.6165 -1.9005 1.0705 16.4873 3.0759 0.4648
Pedestrian -1 -1 1.2837 698.7375 136.8570 810.1353 328.7983 1.8116 0.9381 0.6285 1.4135 1.4014 7.0256 1.4757 0.4500
Pedestrian -1 -1 -0.0393 584.2240 142.0127 615.5140 227.5247 1.8223 0.8227 0.6521 -0.1615 1.0037 15.4890 -0.0474 0.4212
Pedestrian -1 -1 2.8966 484.7440 154.7554 515.6309 225.6865 1.7715 0.7177 0.6279 -2.7262 1.1301 18.1050 2.7516 0.3871
Pedestrian -1 -1 3.0012 574.0956 148.6771 596.8459 216.4777 1.7992 0.6676 0.5268 -0.5687 0.9563 19.1313 2.9740 0.3828
Pedestrian -1 -1 3.2294 426.4096 146.3042 458.3207 227.4021 1.8140 0.8307 0.6429 -3.7714 1.0507 16.2646 3.0079 0.3694
Pedestrian -1 -1 3.1255 536.8178 153.0464 562.8789 223.4820 1.8456 0.8402 0.6821 -1.5224 1.1278 18.9717 3.0487 0.3473
Pedestrian -1 -1 -1.4917 238.7395 155.4798 288.1360 264.0213 1.7791 0.6973 0.7271 -5.8510 1.3707 12.0477 -1.9316 0.3286
Pedestrian -1 -1 -0.2932 80.0629 161.9341 112.7846 222.7079 1.8407 0.6967 0.6526 -15.7741 1.2800 21.8818 -0.9091 0.3058
Pedestrian -1 -1 1.5132 322.8333 171.7822 384.4288 287.4074 1.7154 0.8669 0.6509 -3.9473 1.5877 10.9513 1.1781 0.2847
Pedestrian -1 -1 0.0990 542.4657 143.2046 570.1429 220.1813 1.8366 0.7064 0.6060 -1.2182 0.9484 17.2278 0.0318 0.2799
Pedestrian -1 -1 -0.2200 107.1183 153.6735 165.7188 268.1532 1.8256 0.7036 0.6819 -7.8425 1.3995 11.7603 -0.7938 0.2783
Pedestrian -1 -1 3.0070 346.2484 185.9821 419.9216 332.5536 1.6502 0.7996 0.7499 -2.7341 1.7220 8.5148 2.7085 0.2551
Pedestrian -1 -1 -0.3190 240.8440 166.6549 266.7603 216.1397 1.7505 0.6843 0.6578 -12.6871 1.2623 25.4817 -0.7742 0.2109
Cyclist -1 -1 2.1405 212.8382 169.8154 374.8781 297.0356 1.7154 2.0226 0.7738 -4.4598 1.5730 10.0777 1.7371 0.2783
Cyclist -1 -1 -2.8656 513.7706 156.7641 562.4680 224.0223 1.7139 1.7459 0.8539 -1.8019 1.1107 18.9492 -2.9569 0.2564
Cyclist -1 -1 0.4059 236.4781 171.2088 272.5135 218.2932 1.6497 1.6514 0.5561 -12.7017 1.3257 25.6055 -0.0478 0.2487
Car -1 -1 3.3870 0.0000 122.7113 304.9955 370.0000 1.6744 3.7811 1.7472 -3.1545 1.4633 4.6677 2.8254 0.5116
