Pedestrian -1 -1 3.4317 179.4093 177.0261 217.5725 240.3967 1.7093 0.8653 0.7043 -11.1661 1.5897 19.8720 2.9201 0.5402
Pedestrian -1 -1 2.4138 283.4630 183.0428 321.1526 240.1573 1.6694 0.8291 0.6557 -8.9769 1.7177 21.4939 2.0171 0.3368
Pedestrian -1 -1 3.2329 90.4467 166.9590 114.2139 214.4083 1.8530 0.7337 0.7136 -19.8456 1.2862 28.5457 2.6247 0.3090
Cyclist -1 -1 0.3593 121.0949 179.5441 149.4638 216.1006 1.6410 1.6768 0.5467 -21.4889 1.5541 33.1202 -0.2177 0.3363
Cyclist -1 -1 -0.8487 1178.2253 165.2005 1234.9476 208.9124 1.6725 1.8005 0.5368 23.8864 1.0498 28.4129 -0.1592 0.2515
Car -1 -1 -1.4504 494.3161 174.7601 561.0497 227.8974 1.5905 1.7255 3.8701 -2.3440 1.3899 23.4472 -1.5541 0.6896
Car -1 -1 -1.5603 536.4604 175.4837 575.5309 210.0341 1.5482 1.7502 3.4449 -2.1495 1.2796 33.9566 -1.6281 0.6249
Car -1 -1 1.5304 604.8569 172.6635 641.6421 204.8327 1.5200 1.6616 3.4169 1.0318 1.1034 35.6617 1.5541 0.5677
Car -1 -1 -0.1158 568.1334 171.4669 599.7093 196.1821 1.5402 3.5796 1.6243 -1.1656 0.9157 46.6504 -0.1456 0.4668
Car -1 -1 2.8068 432.0827 177.4492 464.1225 194.6944 1.5219 3.5411 1.7722 -13.9408 1.1648 65.3642 2.5925 0.2915
Car -1 -1 -0.1469 591.1351 174.7498 614.4292 190.8162 1.4964 3.2138 1.7560 0.1452 0.8680 68.6202 -0.1497 0.2769
Car -1 -1 1.2504 480.6961 173.9763 552.4242 204.2839 1.6058 3.5635 1.7226 -4.6819 1.2080 39.5980 1.1284 0.2314
Car -1 -1 3.2130 390.6641 176.7437 413.0232 195.7515 1.6126 3.8553 1.6353 -17.4395 1.2095 62.9925 2.9390 0.2265
