Cyclist -1 -1 -0.5959 644.3517 171.0919 679.3571 212.0895 1.8078 1.8855 0.6334 2.4085 1.1862 32.6698 -0.5234 0.4140
Cyclist -1 -1 3.2944 399.6327 176.2077 423.8227 224.8540 1.7376 1.8307 0.5915 -7.2823 1.4170 26.6160 3.0296 0.3931
Cyclist -1 -1 -1.6617 531.5380 168.4378 554.4649 191.1152 1.8512 1.8312 0.6039 -5.3434 0.4827 59.1401 -1.7517 0.3212
Car -1 -1 -1.2438 172.9102 192.4879 403.2945 336.3069 1.4990 1.6096 3.7111 -4.0101 1.6163 9.5814 -1.6306 0.6442
Car -1 -1 -0.9112 0.0000 202.4574 154.7027 363.9477 1.5192 1.6269 4.0212 -7.8994 1.7907 9.2309 -1.6050 0.6316
Car -1 -1 1.9778 124.1924 187.0094 276.3623 264.5937 1.4883 1.6305 3.4183 -8.7308 1.5329 15.6467 1.4759 0.5744
Car -1 -1 -1.7178 557.9525 179.7123 605.1500 214.0510 1.5327 1.7207 3.5228 -1.3235 1.2882 33.9729 -1.7569 0.5662
Car -1 -1 3.4115 261.9714 181.4130 329.1896 219.4229 1.4895 3.5825 1.6731 -13.0015 1.3416 30.0546 3.0061 0.5272
Car -1 -1 3.2866 310.5487 154.8437 390.0777 216.4068 1.7745 3.9701 1.8037 -8.1048 0.9002 22.8374 2.9492 0.4636
Car -1 -1 -0.9679 0.0000 0.0000 1241.0000 376.0000 1.5584 1.6485 3.9622 -2.3952 1.7080 1.7565 -1.8351 0.4044
Car -1 -1 0.4774 119.1586 180.4305 239.9555 234.9440 1.5245 3.3907 1.7780 -12.9076 1.3919 21.8387 -0.0513 0.4011
Car -1 -1 3.0699 631.9926 181.2482 657.4841 201.9328 1.5147 3.9370 1.6473 2.7586 1.2253 54.6220 3.1196 0.3268
