Pedestrian -1 -1 -0.6594 640.8936 176.0452 656.8616 204.2386 1.7023 0.7365 0.6635 2.3457 1.9001 44.1654 -0.6072 0.1892
Pedestrian -1 -1 1.1475 720.4788 161.7298 741.6780 197.1842 1.8480 0.9415 0.5902 6.3400 1.2685 38.0115 1.3111 0.1262
Pedestrian -1 -1 -1.1338 1050.7399 173.7549 1089.5145 232.2349 1.7325 0.8046 0.6261 13.9140 1.7608 21.8961 -0.5744 0.1223
Pedestrian -1 -1 -1.8168 939.9832 165.6445 966.5514 213.3089 1.7861 0.7733 0.6530 13.0004 1.5163 27.4295 -1.3788 0.1183
Pedestrian -1 -1 -2.8935 1104.9463 179.9368 1124.5985 211.7268 1.7334 0.9276 0.6931 28.0607 2.1335 40.1578 -2.2875 0.1161
Cyclist -1 -1 -0.2658 639.7197 175.4071 657.6395 204.6035 1.7505 1.8394 0.6362 2.3369 1.9114 44.3941 -0.2141 0.3014
Cyclist -1 -1 2.6473 698.9762 163.7852 719.9740 191.7662 1.9105 2.0544 0.5363 6.8959 1.2917 50.3190 2.7824 0.2898
Cyclist -1 -1 -0.6774 1092.5728 179.9247 1127.7654 212.4432 1.7507 1.7244 0.6699 27.7521 2.1528 40.1124 -0.0761 0.2013
Cyclist -1 -1 -0.7845 852.1039 159.1921 912.3882 217.0517 1.7295 1.7696 0.7120 8.4236 1.3215 22.5170 -0.4312 0.1641
Cyclist -1 -1 -0.8801 1038.9238 181.3792 1112.2494 242.9303 1.7448 1.9095 0.5894 13.9333 2.0137 21.7266 -0.3167 0.1596
Cyclist -1 -1 3.5513 0.0000 199.7412 35.9254 254.1402 1.6741 1.5890 0.4143 -19.6482 2.5934 23.8352 2.8672 0.1364
Cyclist -1 -1 2.9463 717.4353 174.1780 733.3843 202.8748 1.7385 1.8927 0.6160 7.1164 1.8228 44.7563 3.1024 0.1331
Cyclist -1 -1 -3.7265 1157.5836 175.0930 1192.5386 206.5958 1.7460 1.8896 0.6204 32.1225 1.8768 41.0893 -3.0668 0.1284
Cyclist -1 -1 2.6638 716.7987 164.8937 742.5974 200.0002 1.8078 1.8089 0.5714 6.2707 1.3982 38.1004 2.8253 0.1277
Cyclist -1 -1 -2.0907 927.6281 158.5820 980.7286 207.2452 1.8289 1.7344 0.6517 13.0709 1.2929 27.5092 -1.6516 0.1210
Cyclist -1 -1 -0.9373 917.3764 161.8898 1019.0869 258.3889 1.5831 1.6164 0.4846 6.1933 1.4036 12.6613 -0.4922 0.1171
Car -1 -1 0.5494 274.2075 184.3012 353.2848 219.7978 1.5026 3.2709 1.9698 -13.6983 2.0619 33.4581 0.1633 0.5422
Car -1 -1 -3.0052 674.4391 175.3581 704.2551 197.8959 1.5982 3.7333 1.7164 5.9040 1.7917 53.6299 -2.8966 0.1728
Car -1 -1 -1.3526 0.0000 189.1314 17.4983 314.2158 1.5506 1.6564 3.8567 -10.9996 1.8589 11.5660 -2.1015 0.1646
Car -1 -1 3.5060 227.0480 186.8493 285.1758 215.5260 1.4916 3.9546 1.7018 -20.3416 2.3380 41.5692 3.0532 0.1616
Car -1 -1 0.9320 1085.8369 177.4678 1172.3184 207.1080 1.6446 3.7540 1.6720 29.5440 1.9139 41.1792 1.5505 0.1386
Car -1 -1 -2.3417 1082.4312 177.2848 1242.0000 375.0000 1.5047 1.6394 3.9653 6.9455 1.5627 7.3759 -1.6067 0.1362
Car -1 -1 3.0520 325.5581 185.7021 354.3590 206.9621 1.4659 3.5810 1.7101 -20.3112 2.4655 54.1297 2.6943 0.1287
Car -1 -1 -0.8893 951.7238 175.3587 1105.4200 231.9893 1.5981 4.0273 1.6554 12.9738 1.6850 22.7287 -0.3768 0.1276
Car -1 -1 3.3354 284.3322 179.1041 317.0486 199.4951 1.5621 3.9235 1.7177 -25.1230 2.0888 58.6575 2.9321 0.1255
Car -1 -1 3.2429 453.4347 182.7323 487.2401 208.5791 1.4888 4.0227 1.6807 -8.7377 2.1367 45.2238 3.0527 0.1241
Car -1 -1 -0.4167 452.5034 180.4218 496.1015 202.4134 1.5608 3.8116 1.8655 -10.3552 2.1575 54.7511 -0.6032 0.1192
