Pedestrian -1 -1 1.9680 576.6746 169.6912 595.5087 199.8819 1.7870 0.9518 0.6440 -1.4625 1.6001 43.1751 1.9339 0.3787
Pedestrian -1 -1 2.5974 114.6796 174.2887 185.1070 278.5956 1.7514 0.8209 0.7214 -8.1028 1.7779 12.6328 2.0364 0.2304
Pedestrian -1 -1 2.7953 661.0954 168.3594 685.5692 215.5187 1.7360 0.7653 0.6924 2.3236 1.5709 27.0174 2.8796 0.1894
Cyclist -1 -1 -0.2882 654.1284 167.5967 683.6564 214.5179 1.7001 1.7759 0.6186 2.1503 1.5100 27.0741 -0.2104 0.1783
Cyclist -1 -1 -0.5168 575.1207 171.2400 596.1710 200.2783 1.7049 1.6380 0.5154 -1.4996 1.6105 43.1917 -0.5517 0.1742
Car -1 -1 3.4307 277.9666 187.4929 441.8145 292.4551 1.5066 3.9966 1.6491 -4.3080 1.8104 12.9371 3.1146 0.8011
Car -1 -1 3.3174 414.4371 184.2252 494.6608 242.2879 1.4774 3.8016 1.6337 -4.4728 1.8397 21.0369 3.1097 0.7870
Car -1 -1 3.2136 453.2274 175.7485 508.3488 221.8623 1.5916 4.2471 1.7500 -4.8625 1.7106 27.3792 3.0390 0.5654
Car -1 -1 2.7806 738.9171 141.2430 947.7415 276.8455 1.7996 4.1546 1.7611 3.4477 1.3805 11.7158 3.0592 0.5375
Car -1 -1 1.6452 554.9022 177.6466 607.1116 200.4921 1.5226 3.4516 1.8284 -1.9865 1.8580 49.4670 1.6049 0.2506
Car -1 -1 3.0215 576.1094 177.2525 622.2773 213.6241 1.5117 3.7287 1.6251 -0.5811 1.7217 32.4190 3.0031 0.2260
Car -1 -1 -0.0756 98.5139 170.7959 147.3175 206.1278 1.6012 3.6603 1.6772 -23.4639 1.5082 34.6520 -0.6674 0.2209
Car -1 -1 3.2075 538.7881 170.4955 561.7560 190.0115 1.5777 3.6521 1.6737 -4.9747 1.3874 60.1681 3.1250 0.1856
Car -1 -1 -1.6236 591.6516 168.3532 651.2855 194.4459 1.5105 3.4380 1.7238 0.6120 1.2503 42.6936 -1.6098 0.1799
