Cyclist -1 -1 3.3545 341.1716 178.2016 355.4104 201.8405 1.7329 1.8178 0.6401 -18.8615 1.4917 53.5983 3.0126 0.3641
Cyclist -1 -1 -0.7670 1171.9388 150.3952 1238.0000 247.4709 1.6590 1.7484 0.6669 11.4854 1.1287 13.1675 -0.0647 0.2885
Cyclist -1 -1 -0.2428 652.7181 177.5369 668.5294 204.5433 1.5909 1.7011 0.5437 3.5538 1.3582 43.1958 -0.1663 0.2747
Car -1 -1 1.7117 400.1299 187.9552 514.8571 281.8788 1.4854 1.6054 3.5767 -2.5871 1.6238 13.4360 1.5193 0.7069
Car -1 -1 -1.5776 590.1237 180.0580 649.7598 233.1613 1.4947 1.6789 3.8363 0.5109 1.4552 22.1428 -1.5601 0.6729
Car -1 -1 3.4056 237.0836 183.5197 382.4391 271.9659 1.5971 4.2914 1.7774 -6.0255 1.6476 15.3006 3.0307 0.6710
Car -1 -1 -1.0442 0.0000 204.2929 404.5571 374.0000 1.5319 1.7121 4.0995 -2.5713 1.7290 4.1041 -1.5833 0.6285
Car -1 -1 -1.5376 528.1479 177.9937 575.5846 221.6740 1.5070 1.6357 3.7079 -1.8072 1.3871 26.6656 -1.6098 0.6192
Car -1 -1 3.0982 483.7859 176.6357 519.0710 205.2189 1.5304 3.8492 1.7813 -5.6840 1.2708 40.5149 2.9546 0.5086
Car -1 -1 3.0531 552.4225 177.4469 590.8832 208.6569 1.5566 3.5600 1.6834 -1.6122 1.3553 37.7013 3.0055 0.4937
Car -1 -1 1.8878 710.1737 172.1611 761.3981 190.6375 1.5086 3.8947 1.6991 11.3046 0.7466 60.3243 2.0674 0.3097
