Cyclist -1 -1 -0.3882 791.4054 164.2964 818.9998 202.1205 1.7411 1.8619 0.5819 9.6243 0.9501 34.0220 -0.1195 0.4134
Cyclist -1 -1 1.4793 599.9912 173.3623 650.1237 214.3408 1.6961 2.0300 0.9071 0.9656 1.3603 30.2482 1.5058 0.2724
Cyclist -1 -1 -2.5796 242.0299 185.2721 274.1782 220.8279 1.7378 1.7703 0.6191 -17.2983 1.9337 36.2147 -3.0276 0.2582
Cyclist -1 -1 0.2319 0.0000 168.1758 29.1737 221.6272 1.7621 1.8019 0.5906 -20.2517 1.3239 24.6169 -0.4563 0.2304
Car -1 -1 1.6324 518.5096 177.5866 564.8485 220.9223 1.5365 1.5611 3.2338 -2.2223 1.3988 27.1024 1.5462 0.6811
Car -1 -1 -1.3975 443.4874 175.8152 546.2437 252.1424 1.5875 1.7305 4.0152 -2.4112 1.4705 16.9696 -1.5420 0.6546
Car -1 -1 -0.0358 602.7546 176.8210 644.1453 214.1978 1.5605 3.9880 1.6657 0.9103 1.3661 31.9928 -0.0127 0.6031
Car -1 -1 -0.0212 566.1281 170.7444 596.2518 198.8589 1.5696 3.5346 1.6576 -1.2161 0.9699 41.9118 -0.0550 0.5353
Car -1 -1 -0.4519 577.4319 174.2035 613.0842 192.8720 1.5588 3.6075 1.6496 -0.5332 0.9500 61.9613 -0.4654 0.3332
Car -1 -1 -0.1767 720.1781 172.4664 749.7571 192.2759 1.5260 3.7491 1.6574 10.6203 0.8307 57.2099 0.0011 0.2990
Car -1 -1 0.4218 335.4641 183.1538 416.0950 223.2241 1.4537 3.7460 1.6315 -8.7709 1.5240 28.1736 0.1175 0.2365
