Pedestrian -1 -1 -2.8241 676.2058 160.3309 711.8315 234.0428 1.8170 0.8087 0.6819 2.0873 1.5087 18.2925 -2.7131 0.3055
Pedestrian -1 -1 -0.3742 390.6247 182.7493 409.9610 217.7541 1.6967 0.7115 0.7092 -10.4305 2.1943 35.7515 -0.6566 0.2173
Pedestrian -1 -1 1.7501 222.3350 164.0341 251.7924 224.0283 1.8243 0.6977 0.6929 -11.6010 1.5564 22.3700 1.2763 0.2017
Pedestrian -1 -1 2.6839 204.4688 184.7931 225.8329 216.1758 1.7223 0.7048 0.8277 -22.2243 2.4026 40.5489 2.1850 0.1634
Pedestrian -1 -1 -0.7170 0.0000 172.3083 18.7020 212.4376 1.8128 0.7178 0.6148 -27.6516 1.7885 32.9527 -1.4113 0.1606
Cyclist -1 -1 0.2155 389.1744 184.1389 410.0710 220.9182 1.7464 1.8079 0.6214 -10.4484 2.3204 35.7479 -0.0673 0.5190
Cyclist -1 -1 -3.2262 680.5068 164.5826 709.0874 238.4447 1.7905 1.8093 0.5611 2.0961 1.5904 18.4002 -3.1154 0.3651
Cyclist -1 -1 3.4503 187.5040 180.4677 201.9495 199.4697 1.7511 1.8022 0.6664 -39.2636 2.4812 68.2027 2.9294 0.2881
Cyclist -1 -1 3.5121 183.3594 191.7304 220.3345 249.1622 1.5015 1.4879 0.3805 -11.4145 2.0485 20.1265 3.0015 0.2366
Car -1 -1 1.0323 474.6817 178.7216 537.4073 208.1766 1.6394 2.7109 2.6395 -6.2058 2.0030 42.7853 0.8886 0.4838
Car -1 -1 -3.0334 738.9781 175.5781 762.9865 194.0779 1.5908 4.0511 1.6971 12.6837 1.8443 64.8716 -2.8415 0.3057
Car -1 -1 -0.3051 652.8884 182.4341 688.6174 203.4296 1.5392 3.5251 1.8081 4.7000 2.3161 56.5640 -0.2232 0.2776
Car -1 -1 0.5726 260.6658 184.0747 305.5950 203.5295 1.4815 3.6215 1.6491 -26.7296 2.4301 59.0629 0.1490 0.1933
Car -1 -1 -0.0123 167.0543 178.1915 190.2460 196.4566 1.5901 3.6263 1.7788 -39.4939 2.0936 65.9992 -0.5500 0.1891
