Pedestrian -1 -1 2.7443 0.5255 177.3775 84.1734 294.3579 1.7107 0.8277 0.7567 -8.7991 1.7842 11.1235 2.0865 0.5029
Pedestrian -1 -1 -1.5324 659.6369 176.8027 669.9166 198.3659 1.7248 0.8049 0.6087 4.3950 2.0455 58.1860 -1.4579 0.4526
Car -1 -1 -1.7246 717.0750 180.6162 809.6458 250.8627 1.5453 1.6639 3.9450 3.7170 1.7644 18.3193 -1.5285 0.8473
Car -1 -1 -1.7992 749.8876 180.4934 903.2839 287.4785 1.5421 1.6260 4.0381 3.5546 1.6990 12.7376 -1.5341 0.7739
Car -1 -1 -1.7367 697.0903 179.7847 768.8423 231.6243 1.5280 1.6627 3.9947 3.9125 1.7762 23.8019 -1.5765 0.7383
Car -1 -1 2.0167 0.0000 197.0911 304.7540 375.0000 1.5260 1.8910 3.4789 -4.8405 1.8458 7.6788 1.4692 0.7321
Car -1 -1 -2.0365 808.3287 182.1292 1165.3043 374.4448 1.4777 1.6160 3.9201 3.5131 1.6033 7.7358 -1.6256 0.7215
Car -1 -1 1.5402 263.9754 190.9309 423.4362 294.8926 1.5256 2.4228 2.9888 -4.8695 1.8994 13.0630 1.1893 0.7067
Car -1 -1 1.7206 466.6736 182.4221 520.8569 223.7674 1.5056 1.6384 3.4291 -4.6161 1.9106 28.7909 1.5624 0.6928
Car -1 -1 -1.7085 692.4293 177.7361 745.9333 218.6279 1.5289 1.6281 3.7367 4.3219 1.7401 29.2953 -1.5641 0.6592
Car -1 -1 -1.4562 493.4167 179.5021 539.9200 214.9340 1.5209 1.7369 3.6067 -4.3099 1.8463 33.4637 -1.5838 0.6220
