Pedestrian -1 -1 -0.1112 526.8433 171.4582 544.6745 209.4516 1.8345 0.8775 0.7753 -3.6799 1.7675 35.3486 -0.2147 0.3647
Pedestrian -1 -1 3.2478 106.2021 188.1320 148.6831 257.7753 1.6976 0.8563 0.8111 -12.3396 2.0996 18.4002 2.6634 0.3402
Pedestrian -1 -1 -0.5546 775.6525 160.0788 819.2736 237.5152 1.7916 0.7952 0.6864 4.4051 1.4964 17.1742 -0.3084 0.3163
Pedestrian -1 -1 3.0447 138.4529 182.2025 179.3694 255.7544 1.7176 0.8050 0.7724 -11.0200 1.9524 17.5417 2.4903 0.3073
Pedestrian -1 -1 3.3189 419.2478 175.6829 448.2673 236.0898 1.7435 0.7954 0.7024 -5.2371 1.8290 21.2807 3.0799 0.2436
Pedestrian -1 -1 1.1594 499.8777 182.3238 519.6201 218.7019 1.7580 0.7552 0.6815 -4.9870 2.2321 35.6071 1.0207 0.2101
Pedestrian -1 -1 3.1038 493.3893 173.6849 510.5761 218.4836 1.7497 0.7415 0.6458 -4.3307 1.7835 28.6187 2.9545 0.1929
Pedestrian -1 -1 2.0857 1047.4750 156.4431 1112.2552 260.3188 1.6857 0.7118 0.6060 7.8624 1.4197 12.1632 2.6480 0.1872
Pedestrian -1 -1 3.2730 270.4010 163.1303 298.8288 228.5599 1.8048 0.7164 0.6407 -9.2104 1.5370 20.3350 2.8523 0.1816
Cyclist -1 -1 -0.6394 1088.7998 116.8309 1242.0000 344.7658 1.7812 1.8243 0.5728 5.1792 1.3438 6.5501 0.0076 0.3350
Cyclist -1 -1 -2.9205 526.6406 172.8056 545.9551 209.7878 1.7714 1.8808 0.5489 -3.6551 1.7695 35.5247 -3.0228 0.2748
Cyclist -1 -1 0.2725 263.8213 164.2032 310.2235 227.1290 1.6976 1.7129 0.7582 -9.1356 1.4646 20.3651 -0.1447 0.2466
Cyclist -1 -1 -0.8162 36.5202 191.0902 141.6667 275.9492 1.8509 1.9364 0.7910 -11.9319 2.2811 16.4822 -1.4354 0.2386
Cyclist -1 -1 -0.9076 892.0057 149.7366 974.8205 223.7936 1.7074 1.7532 0.7376 7.7975 1.1748 17.5792 -0.4967 0.2281
Cyclist -1 -1 -0.3142 718.9034 174.1119 744.9842 211.3311 1.7585 1.9824 0.6673 5.8922 1.8220 35.1876 -0.1502 0.2028
Cyclist -1 -1 -0.4197 720.4528 164.7505 752.3983 211.4137 1.7825 1.8550 0.5265 4.9373 1.4733 28.5230 -0.2505 0.1918
Cyclist -1 -1 -0.8617 909.2593 138.4070 1045.0682 264.6289 1.7631 1.7990 0.7307 5.5055 1.2823 11.0463 -0.4104 0.1915
Cyclist -1 -1 2.4271 1019.6688 156.5356 1131.8771 256.1849 1.5722 1.7807 0.5602 7.8276 1.3151 12.3048 2.9825 0.1907
Car -1 -1 -3.2246 665.0168 173.3529 711.8491 211.8080 1.5946 4.1449 1.7093 3.3772 1.6185 32.0602 -3.1212 0.6426
Car -1 -1 -1.3730 580.6585 174.1663 625.2347 204.6377 1.5587 1.6990 3.8330 -0.3652 1.6340 39.1239 -1.3827 0.5034
Car -1 -1 -0.7818 636.0872 176.4179 679.2816 195.3932 1.5328 3.3455 1.7956 3.9775 1.8428 60.8301 -0.7173 0.2454
Car -1 -1 -2.3410 625.4875 177.2884 677.6469 199.1161 1.5571 1.9907 3.5706 3.0755 1.9034 54.2841 -2.2852 0.2407
Car -1 -1 1.8445 519.3604 168.6546 583.4761 198.7386 1.9348 3.8960 1.7306 -3.8763 1.6650 47.6228 1.7634 0.2241
Car -1 -1 -2.2837 625.6504 178.8973 680.6307 202.5616 1.4524 1.6077 3.6213 2.7546 1.8642 47.1905 -2.2263 0.2166
Car -1 -1 0.2374 701.7645 174.3459 736.2827 196.4498 1.5275 3.6592 1.6576 7.8834 1.6398 52.1378 0.3862 0.2156
Car -1 -1 0.0824 705.8769 174.0366 731.0681 193.8037 1.5519 3.6102 1.7456 8.8487 1.6519 58.8354 0.2306 0.1997
