Pedestrian -1 -1 3.1893 230.9614 182.2068 255.9517 236.7572 1.6294 0.7979 0.6470 -11.3249 1.9242 22.2160 2.7223 0.4877
Pedestrian -1 -1 1.6566 414.6693 180.3360 429.5826 209.7652 1.6827 0.7857 0.6294 -10.9202 2.1206 41.8198 1.4024 0.3635
Pedestrian -1 -1 -0.1093 13.9797 172.9815 40.9819 222.4973 1.7949 0.8236 0.6943 -21.5955 1.8001 26.6915 -0.7848 0.2342
Pedestrian -1 -1 1.6660 485.0242 181.7704 493.9616 202.3545 1.7458 0.6919 0.7167 -10.3592 2.5159 61.9055 1.5004 0.1644
Pedestrian -1 -1 -0.3450 25.3710 178.9909 60.1459 231.4675 1.7575 0.7891 0.7171 -19.5386 1.9732 24.7966 -1.0073 0.1361
Cyclist -1 -1 1.3069 910.4300 197.0687 994.5323 270.9187 1.7794 1.7928 0.7058 8.5659 2.4076 18.2077 1.7392 0.3861
Cyclist -1 -1 0.3428 5.5422 174.9200 47.1596 224.2988 1.7566 1.8679 0.5999 -21.6371 1.8363 26.7273 -0.3330 0.2239
Cyclist -1 -1 0.2875 223.7390 170.3123 249.7733 209.4141 1.8411 1.8521 0.6173 -18.0955 1.7218 34.9380 -0.1876 0.1991
Cyclist -1 -1 0.1271 216.2988 191.3714 231.1240 218.6261 1.7585 1.6757 0.6734 -26.0847 3.0314 48.6813 -0.3629 0.1954
Cyclist -1 -1 3.5167 13.3846 165.1746 44.7218 202.6217 1.8184 1.9255 0.5477 -29.0322 1.4459 36.0354 2.8420 0.1867
Cyclist -1 -1 2.4780 214.1137 181.2421 267.0129 238.7830 1.7142 1.6448 0.5621 -11.4539 1.9805 22.2707 2.0075 0.1857
Cyclist -1 -1 0.4729 26.3330 178.2840 75.8847 231.6355 1.7619 1.8667 0.5630 -19.3713 1.9576 24.9913 -0.1815 0.1804
Cyclist -1 -1 2.9603 483.1178 181.3596 493.9023 201.2851 1.6617 1.7051 0.6132 -10.4418 2.4019 61.8496 2.7933 0.1373
Cyclist -1 -1 0.1994 0.0000 171.0308 26.1577 233.5356 1.7102 1.9923 0.6456 -17.4994 1.6607 20.7694 -0.4945 0.1332
Cyclist -1 -1 -0.3845 651.8771 178.1749 667.1478 199.1840 1.8144 1.9641 0.6570 4.3535 2.2934 63.8712 -0.3172 0.1331
Car -1 -1 -0.6183 650.2058 179.3219 691.0896 198.4239 1.5853 3.8043 1.6765 5.2688 2.1720 63.3395 -0.5362 0.2112
Car -1 -1 -0.0439 376.0724 180.7074 398.9961 201.8213 1.5798 3.3512 1.5904 -17.6839 2.2229 57.2042 -0.3428 0.1887
Car -1 -1 0.9991 903.5978 228.3872 1059.7437 295.1314 1.4942 3.2694 1.5862 9.5314 3.0102 18.7233 1.4621 0.1816
Car -1 -1 2.7282 613.3637 183.9643 656.7509 206.3579 1.5405 4.0100 1.7761 1.8025 2.4062 53.9998 2.7609 0.1714
Car -1 -1 3.0401 316.6693 183.1314 349.7132 208.1707 1.5414 4.0131 1.6699 -18.6173 2.2616 48.3621 2.6742 0.1614
