Pedestrian -1 -1 2.5183 878.7523 168.8476 905.7858 214.8360 1.7377 0.7814 0.6273 10.7961 1.5867 27.7183 2.8856 0.5680
Pedestrian -1 -1 -0.9344 993.2720 154.3635 1030.7076 213.9206 1.8533 0.8342 0.6220 12.7409 1.2783 22.9598 -0.4335 0.4703
Pedestrian -1 -1 0.4465 985.9926 181.0440 1010.9819 222.3187 1.7463 0.7926 0.6792 16.7779 2.1070 31.2359 0.9348 0.3863
Pedestrian -1 -1 2.4421 1016.2418 149.8105 1058.7241 216.5260 1.8937 0.8195 0.6945 12.3513 1.2400 20.9413 2.9685 0.2435
Pedestrian -1 -1 2.1213 1038.7509 160.1103 1066.0919 203.4308 1.8065 0.7430 0.6792 18.7026 1.2754 30.5716 2.6658 0.2428
Pedestrian -1 -1 -1.9806 932.5707 170.3409 985.6439 249.3701 1.7453 0.9007 0.6221 7.8050 1.6902 16.2565 -1.5408 0.2343
Pedestrian -1 -1 1.5720 1081.1006 178.2738 1110.7471 230.2559 1.7612 0.8449 0.8112 16.8763 1.9547 25.1346 2.1572 0.2315
Pedestrian -1 -1 -0.4346 803.3856 171.1884 832.2856 222.6094 1.7527 0.8751 0.6542 7.1714 1.6963 25.0752 -0.1598 0.2243
Pedestrian -1 -1 1.9712 869.8651 180.4990 916.2327 251.1602 1.6846 0.8310 0.7931 6.9727 1.8807 17.8968 2.3362 0.2176
Pedestrian -1 -1 -0.6243 903.3695 159.3252 954.4946 243.5892 1.8049 0.8409 0.6629 6.9827 1.5155 15.9351 -0.2187 0.1832
Pedestrian -1 -1 1.0401 978.0552 186.5262 1017.9411 238.9183 1.7629 0.9595 0.7557 13.3272 2.2423 24.8824 1.5261 0.1765
Cyclist -1 -1 1.2933 987.2249 190.0120 1117.5078 282.9368 1.7079 2.0039 0.9397 8.6102 2.0635 14.2290 1.8273 0.4045
Cyclist -1 -1 -2.0231 904.1794 171.3928 933.8867 198.3737 1.8616 1.8028 0.6331 21.4420 1.7611 50.1418 -1.6216 0.3213
Cyclist -1 -1 1.0557 1104.4196 162.0775 1242.0000 275.6733 1.7163 1.9143 0.7439 9.0011 1.5538 11.4005 1.7109 0.2748
Cyclist -1 -1 -1.8895 1022.7043 178.8106 1085.3772 226.9090 1.8161 1.9140 0.8042 17.1628 2.0526 27.9979 -1.3449 0.2744
Cyclist -1 -1 -0.9885 911.7229 185.4590 951.1105 224.7907 1.6881 1.6644 0.3930 14.3276 2.2666 32.2872 -0.5750 0.2670
Cyclist -1 -1 -3.4854 935.3141 158.9033 978.5977 221.8999 1.8140 1.8528 0.5692 10.3723 1.4127 21.7237 -3.0457 0.2655
Cyclist -1 -1 -0.5008 863.0422 182.5518 924.3190 256.8750 1.7163 1.7495 0.6313 6.9179 1.9683 17.8064 -0.1367 0.2589
Cyclist -1 -1 -2.0123 977.8973 166.4708 1006.6566 192.2735 1.7925 1.6660 0.6358 26.7075 1.3494 50.4750 -1.5283 0.2488
Cyclist -1 -1 -0.6726 1055.4978 160.2267 1220.8722 311.9770 1.7310 1.9292 0.6020 6.5823 1.5873 9.2107 -0.0679 0.2221
Cyclist -1 -1 -1.8223 1067.6832 177.4567 1137.5408 232.1523 1.8445 1.8632 0.8142 17.0882 2.0097 25.1411 -1.2314 0.2087
Car -1 -1 -1.6999 702.8793 185.2025 776.5968 242.3525 1.5266 1.6756 4.2152 3.8607 1.9458 22.3333 -1.5319 0.7401
Car -1 -1 1.3907 921.7714 180.9713 1017.8415 215.5870 1.4590 3.6071 1.6078 15.9665 1.8365 32.2649 1.8461 0.2123
Car -1 -1 2.5811 949.1727 190.9590 1196.5819 298.5580 1.4674 3.9541 1.6831 7.6366 1.8317 12.5055 3.1179 0.2082
