Pedestrian -1 -1 -0.2139 359.3129 137.0363 428.8881 294.5215 1.8244 0.9493 0.6378 -2.7385 1.4098 8.9255 -0.5043 0.5226
Pedestrian -1 -1 1.7632 293.3851 144.0249 411.5795 343.2656 1.8326 0.9879 0.5479 -2.5181 1.5678 6.9754 1.4276 0.4855
Pedestrian -1 -1 -3.1255 606.1998 169.7016 623.3876 214.1608 1.8216 0.7854 0.7032 0.1621 1.6928 29.9599 -3.1208 0.4256
Pedestrian -1 -1 3.0875 53.4909 165.3526 78.3184 222.1678 1.7876 0.7126 0.6016 -17.5181 1.5520 23.1659 2.4455 0.3269
Pedestrian -1 -1 2.2270 985.3754 142.0105 1066.3737 266.9760 1.8239 0.8226 0.6938 6.3003 1.3741 11.0437 2.7334 0.2516
Car -1 -1 -2.1403 906.5009 180.5543 1242.0000 375.0000 1.5936 1.7032 4.2321 3.6347 1.6697 4.9434 -1.5355 0.8417
Car -1 -1 -1.7765 695.9074 181.1072 806.8023 258.7900 1.4929 1.6541 3.7440 2.9744 1.6998 16.1602 -1.5987 0.7401
Car -1 -1 2.9061 636.0496 176.4130 676.4438 203.0385 1.5170 3.6399 1.6184 2.7124 1.7417 43.5555 2.9674 0.6635
Car -1 -1 -1.5675 796.7827 178.2990 851.1631 226.0895 1.5370 1.7289 3.9040 7.5927 1.7481 25.8015 -1.2851 0.5097
Car -1 -1 -0.3407 711.7921 175.2737 764.5829 205.2317 1.5415 3.7456 1.6709 6.9077 1.6808 39.4316 -0.1690 0.3886
Car -1 -1 -0.0661 218.7665 175.1380 248.6938 198.2323 1.5604 3.6850 1.6439 -26.7263 1.7290 51.1472 -0.5457 0.2895
Car -1 -1 2.0955 239.4838 176.9931 285.6247 194.1171 1.5499 3.4433 1.7347 -32.1554 1.9391 66.7831 1.6482 0.2581
