Pedestrian -1 -1 -0.7977 797.6848 166.2187 819.5818 199.4468 1.8450 0.9731 0.7051 11.1553 1.4769 40.6593 -0.5322 0.3528
Pedestrian -1 -1 -0.4896 689.3223 158.6178 721.4166 215.7234 1.8692 0.8875 0.7319 3.1422 1.4036 24.1595 -0.3624 0.2974
Pedestrian -1 -1 -0.9163 775.3028 180.6011 785.5145 200.7715 1.6663 0.5243 0.6829 14.2295 2.3191 60.3440 -0.6863 0.2881
Pedestrian -1 -1 0.5729 650.1542 185.0649 662.9778 207.3183 1.7192 0.7576 0.7112 3.6431 2.6900 56.8237 0.6360 0.2375
Pedestrian -1 -1 2.6677 188.4303 153.6695 236.1701 235.3665 1.8499 0.7297 0.7242 -9.3300 1.4159 16.8402 2.1682 0.2095
Pedestrian -1 -1 0.1854 163.7589 148.9996 208.4024 236.4339 1.8267 0.8502 0.6833 -9.1935 1.3287 15.5867 -0.3403 0.1973
Pedestrian -1 -1 -0.9932 593.4510 174.3957 606.1619 196.7184 1.8292 0.8003 0.6985 -0.8661 1.9582 59.7009 -1.0081 0.1911
Pedestrian -1 -1 2.9409 351.1702 155.1276 374.3719 205.6576 1.9386 0.8353 0.7067 -9.7155 1.2589 28.2189 2.6119 0.1826
Cyclist -1 -1 -1.3689 581.6160 171.6386 604.5085 193.8828 1.8261 1.8094 0.6032 -1.4224 1.7267 59.6873 -1.3930 0.3924
Cyclist -1 -1 3.1541 200.5350 156.8345 223.3498 237.4604 1.7999 1.7733 0.4411 -9.4109 1.4426 16.9916 2.6546 0.3551
Cyclist -1 -1 -0.1387 774.8950 180.3037 786.2852 201.9583 1.7600 1.9432 0.6594 14.2319 2.3935 60.3237 0.0914 0.2749
Cyclist -1 -1 0.2992 223.5909 178.0727 241.3868 204.7104 1.8187 1.8356 0.5892 -26.4875 2.1919 50.5901 -0.1812 0.2271
Cyclist -1 -1 -1.4842 538.5865 184.8610 566.0644 212.6314 1.8789 1.8258 0.6922 -3.9778 2.7085 49.4723 -1.5646 0.1827
Cyclist -1 -1 -0.0982 350.2903 160.6249 372.8203 209.5869 1.8499 1.8714 0.6544 -9.7807 1.3882 28.2463 -0.4290 0.1805
Car -1 -1 1.6955 445.4378 185.6247 525.3685 246.7094 1.4984 1.7586 3.8289 -3.4733 1.8955 20.4620 1.5287 0.6897
Car -1 -1 3.3427 362.4367 185.4132 439.5765 236.8952 1.4663 3.6670 1.6883 -6.7124 1.9063 23.3632 3.0653 0.6364
Car -1 -1 -1.5429 659.5008 183.3976 685.3168 204.7347 1.4977 1.8444 3.4982 4.6999 2.3185 54.3055 -1.4576 0.3376
Car -1 -1 -0.3043 525.5648 186.7639 564.3579 209.1038 1.4411 3.5942 1.7287 -4.6628 2.4633 51.0130 -0.3955 0.2400
Car -1 -1 -0.9286 910.9501 183.5360 958.6969 201.6149 1.5103 3.5366 1.7732 29.0194 2.4961 64.5859 -0.5085 0.2246
