Pedestrian -1 -1 2.3401 953.8385 150.6891 1011.6224 243.9634 1.7455 0.7393 0.6636 7.1512 1.3311 13.9586 2.8045 0.2543
Pedestrian -1 -1 -1.8314 908.0385 156.6077 967.9358 253.8275 1.7466 0.8569 0.6828 6.0069 1.4550 13.3624 -1.4178 0.2296
Pedestrian -1 -1 -0.5616 883.3517 153.2028 933.3475 238.7124 1.8550 0.8183 0.7002 6.6029 1.4291 16.1154 -0.1798 0.2030
Pedestrian -1 -1 1.8164 0.0000 148.8310 75.3474 272.0879 1.8555 0.9633 0.4986 -9.0678 1.4942 11.2831 1.1508 0.1921
Pedestrian -1 -1 -0.2649 798.6803 160.1678 836.2383 236.4298 1.7998 0.7693 0.6888 4.9480 1.5008 17.4125 0.0068 0.1731
Pedestrian -1 -1 0.7109 1076.9617 135.6076 1242.0000 365.6214 1.8412 1.0568 0.6346 4.6694 1.5434 6.2060 1.3326 0.1550
Pedestrian -1 -1 2.0334 1168.9114 141.4066 1231.1958 239.0533 1.8263 0.6803 0.7360 11.3569 1.2385 13.9557 2.7059 0.1519
Cyclist -1 -1 -3.6562 1134.8289 144.8604 1240.4265 242.2265 1.7583 1.8306 0.7787 11.0796 1.2531 13.9892 -2.9968 0.1995
Cyclist -1 -1 1.2422 887.8491 154.8804 1006.0112 249.8313 1.6932 1.8483 0.6897 6.1223 1.3731 13.2944 1.6648 0.1626
Car -1 -1 3.2638 392.8716 170.9774 473.0397 235.8380 1.6080 3.9735 1.6629 -4.8294 1.5618 19.9531 3.0288 0.6098
Car -1 -1 2.7741 421.1846 172.5418 493.1876 213.7527 1.5213 3.5470 1.6162 -6.1437 1.5101 28.5598 2.5637 0.3301
Car -1 -1 2.5436 514.5732 174.0004 561.2411 195.5391 1.5767 3.8815 1.6386 -5.5572 1.6677 55.0432 2.4431 0.1778
