Pedestrian -1 -1 2.9869 531.8020 156.3886 603.7227 306.4525 1.7709 0.9673 0.7595 -0.5375 1.4881 8.8916 2.9304 0.8449
Pedestrian -1 -1 1.6668 56.9414 189.7888 99.8109 251.7838 1.7253 0.9187 0.7683 -15.2190 2.0024 20.4056 1.0349 0.4127
Pedestrian -1 -1 2.6432 833.9387 172.5428 877.1941 241.9340 1.7022 0.8308 0.7135 6.2644 1.5086 17.8076 2.9775 0.4008
Pedestrian -1 -1 1.1500 970.6049 189.6156 1131.3025 370.0000 1.6437 0.7930 0.7153 3.2758 1.7195 5.3452 1.6754 0.2697
Pedestrian -1 -1 -1.8702 1120.0848 194.3258 1224.0000 370.0000 1.6986 0.6629 0.7386 4.3674 1.8141 5.3522 -1.2129 0.2566
Pedestrian -1 -1 3.0039 13.4456 174.0918 70.3889 262.6246 1.7227 0.8486 0.8024 -11.4634 1.5996 14.3364 2.3419 0.2457
Pedestrian -1 -1 2.6676 642.0439 164.0046 697.8779 261.0002 1.7144 0.8305 0.7217 1.1427 1.4245 13.0132 2.7548 0.2198
Pedestrian -1 -1 -0.8869 992.2810 166.2509 1069.4595 275.0133 1.7689 0.8946 0.6824 7.1895 1.5388 12.0329 -0.3584 0.2034
Pedestrian -1 -1 2.7922 819.8884 169.4338 868.2540 260.1804 1.7354 0.8833 0.6351 4.6675 1.5254 13.9678 3.1095 0.1886
Pedestrian -1 -1 -0.5461 571.7620 159.0501 620.9046 248.6177 1.7979 0.8948 0.6542 -0.2292 1.3689 14.7403 -0.5595 0.1815
Pedestrian -1 -1 -0.1683 255.1194 165.9785 306.3267 259.3591 1.7327 0.8660 0.7725 -6.3286 1.4649 13.6893 -0.5907 0.1785
Pedestrian -1 -1 -1.7967 736.8370 162.8000 792.8310 253.7653 1.7967 0.9782 0.6594 3.1778 1.4487 14.2946 -1.5809 0.1684
Pedestrian -1 -1 -0.2942 85.1950 164.8820 140.4053 257.8331 1.7618 0.7876 0.6996 -9.7323 1.4674 13.9161 -0.8920 0.1595
Pedestrian -1 -1 -0.9497 735.2768 144.8433 797.8165 251.3241 1.7891 0.8448 0.6591 2.7880 1.1917 12.4096 -0.7322 0.1570
Pedestrian -1 -1 1.6193 462.2491 173.8309 510.5435 257.5023 1.7275 0.9777 0.6381 -2.5396 1.5914 14.9658 1.4564 0.1491
Cyclist -1 -1 1.8293 627.2888 163.3851 739.1152 260.5695 1.7012 1.9297 0.7417 1.4020 1.4033 13.0624 1.9354 0.2631
Cyclist -1 -1 -0.1004 515.2156 159.3114 558.9615 264.6375 1.7803 1.8469 0.6092 -1.3104 1.4238 12.9112 -0.1973 0.2406
Cyclist -1 -1 -0.0003 260.4009 163.1585 299.8025 260.8695 1.7744 1.8392 0.6573 -6.3790 1.4611 13.8084 -0.4226 0.2375
Cyclist -1 -1 1.4795 682.5500 162.8419 759.6661 233.1547 1.7549 1.8871 0.6413 2.9030 1.3158 18.0258 1.6382 0.2325
Cyclist -1 -1 0.4166 0.0000 174.3436 67.8124 266.6721 1.7365 1.8616 0.6342 -11.7042 1.6224 14.2743 -0.2576 0.2155
Cyclist -1 -1 -0.8515 1123.3794 144.1514 1224.0000 252.4917 1.7403 1.8332 0.6138 10.0701 1.1581 12.3091 -0.1767 0.1891
Cyclist -1 -1 2.9480 594.9385 161.6127 631.3879 235.1979 1.7603 1.7730 0.5846 0.1476 1.3101 17.8340 2.9579 0.1844
Cyclist -1 -1 -0.4252 854.4263 170.5910 938.8628 292.9840 1.6507 1.7613 0.4376 4.2019 1.5187 10.4214 -0.0508 0.1843
Cyclist -1 -1 0.8442 1068.3984 189.6027 1224.0000 370.0000 1.6636 1.6922 0.6105 5.1411 1.7518 6.3521 1.5020 0.1816
Cyclist -1 -1 1.9050 307.3431 176.9977 446.9393 287.7532 1.6748 1.9474 0.7499 -3.5883 1.6235 11.0920 1.6020 0.1696
Cyclist -1 -1 -0.4732 833.2599 155.5456 914.9055 264.9460 1.7685 1.7875 0.5604 4.6068 1.3667 12.3460 -0.1227 0.1633
Cyclist -1 -1 -2.0966 1020.9515 194.2945 1135.2037 288.0954 1.7409 1.7257 0.6754 9.0365 2.0156 13.6107 -1.5199 0.1630
Cyclist -1 -1 0.2460 86.4527 161.2611 151.9497 260.0153 1.8058 1.8396 0.6134 -9.5466 1.4556 13.8932 -0.3436 0.1562
Car -1 -1 0.1252 41.2804 187.2968 113.7051 233.0671 1.5211 3.6416 1.6733 -19.3883 1.7926 26.0838 -0.5066 0.2540
Car -1 -1 -2.2770 1155.2371 184.0511 1224.0000 370.0000 1.5480 1.6791 3.8922 6.5452 1.5884 5.6748 -1.4464 0.1956
