Pedestrian -1 -1 -0.5132 678.6174 167.7999 706.7957 219.6617 1.7705 0.8019 0.6654 2.8316 1.5983 25.1294 -0.4029 0.7262
Pedestrian -1 -1 -0.3170 653.8199 165.6787 682.9715 219.1862 1.8308 0.9469 0.7560 1.9907 1.5857 25.2354 -0.2399 0.5064
Pedestrian -1 -1 -0.6851 752.5454 171.9004 769.5928 202.9952 1.7547 0.7276 0.6346 8.5865 1.7012 41.1836 -0.4815 0.4321
Pedestrian -1 -1 3.2038 469.8366 167.0719 509.2048 250.3966 1.7509 0.8650 0.7899 -2.6477 1.6297 15.6296 3.0379 0.4085
Pedestrian -1 -1 3.1361 432.2014 165.8045 455.0848 226.6135 1.8284 0.8642 0.6730 -5.1646 1.6168 22.1903 2.9095 0.3607
Pedestrian -1 -1 -1.9165 1015.1521 156.6319 1106.8461 292.8685 1.7646 0.8562 0.7087 6.0292 1.5549 9.7730 -1.3779 0.3104
Pedestrian -1 -1 0.6437 1146.4349 157.6206 1242.0000 343.4268 1.7362 0.8261 0.7554 5.9956 1.5942 7.2088 1.3168 0.3010
Pedestrian -1 -1 2.3916 1106.1450 178.0942 1232.2406 332.9082 1.6268 0.8746 0.7069 6.1798 1.6893 8.0864 3.0258 0.2985
Pedestrian -1 -1 -0.4268 647.7712 172.7171 663.3093 202.4460 1.7801 0.8007 0.6663 2.7221 1.7723 43.6946 -0.3655 0.2937
Pedestrian -1 -1 2.6722 894.4288 164.1749 943.6512 248.2514 1.7416 0.8500 0.6451 6.5294 1.5621 15.3915 3.0658 0.2721
Pedestrian -1 -1 1.5262 673.5574 183.4388 707.7738 249.4071 1.6468 0.8383 0.6620 2.0092 1.9235 18.4790 1.6317 0.2245
Pedestrian -1 -1 1.5980 516.9601 162.3076 546.5786 224.2120 1.8846 0.8949 0.6557 -2.4597 1.5639 22.3264 1.4889 0.2075
Pedestrian -1 -1 -0.7103 226.5327 164.0469 281.0809 250.8179 1.8261 0.8471 0.6730 -7.7760 1.6411 15.6581 -1.1649 0.2035
Cyclist -1 -1 -3.1821 649.6596 172.9708 660.1706 202.7028 1.7675 1.7498 0.5620 2.6859 1.7751 43.7790 -3.1217 0.4989
Cyclist -1 -1 3.1911 476.4137 172.6957 517.5465 256.4255 1.7175 1.7738 0.7996 -2.4870 1.7146 15.7221 3.0360 0.3722
Cyclist -1 -1 1.2475 779.6285 169.4462 821.5985 201.3720 1.6815 1.9851 0.8896 10.1276 1.5024 38.5126 1.5024 0.3081
Cyclist -1 -1 -0.4716 748.2973 171.0294 772.3393 202.3866 1.7520 1.7994 0.5877 8.5476 1.6504 41.2556 -0.2691 0.2981
Cyclist -1 -1 -0.5135 970.3307 175.4171 1056.7960 284.3234 1.5695 1.5408 0.4525 6.1709 1.6124 11.2071 -0.0221 0.2948
Cyclist -1 -1 -0.7184 1103.4015 146.0335 1242.0000 336.8016 1.7350 1.8084 0.5394 5.9924 1.4914 7.4786 -0.0625 0.2780
Cyclist -1 -1 0.2099 226.0255 165.2624 277.3076 251.2507 1.7649 1.7509 0.6436 -7.8327 1.6095 15.7343 -0.2456 0.2742
Cyclist -1 -1 -0.4152 672.5374 167.5065 708.9625 220.1129 1.7743 1.7638 0.6002 2.7644 1.5943 25.2639 -0.3081 0.2542
Cyclist -1 -1 -0.3268 740.4884 176.4485 757.8060 202.6688 1.7334 1.8812 0.5748 9.3968 1.9824 48.9344 -0.1387 0.2386
Cyclist -1 -1 -0.2376 729.2887 177.7385 746.4116 207.5125 1.7030 1.7286 0.5965 7.4761 1.9966 42.4375 -0.0649 0.2366
Cyclist -1 -1 -0.2665 653.3556 166.7114 683.7783 219.5916 1.7905 1.6794 0.6375 1.9944 1.5829 25.3133 -0.1894 0.2341
Cyclist -1 -1 -0.1451 708.1986 167.3173 720.3708 191.8834 1.7418 1.8155 0.6091 7.4895 1.3496 52.0635 -0.0033 0.2114
Car -1 -1 2.8901 696.1946 178.1526 742.1954 208.3913 1.4981 3.4676 1.5803 5.6903 1.7922 38.1847 3.0363 0.3657
Car -1 -1 -1.5441 537.4190 169.7191 574.7278 188.7574 1.7558 3.4358 2.0861 -5.0468 1.4670 67.6641 -1.6186 0.2377
Car -1 -1 0.1133 785.1271 177.2911 824.9677 204.8958 1.4202 3.8651 1.7111 10.7944 1.6790 39.9086 0.3751 0.2371
Car -1 -1 1.1783 671.5212 175.5963 746.2092 204.5865 1.6525 4.0187 1.7522 5.8063 1.8205 42.7447 1.3119 0.2253
Car -1 -1 -0.1021 494.8880 168.8383 533.7227 201.1976 1.5615 3.5457 1.5994 -4.9499 1.3681 36.7253 -0.2355 0.2096
