Pedestrian -1 -1 1.2960 623.3287 152.2982 729.3535 312.6215 1.8178 1.1198 0.6561 0.7857 1.4997 8.4364 1.3872 0.7340
Pedestrian -1 -1 2.7828 661.1387 162.3039 711.9658 259.4980 1.7492 0.8355 0.6909 1.4694 1.4234 13.2098 2.8927 0.4905
Pedestrian -1 -1 1.2970 54.1441 194.1308 101.8715 257.5513 1.7500 0.9309 0.7799 -15.2181 2.1561 20.3727 0.6643 0.3911
Pedestrian -1 -1 2.7269 833.8225 173.9891 876.3327 243.3298 1.7038 0.8251 0.7359 6.2521 1.5455 17.8097 3.0605 0.3893
Pedestrian -1 -1 -1.6109 1126.8843 187.7253 1224.0000 370.0000 1.6712 0.7006 0.7022 4.3460 1.7327 5.3525 -0.9559 0.3556
Pedestrian -1 -1 2.9927 252.9849 167.6436 306.1012 261.7288 1.7383 0.8995 0.8133 -6.3371 1.5024 13.6567 2.5688 0.3380
Pedestrian -1 -1 3.0107 13.9025 174.7439 70.1186 263.1575 1.7209 0.8515 0.7957 -11.4644 1.6105 14.3397 2.3487 0.2660
Pedestrian -1 -1 2.8179 515.1797 163.8917 567.8353 262.5493 1.7349 0.8857 0.7178 -1.2192 1.4444 12.9779 2.7283 0.2360
Pedestrian -1 -1 1.0696 970.6951 189.8443 1135.4977 370.0000 1.6546 0.7894 0.7222 3.2796 1.7316 5.3226 1.5972 0.2279
Pedestrian -1 -1 1.9431 605.9277 169.8853 657.8962 256.4904 1.7376 0.8878 0.6930 0.5226 1.5262 14.6751 1.9796 0.2062
Pedestrian -1 -1 1.2802 992.8480 167.1615 1066.2158 272.2790 1.7306 0.9201 0.6488 7.1764 1.5126 12.0583 1.8071 0.1945
Pedestrian -1 -1 2.6931 818.2180 169.1812 867.3763 258.4838 1.7053 0.8418 0.6100 4.6393 1.4908 13.9541 3.0089 0.1790
Pedestrian -1 -1 -1.9991 733.8613 161.5614 795.3219 253.7329 1.8073 1.0376 0.6405 3.1738 1.4376 14.2811 -1.7834 0.1675
Pedestrian -1 -1 -0.5634 668.3077 155.4394 720.3438 246.5607 1.7984 0.8889 0.6884 1.7814 1.3054 14.4987 -0.4420 0.1667
Pedestrian -1 -1 1.8915 792.7011 165.0845 805.2056 192.5929 1.7594 0.6075 0.6424 12.5242 0.7748 45.6526 2.1592 0.1663
Pedestrian -1 -1 -0.5903 834.9108 149.3724 894.3157 251.6987 1.7601 0.8494 0.6266 4.5869 1.2263 12.6456 -0.2485 0.1550
Cyclist -1 -1 -0.0555 519.9190 163.2792 559.4472 267.2184 1.7683 1.8430 0.6174 -1.2674 1.4770 12.9812 -0.1487 0.2434
Cyclist -1 -1 -1.4938 555.8159 147.0969 631.6499 220.4200 1.8076 1.8664 0.6328 -0.3072 0.9857 17.7993 -1.5088 0.2197
Cyclist -1 -1 0.0178 255.2323 168.3256 300.1507 263.7456 1.7236 1.7302 0.7454 -6.3611 1.5053 13.7085 -0.4061 0.2158
Cyclist -1 -1 -0.9775 1122.6979 145.8558 1224.0000 256.0044 1.7592 1.8487 0.5989 10.0775 1.2076 12.2592 -0.3004 0.2120
Cyclist -1 -1 1.4678 682.5190 162.2166 759.1824 232.3352 1.7511 1.8707 0.6352 2.8966 1.2961 18.0216 1.6262 0.1905
Cyclist -1 -1 -0.1636 661.0752 160.1370 706.4319 254.8082 1.6514 1.6830 0.5630 1.3994 1.2978 13.1850 -0.0585 0.1860
Cyclist -1 -1 -2.1303 1020.5673 189.4713 1135.7279 282.8507 1.7422 1.7480 0.6895 9.0425 1.9212 13.6153 -1.5535 0.1795
Cyclist -1 -1 -0.4310 851.8297 173.8882 943.6182 297.5518 1.6552 1.8296 0.5004 4.1965 1.5683 10.3858 -0.0559 0.1750
Cyclist -1 -1 1.8741 310.3778 183.1627 451.8172 293.1088 1.7017 2.0167 0.8203 -3.6088 1.7478 11.3746 1.5764 0.1712
Cyclist -1 -1 -0.8531 0.0000 171.5030 98.3530 261.1337 1.7732 1.8349 0.6027 -11.4291 1.5968 14.3361 -1.5137 0.1699
Cyclist -1 -1 0.5723 1100.0977 184.6528 1224.0000 370.0000 1.6279 1.7696 0.5867 5.4765 1.6715 6.5636 1.2457 0.1647
Car -1 -1 0.3554 24.2260 185.4372 123.9014 232.0731 1.5473 3.8566 1.6641 -19.3902 1.7448 25.9769 -0.2784 0.2171
Car -1 -1 -0.9190 1142.2111 187.4926 1224.0000 370.0000 1.5007 1.5736 3.8866 7.3866 1.5767 6.5415 -0.0954 0.2129
