Pedestrian -1 -1 0.6889 1069.6099 153.8114 1172.5010 290.9853 1.8058 1.0288 0.6468 7.0602 1.4561 9.7512 1.3019 0.6034
Pedestrian -1 -1 0.9625 932.3415 143.6825 1049.5491 323.3752 1.7729 0.8526 0.6452 3.9402 1.4113 7.3468 1.4388 0.5823
Pedestrian -1 -1 1.2811 53.4716 195.4933 101.0553 259.1027 1.7530 0.9180 0.7806 -15.2338 2.1993 20.3653 0.6477 0.4700
Pedestrian -1 -1 2.9362 10.8168 172.7820 72.3078 263.5128 1.7587 0.9125 0.8120 -11.4446 1.6107 14.3050 2.2739 0.3824
Pedestrian -1 -1 2.4908 832.8087 172.1724 876.4171 240.7526 1.6855 0.7123 0.7599 6.2520 1.4824 17.8291 2.8241 0.2943
Pedestrian -1 -1 -1.7910 1120.1885 190.5004 1224.0000 370.0000 1.6818 0.6907 0.7161 4.3527 1.7658 5.3488 -1.1350 0.2907
Pedestrian -1 -1 2.8420 516.0446 164.2088 566.8007 262.5605 1.7315 0.8778 0.6998 -1.2211 1.4463 12.9815 2.7522 0.2664
Pedestrian -1 -1 -0.1730 253.1971 166.8848 305.8672 260.2897 1.7294 0.8880 0.7899 -6.3453 1.4789 13.6752 -0.5969 0.2609
Pedestrian -1 -1 1.3899 994.2019 167.6810 1065.5619 273.3090 1.7334 0.9357 0.6440 7.1820 1.5247 12.0600 1.9171 0.2562
Pedestrian -1 -1 1.3002 977.0557 189.0361 1124.4250 370.0000 1.6495 0.7609 0.7215 3.2783 1.7213 5.3535 1.8254 0.2441
Pedestrian -1 -1 2.6796 642.2067 161.9255 697.9220 261.2104 1.7519 0.8538 0.7118 1.1425 1.4258 12.9984 2.7669 0.2433
Pedestrian -1 -1 1.4304 293.2132 192.1600 326.6551 263.7261 1.8223 0.7251 0.7089 -7.8231 2.1396 18.6474 1.0405 0.1726
Cyclist -1 -1 -0.5093 641.7026 164.1060 720.9294 265.2307 1.7549 1.9027 0.6170 1.3465 1.4720 13.2603 -0.4088 0.2448
Cyclist -1 -1 0.0617 255.9994 164.1745 302.1333 261.3984 1.7656 1.7986 0.6936 -6.3743 1.4707 13.7987 -0.3605 0.2390
Cyclist -1 -1 -0.7999 1123.3024 142.5858 1224.0000 251.0803 1.7433 1.8200 0.6534 10.0468 1.1358 12.2999 -0.1259 0.2327
Cyclist -1 -1 -0.9052 0.0000 171.8361 97.9596 261.9814 1.7878 1.8004 0.6137 -11.4389 1.6176 14.3284 -1.5664 0.2207
Cyclist -1 -1 1.5037 683.3940 161.5322 760.1310 232.1086 1.7599 1.8897 0.6351 2.9192 1.2885 18.0291 1.6632 0.2119
Cyclist -1 -1 -0.5516 960.6721 187.3391 1048.4993 301.4926 1.5732 1.5912 0.3462 5.9202 1.6856 10.6393 -0.0549 0.2058
Cyclist -1 -1 -1.6065 556.1880 151.0004 631.2579 224.0076 1.8005 1.8576 0.6277 -0.3304 1.0746 17.7938 -1.6227 0.1971
Cyclist -1 -1 -0.0631 520.7549 162.2714 560.1096 266.1302 1.7720 1.8205 0.6034 -1.2553 1.4626 13.0043 -0.1552 0.1907
Cyclist -1 -1 -0.5310 874.3212 157.9192 967.2415 270.6467 1.7670 1.7949 0.5937 5.2633 1.4147 12.0058 -0.1258 0.1726
Cyclist -1 -1 -0.4147 853.3105 169.2920 940.0208 291.2196 1.6412 1.8134 0.4644 4.2017 1.4920 10.4277 -0.0405 0.1690
Cyclist -1 -1 -2.1731 1017.7803 194.2444 1129.7815 287.1084 1.7264 1.7238 0.6738 8.9588 1.9997 13.6091 -1.6003 0.1664
Cyclist -1 -1 -3.6022 960.1542 147.9530 1053.1392 264.7055 1.7778 1.8387 0.5527 6.5374 1.2838 11.6906 -3.1021 0.1623
Cyclist -1 -1 1.8796 305.9571 174.6683 448.4217 284.3416 1.6642 1.9957 0.7572 -3.5894 1.5774 11.1090 1.5771 0.1591
Cyclist -1 -1 1.5631 590.0342 175.0234 678.3661 261.4682 1.7635 1.8039 0.6817 0.5640 1.6534 14.7875 1.6019 0.1575
Cyclist -1 -1 -1.1955 279.9777 197.4394 356.8785 266.8984 1.7845 1.7448 0.7160 -7.5965 2.2428 18.6969 -1.5743 0.1563
Car -1 -1 0.0739 44.3222 187.4753 111.3406 233.6781 1.5338 3.7245 1.6856 -19.3969 1.8128 26.1037 -0.5578 0.2756
Car -1 -1 -2.1764 1165.8933 180.2464 1224.0000 370.0000 1.5563 1.6909 4.0031 6.2674 1.5568 5.3567 -1.3403 0.2196
