Pedestrian -1 -1 2.0499 1146.0417 164.0577 1177.4589 210.7772 1.7820 0.7640 0.6327 21.3655 1.4468 27.9993 2.6963 0.4942
Pedestrian -1 -1 -0.6035 728.8124 163.0150 750.2416 202.2778 1.8495 0.8670 0.6260 6.1530 1.3864 34.5105 -0.4289 0.4070
Pedestrian -1 -1 1.3458 502.2170 171.5938 517.1429 195.4298 1.8639 1.0610 0.5876 -7.9349 1.7657 56.8811 1.2075 0.3021
Pedestrian -1 -1 -0.4694 814.4189 153.0368 850.7789 221.0299 1.8442 0.8274 0.6581 6.1248 1.3071 20.0332 -0.1773 0.2634
Pedestrian -1 -1 0.7957 677.8360 169.4303 691.0684 190.2871 1.8576 1.0672 0.6013 6.6704 1.5530 64.8292 0.8974 0.1843
Cyclist -1 -1 -0.3558 801.5427 151.8731 844.8029 219.6809 1.8171 1.7661 0.5722 5.9059 1.2552 20.2350 -0.0762 0.2986
Cyclist -1 -1 3.5038 0.0000 9.5322 200.5415 375.0000 1.7777 1.7440 0.4177 -2.7755 1.1023 3.8792 2.9141 0.2037
Cyclist -1 -1 -1.3889 496.9584 170.3556 519.7006 193.1694 1.7899 1.7020 0.5705 -8.0429 1.5942 56.9263 -1.5290 0.1955
Cyclist -1 -1 2.2501 1000.5580 170.8735 1041.4744 204.5605 1.7771 1.9696 0.6199 22.2097 1.6729 39.0893 2.7632 0.1665
Car -1 -1 -1.2851 407.9651 182.0033 458.1010 199.6653 1.4972 3.9040 1.8522 -15.5007 2.3123 63.2293 -1.5249 0.4623
Car -1 -1 0.0841 446.9151 184.6724 509.5460 209.9960 1.5316 1.7293 3.7662 -8.3236 2.2967 45.6474 -0.0957 0.4309
Car -1 -1 -1.0608 394.9674 188.0215 445.2222 207.4697 1.4860 3.5503 1.7102 -15.3784 2.7405 58.3857 -1.3176 0.2201
Car -1 -1 -2.9569 528.0574 187.1181 557.0296 205.6714 1.5188 3.6446 1.9195 -5.9597 2.8199 63.8920 -3.0500 0.2065
