Cyclist -1 -1 3.1737 346.2413 171.4176 358.5501 207.0514 1.8657 1.9818 0.5589 -13.8825 1.7909 38.8048 2.8320 0.3515
Cyclist -1 -1 -0.7494 821.3849 179.9541 846.0405 205.8636 1.7562 1.7460 0.6148 15.5653 2.2609 50.3295 -0.4517 0.3423
Cyclist -1 -1 -1.8607 870.8552 187.8444 908.7881 222.5451 1.8150 1.7489 0.7431 14.9039 2.6254 38.5512 -1.4951 0.2596
Car -1 -1 -1.8442 615.0990 191.7212 708.9440 255.7787 1.4846 1.5983 3.7348 1.2785 2.0571 19.8870 -1.7820 0.7846
Car -1 -1 -2.1310 820.0778 184.3502 1242.0000 375.0000 1.5240 1.6503 3.5083 2.8666 1.6342 5.0821 -1.6432 0.7113
Car -1 -1 -0.5053 552.6923 194.6765 637.1733 230.3552 1.5659 1.5450 3.8712 -0.7578 2.6841 35.3155 -0.5274 0.4804
Car -1 -1 -0.0698 146.5691 183.1716 194.3256 220.7642 1.5679 3.7359 1.6239 -20.2891 2.0713 33.1800 -0.6153 0.4470
Car -1 -1 -0.7535 751.1371 185.2004 838.3400 219.6938 1.5020 1.6940 3.9283 8.7620 2.1186 34.3210 -0.5063 0.4445
Car -1 -1 0.6212 203.0635 185.1893 269.4610 214.4839 1.6024 3.7452 1.6449 -22.2794 2.3734 43.0991 0.1464 0.3912
Car -1 -1 -2.5270 822.6998 189.0531 890.7875 221.7188 1.5434 3.0753 1.9291 12.7757 2.4224 37.4470 -2.2013 0.3536
Car -1 -1 -1.4590 698.2047 198.1513 748.2855 237.6162 1.4695 1.7668 3.6425 4.9415 2.6407 31.4037 -1.3053 0.3120
Car -1 -1 -0.0456 1007.1375 175.2517 1043.5786 203.0794 1.5325 3.8629 1.6515 24.2017 1.6800 42.1903 0.4718 0.2904
