Pedestrian -1 -1 2.0893 621.2575 174.9386 649.3928 222.1331 1.7513 0.8338 0.6891 0.9176 1.8321 27.3286 2.1218 0.3413
Pedestrian -1 -1 2.4267 620.7990 163.1477 641.7726 200.5362 1.8861 0.8437 0.6884 1.0510 1.3968 36.9399 2.4544 0.2720
Pedestrian -1 -1 2.6035 631.0243 166.4209 651.4511 207.0707 1.8291 0.7548 0.6338 1.3842 1.5400 32.9476 2.6446 0.2334
Pedestrian -1 -1 -0.8015 489.6643 174.6487 503.4217 199.1998 1.8080 0.7115 0.7196 -8.4714 1.9432 53.7051 -0.9575 0.2076
Cyclist -1 -1 -0.3712 619.2561 166.1790 642.4785 202.7290 1.8323 1.8493 0.5579 1.0243 1.4980 37.1337 -0.3443 0.2772
Cyclist -1 -1 -0.3748 0.0000 139.5419 195.4474 360.9614 1.6012 1.6832 0.8100 -4.3658 1.3606 6.0192 -0.9818 0.1722
Cyclist -1 -1 -0.1331 629.4626 175.1603 652.6421 223.0553 1.7511 1.8547 0.6328 1.1228 1.8421 27.4219 -0.0934 0.1722
Cyclist -1 -1 -2.3913 269.7076 151.5723 374.7141 254.8369 1.7549 1.8328 0.7339 -5.2841 1.3936 13.2463 -2.7645 0.1690
Car -1 -1 3.4072 140.1672 197.2623 416.0756 375.0000 1.5067 4.2810 1.7220 -3.5359 1.8697 8.4917 3.0226 0.7232
Car -1 -1 3.0987 596.4791 179.2777 621.0391 201.1830 1.5380 3.8031 1.6596 -0.1511 2.0340 53.7325 3.0955 0.3887
Car -1 -1 0.0291 483.5740 175.7803 506.2596 197.4346 1.5863 3.9230 1.6089 -8.8391 1.8198 55.4546 -0.1286 0.2747
Car -1 -1 2.0390 152.8229 165.8596 365.2101 254.2065 1.7626 3.6798 1.6974 -7.3702 1.6234 15.2875 1.5961 0.2498
Car -1 -1 1.7987 248.9731 166.7470 408.8920 239.2640 1.8530 3.7454 1.6769 -7.5325 1.6973 19.5199 1.4345 0.2067
Car -1 -1 3.0906 470.2202 182.7508 507.5188 216.1507 1.4865 3.4687 1.6073 -5.9679 1.9937 35.0837 2.9228 0.1856
