Cyclist -1 -1 2.3317 980.3059 158.3725 1014.4974 191.2316 1.8127 1.8807 0.4864 21.8378 1.0142 40.7713 2.8202 0.3230
Car -1 -1 -1.9310 748.5900 186.0795 1090.5798 375.0000 1.5540 1.6819 4.3458 2.7510 1.7362 7.7223 -1.6023 0.7729
Car -1 -1 -1.7822 691.2132 181.2635 787.8467 246.8866 1.4765 1.6708 3.7012 3.1703 1.7157 18.6025 -1.6169 0.7729
Car -1 -1 -2.6095 91.5377 191.1520 390.4041 294.9612 1.4814 1.6549 4.0070 -5.8519 1.8010 11.6102 -3.0677 0.6578
Car -1 -1 -0.2003 654.2800 174.8486 700.2289 206.1049 1.5468 3.7208 1.6822 3.4397 1.6572 37.8936 -0.1110 0.6291
Car -1 -1 0.2925 225.9743 173.1167 420.0065 259.9608 1.8868 1.5400 3.8659 -6.5291 1.8935 16.5964 -0.0774 0.5999
Car -1 -1 0.3749 175.3798 184.5326 410.2216 268.3457 1.5332 1.5992 3.9477 -6.1951 1.7787 14.2893 -0.0280 0.5933
Car -1 -1 2.9040 463.1628 179.8777 530.2906 223.2099 1.5364 4.0449 1.7015 -4.5863 1.8354 28.4853 2.7452 0.4106
Car -1 -1 2.8943 496.0392 179.0844 538.7635 207.1938 1.5481 3.6858 1.6466 -5.5489 1.9341 42.6458 2.7653 0.3633
Car -1 -1 -0.2945 917.3875 170.6907 990.8806 211.2108 1.5448 3.7996 1.6528 13.9291 1.4627 29.5031 0.1423 0.3514
Car -1 -1 1.9182 439.2000 177.8198 524.7123 212.9544 1.5278 3.4323 1.7939 -5.8411 1.7627 32.8851 1.7433 0.3443
Car -1 -1 -1.3962 0.0000 194.0365 80.2409 375.0000 1.4991 1.6498 3.6983 -6.2240 1.7568 6.7528 -2.1214 0.3394
Car -1 -1 -0.5539 540.9617 176.3205 579.0820 194.2369 1.5529 3.6920 1.7617 -4.5710 1.8767 65.3264 -0.6238 0.3286
