Pedestrian -1 -1 0.8250 979.8893 158.0003 1085.2054 312.8990 1.7701 0.9555 0.5762 4.9917 1.6007 8.6351 1.3335 0.3842
Pedestrian -1 -1 2.6398 307.4755 160.0336 327.9390 199.0192 1.8993 0.7794 0.6418 -14.4786 1.2751 35.6443 2.2563 0.3220
Pedestrian -1 -1 1.3362 755.2090 140.0928 849.3865 291.4335 1.8702 1.0545 0.5587 2.3794 1.4657 9.1983 1.5805 0.3165
Pedestrian -1 -1 2.0315 1165.5670 146.0648 1242.0000 308.2042 1.7399 0.7928 0.6478 6.9215 1.4528 8.2351 2.7125 0.2868
Pedestrian -1 -1 -0.2704 522.2888 171.1535 538.8528 206.0620 1.8122 0.7225 0.6970 -4.2136 1.7243 37.9187 -0.3808 0.2639
Pedestrian -1 -1 1.3364 797.1779 173.7145 815.4105 208.6613 1.7158 0.7512 0.5992 9.6841 1.7592 35.7481 1.5983 0.2530
Pedestrian -1 -1 0.9894 948.1816 150.4960 1045.2189 291.8351 1.7791 0.9226 0.6343 4.9914 1.4980 9.4448 1.4620 0.2296
Cyclist -1 -1 -0.4472 733.1662 184.9355 766.6128 230.8456 1.7724 1.9326 0.5475 5.6359 2.2817 29.3858 -0.2604 0.3529
Cyclist -1 -1 -0.7470 828.7550 166.2369 901.1776 230.0194 1.5763 1.7524 0.7910 6.5603 1.4131 18.7903 -0.4165 0.3039
Cyclist -1 -1 -0.7208 810.1937 165.7389 868.5808 221.7318 1.6809 1.8578 0.6826 7.1253 1.4677 22.6449 -0.4202 0.2284
Car -1 -1 1.8144 304.8321 184.2592 466.9607 293.7032 1.6019 1.8274 3.9980 -3.8669 1.8402 13.0163 1.5303 0.6515
Car -1 -1 3.4746 249.3535 186.6655 377.1719 261.6064 1.4904 3.6238 1.6425 -6.8274 1.8492 16.8760 3.0951 0.6265
Car -1 -1 -0.8790 0.0000 203.7599 231.9005 375.0000 1.5080 1.6563 4.0412 -4.0153 1.7727 4.1083 -1.6210 0.6246
Car -1 -1 1.9625 359.6666 169.9445 440.1932 202.9660 1.7634 3.8661 1.7618 -11.5333 1.6084 39.6158 1.6807 0.3277
Car -1 -1 -0.9089 389.6692 175.9328 471.9518 209.9930 1.5995 3.6908 1.6888 -8.8980 1.7586 35.6780 -1.1520 0.2952
Car -1 -1 0.6298 410.9836 184.6761 497.0729 225.3900 1.5021 3.0945 1.9998 -6.3581 2.0156 29.4947 0.4188 0.2186
Car -1 -1 1.5447 706.2275 168.9344 786.7205 203.2747 1.6997 3.9499 1.7559 6.8953 1.5061 36.8858 1.7276 0.2097
