Pedestrian -1 -1 1.6763 308.5247 158.4275 411.4781 316.5512 1.8124 1.1106 0.6010 -2.9707 1.5611 8.5124 1.3537 0.8141
Pedestrian -1 -1 2.3051 832.0377 176.2619 877.4169 245.3965 1.6953 0.7441 0.7885 6.2642 1.5929 17.8487 2.6386 0.4158
Pedestrian -1 -1 1.3894 55.5771 188.0784 101.4179 250.3563 1.7324 0.9493 0.7327 -15.2294 1.9592 20.4053 0.7572 0.3626
Pedestrian -1 -1 -1.6007 1129.3975 188.9841 1224.0000 370.0000 1.6730 0.6934 0.7129 4.3561 1.7449 5.3505 -0.9445 0.3393
Pedestrian -1 -1 2.8516 517.0428 163.9875 567.6261 263.1061 1.7451 0.8890 0.7000 -1.2051 1.4561 12.9861 2.7631 0.3201
Pedestrian -1 -1 2.6342 641.1707 162.0785 697.6086 261.5525 1.7563 0.8447 0.7115 1.1320 1.4327 13.0093 2.7207 0.3115
Pedestrian -1 -1 2.9374 12.4285 174.1018 72.7931 262.3864 1.7178 0.8464 0.8106 -11.4466 1.5949 14.3352 2.2761 0.2807
Pedestrian -1 -1 -0.1988 253.8266 166.1067 306.9261 259.9968 1.7397 0.8741 0.7818 -6.3300 1.4746 13.6788 -0.6216 0.2321
Pedestrian -1 -1 -2.8503 962.7349 198.9698 1094.6587 370.0000 1.6736 0.7158 0.6879 3.1248 1.8268 5.2986 -2.3417 0.2112
Pedestrian -1 -1 2.3379 994.5040 168.6675 1069.9639 276.5752 1.7609 0.8688 0.6815 7.2181 1.5695 12.0435 2.8678 0.1843
Pedestrian -1 -1 0.9901 811.4556 167.2027 870.8413 257.3795 1.7311 0.9392 0.5992 4.6220 1.4775 13.9810 1.3042 0.1660
Pedestrian -1 -1 2.6129 679.9404 161.5390 732.5327 252.4812 1.7956 0.8757 0.7223 2.0249 1.4228 14.4974 2.7504 0.1613
Pedestrian -1 -1 -0.6518 834.3562 150.4255 895.5263 253.7254 1.7648 0.8449 0.6355 4.5670 1.2526 12.5734 -0.3096 0.1554
Cyclist -1 -1 -1.0463 1120.2216 147.8314 1224.0000 258.2559 1.7582 1.9468 0.6038 10.1155 1.2397 12.2698 -0.3679 0.2717
Cyclist -1 -1 -0.8076 0.0000 171.3162 98.4460 261.4446 1.7772 1.8608 0.6293 -11.4364 1.5978 14.3455 -1.4681 0.2444
Cyclist -1 -1 1.7454 627.8843 162.5659 737.6021 259.1808 1.7004 1.9177 0.7373 1.3998 1.3864 13.0585 1.8514 0.2350
Cyclist -1 -1 1.5243 681.7928 162.7129 757.4379 232.8772 1.7484 1.8737 0.6466 2.8653 1.3068 18.0381 1.6809 0.1973
Cyclist -1 -1 1.8819 239.7419 176.5649 382.9483 288.5399 1.6871 1.9359 0.7621 -4.6113 1.6294 11.0966 1.4998 0.1948
Cyclist -1 -1 -1.5632 555.2770 146.1919 631.5941 219.6786 1.8151 1.8857 0.6423 -0.3258 0.9693 17.7876 -1.5792 0.1871
Cyclist -1 -1 2.6363 824.5372 170.6662 882.5250 240.5641 1.6779 1.7240 0.6145 6.2131 1.4434 17.8695 2.9670 0.1856
Cyclist -1 -1 -0.4646 876.4031 157.7217 963.9479 271.0451 1.7811 1.8218 0.5851 5.2666 1.4247 12.0342 -0.0601 0.1824
Cyclist -1 -1 -0.0236 262.2466 163.6334 300.5500 260.8599 1.7646 1.8163 0.6393 -6.3679 1.4602 13.7850 -0.4459 0.1782
Cyclist -1 -1 0.0315 375.2899 190.7268 410.9616 305.9924 1.6865 1.7272 0.4872 -3.4395 1.8660 11.3963 -0.2527 0.1738
Cyclist -1 -1 -0.0767 521.4662 161.4211 561.3387 265.6313 1.7817 1.7835 0.5922 -1.2378 1.4571 13.0120 -0.1675 0.1569
Cyclist -1 -1 -0.5027 833.1591 151.8772 915.5257 262.0042 1.7827 1.7629 0.5448 4.6149 1.3210 12.3531 -0.1517 0.1558
Car -1 -1 -2.2195 1154.0438 183.4874 1224.0000 370.0000 1.5455 1.6721 3.9050 6.5023 1.5802 5.7390 -1.3975 0.3011
Car -1 -1 0.0800 45.6428 188.2317 112.4785 233.7967 1.5129 3.6126 1.6710 -19.3642 1.8216 26.1172 -0.5506 0.2320
Car -1 -1 2.4990 555.6971 172.9307 605.2687 195.0952 1.5570 3.7905 1.6858 -1.8185 1.0266 51.6686 2.4658 0.1647
