Pedestrian -1 -1 1.0728 0.0000 119.0175 77.0174 285.8811 1.8729 0.6949 0.5969 -6.9196 1.2690 8.5329 0.4066 0.3409
Pedestrian -1 -1 2.3371 923.3540 159.1167 953.3018 208.4120 1.8849 0.8106 0.6874 12.7359 1.3600 28.0909 2.7585 0.2897
Cyclist -1 -1 2.5114 922.8763 189.4658 964.3204 241.1508 1.6350 1.6279 0.3624 11.1191 2.2115 24.1915 2.9368 0.5022
Cyclist -1 -1 -1.9142 812.9608 168.1127 837.2943 190.3654 1.8004 1.8061 0.5849 17.4792 1.4171 58.7166 -1.6266 0.3439
Car -1 -1 1.6388 482.8178 180.3160 526.3338 219.6562 1.5167 1.5686 3.6451 -4.4273 1.8509 30.4031 1.4949 0.7234
Car -1 -1 -1.5382 572.0022 178.0002 623.0983 225.9531 1.5451 1.6773 3.8505 -0.4246 1.7418 25.5995 -1.5553 0.7077
Car -1 -1 -3.7846 1127.0464 199.6265 1242.0000 241.2888 1.5597 1.5162 3.8121 23.1026 2.6608 28.8560 -3.1153 0.5916
Car -1 -1 3.3838 269.2389 181.0611 312.1551 206.6265 1.5175 3.7745 1.6454 -20.3784 2.0651 46.1098 2.9695 0.5319
Car -1 -1 3.4469 203.4306 179.3913 259.1822 209.3702 1.5661 3.8963 1.6800 -21.2941 1.9535 40.6548 2.9668 0.4957
Car -1 -1 3.1591 537.8924 180.2487 562.6974 201.7632 1.4855 3.4498 1.7511 -4.3681 2.0454 52.8182 3.0766 0.4896
Car -1 -1 3.5866 127.1827 178.3924 206.1849 214.1333 1.5737 3.9034 1.6842 -21.0785 1.8538 34.4218 3.0404 0.4127
Car -1 -1 -0.1847 813.6335 180.5426 849.8909 203.7861 1.4899 3.9042 1.6803 15.1719 2.0407 49.6237 0.1099 0.3054
Car -1 -1 2.6492 625.7859 184.9334 678.5333 211.6304 1.5004 3.6842 1.6923 2.5144 2.2783 44.4107 2.7048 0.2985
