Pedestrian -1 -1 -0.4929 656.3520 146.8276 683.4749 200.6580 1.8816 0.8936 0.6129 2.0889 0.9722 25.7504 -0.4133 0.3293
Pedestrian -1 -1 0.1057 2.1952 139.4596 38.4067 225.2696 1.8308 0.7260 0.5382 -12.9891 1.1187 15.8427 -0.5729 0.2391
Pedestrian -1 -1 -0.9924 392.2372 175.6078 405.9361 199.7896 1.7985 0.7096 0.7206 -15.8720 2.0075 54.2119 -1.2762 0.2302
Pedestrian -1 -1 0.0270 27.7250 180.0845 55.7982 239.9433 1.7378 0.7368 0.6361 -17.0090 1.9590 21.5476 -0.6354 0.1978
Cyclist -1 -1 -0.8207 1150.7047 146.1663 1242.0000 248.7711 1.7591 1.8300 0.4958 10.9520 1.3019 13.3083 -0.1433 0.4918
Cyclist -1 -1 -0.4962 863.5752 160.2118 902.5190 205.9495 1.8351 1.9438 0.6575 11.2707 1.3282 29.9556 -0.1399 0.3726
Cyclist -1 -1 -0.0320 393.7038 177.6080 402.7445 200.5096 1.6799 1.6786 0.5980 -15.9358 2.0432 54.1858 -0.3170 0.3235
Cyclist -1 -1 0.1516 332.6592 174.1165 345.1818 199.8490 1.8048 1.9752 0.5476 -19.4538 1.8974 51.7262 -0.2067 0.2092
Car -1 -1 3.3495 290.6289 183.4998 328.8339 207.6589 1.4720 3.4060 1.6455 -19.7063 2.1986 47.3929 2.9571 0.5053
Car -1 -1 3.3721 234.5363 183.2849 283.2758 212.3007 1.5355 3.9347 1.6764 -20.3018 2.1705 41.7952 2.9222 0.4143
Car -1 -1 3.1905 102.0606 183.5364 136.6385 209.2763 1.5839 3.7879 1.7184 -32.7432 2.3282 48.1765 2.5960 0.3041
Car -1 -1 0.6745 639.6218 175.7814 678.3027 194.0330 1.5529 2.2217 2.5805 4.2949 1.8182 63.6188 0.7412 0.2589
Car -1 -1 -0.2461 305.7357 177.7786 342.6319 200.4991 1.5703 3.6521 1.6662 -20.9256 1.9438 52.6893 -0.6227 0.2407
Car -1 -1 2.4218 29.9595 180.9832 160.0750 228.4892 1.5617 3.7132 1.7177 -18.1531 1.8628 25.4201 1.8064 0.2356
Car -1 -1 3.2693 444.6816 179.6160 471.4667 199.1722 1.5283 3.9305 1.6856 -12.5800 2.1082 59.8111 3.0625 0.2238
Car -1 -1 -1.1187 198.2646 170.0644 256.1550 188.8744 1.5964 4.0025 1.8580 -32.9980 1.3600 62.2307 -1.6047 0.2131
