Pedestrian -1 -1 -0.7371 882.4208 158.3239 934.3726 234.8555 1.8240 0.9498 0.7315 7.2879 1.4780 17.7660 -0.3542 0.3871
Pedestrian -1 -1 2.9181 492.5043 171.4282 504.0964 198.9953 1.8921 0.7355 0.6462 -7.7690 1.7946 49.9809 2.7643 0.3603
Pedestrian -1 -1 2.6055 466.2270 160.6950 486.0802 200.6611 1.9394 0.8012 0.6418 -6.6296 1.3497 35.5235 2.4219 0.2685
Pedestrian -1 -1 2.6177 882.2136 167.3740 915.3577 225.0864 1.7568 0.7087 0.6896 8.8986 1.5903 22.3631 2.9913 0.2590
Cyclist -1 -1 -2.8282 499.8299 175.3064 513.2615 198.4643 1.6648 1.7010 0.4752 -7.6098 1.8480 52.9313 -2.9706 0.5055
Cyclist -1 -1 3.1846 503.7556 184.8852 512.4427 216.1529 1.6242 1.6324 0.3962 -5.5320 2.2879 38.9482 3.0439 0.3152
Cyclist -1 -1 2.7578 663.8725 181.2606 695.8657 227.3862 1.7338 1.7893 0.6229 2.6918 2.0762 28.4100 2.8505 0.2950
Car -1 -1 -1.7868 672.2178 174.4379 738.1986 219.5844 1.5533 1.6357 3.8287 3.4283 1.6172 26.9425 -1.6622 0.7070
Car -1 -1 1.2721 744.5064 161.5130 938.4555 288.2115 1.6862 1.7918 3.8849 3.3984 1.5356 11.5605 1.5501 0.6594
Car -1 -1 1.6771 512.1642 181.5694 558.9258 218.3132 1.5314 1.7291 3.7384 -3.3674 1.9510 32.8304 1.5751 0.6452
Car -1 -1 -2.1711 881.0445 145.6018 1242.0000 375.0000 1.6014 1.7042 3.9955 3.0511 1.5245 4.0492 -1.5605 0.5325
Car -1 -1 -1.5017 571.8215 177.6455 608.4943 205.3196 1.5746 1.9699 3.6136 -1.1858 1.8764 43.5376 -1.5293 0.4830
Car -1 -1 2.1434 775.5743 170.5367 839.1218 196.8004 1.5760 3.4851 1.6685 12.2846 1.4373 45.1480 2.4071 0.3015
Car -1 -1 -0.5462 798.0176 169.8161 919.7031 226.4552 1.5280 3.8019 1.6646 7.2301 1.4464 21.5026 -0.2265 0.2499
