Pedestrian -1 -1 2.4205 869.9232 152.1008 899.6100 209.1638 1.8673 0.6631 0.6468 9.1040 1.1886 24.0335 2.7782 0.3482
Pedestrian -1 -1 2.5512 890.9938 106.0745 973.8322 273.1247 1.8293 0.6620 0.5960 3.6308 1.0984 8.2799 2.9511 0.3444
Car -1 -1 -1.2330 133.5640 199.1153 449.6461 375.0000 1.4554 1.6215 3.7700 -2.8677 1.7914 7.3158 -1.5956 0.6919
Car -1 -1 -2.2468 668.6673 167.6535 807.5516 238.0913 1.7029 2.8112 2.2877 3.3173 1.5775 19.1238 -2.0785 0.6100
Car -1 -1 -1.5664 641.1054 175.9875 674.1638 208.5259 1.5491 1.5896 3.7006 2.3819 1.7168 36.6154 -1.5026 0.6068
Car -1 -1 1.9447 77.4268 198.3719 310.7582 332.8084 1.4460 1.5940 3.7311 -5.7610 1.8848 10.4453 1.4508 0.5541
Car -1 -1 2.7606 732.4755 172.4493 1023.5750 287.6507 1.6403 1.5620 3.9180 3.9514 1.6349 11.1482 3.0919 0.5418
Car -1 -1 2.5039 810.5851 138.3521 1242.0000 375.0000 1.6369 1.5044 3.5322 3.4187 1.4257 5.3353 3.0483 0.4588
Car -1 -1 3.0536 507.1589 175.8352 561.0751 222.7177 1.6241 3.7514 1.6881 -2.9721 1.7454 27.2519 2.9454 0.4290
Car -1 -1 0.5168 506.9922 182.2456 583.0999 220.0885 1.4936 2.9748 2.0735 -2.7959 1.9225 31.1430 0.4274 0.3650
Car -1 -1 1.7819 280.3207 187.0780 402.7219 269.7649 1.4830 1.7313 3.4614 -5.6261 1.8231 15.3991 1.4365 0.3436
Car -1 -1 3.2587 416.7296 166.7430 522.2445 257.5081 1.7354 4.0814 1.7864 -2.9916 1.6189 15.8885 3.0748 0.3316
