Pedestrian -1 -1 3.4961 0.0000 168.1730 151.9288 375.0000 1.6763 0.8506 0.6724 -3.6327 1.6487 4.7976 2.8738 0.3844
Pedestrian -1 -1 2.5422 830.8359 150.0782 869.2650 218.7485 1.8677 0.8278 0.6625 6.6364 1.2486 20.1120 2.8561 0.2213
Pedestrian -1 -1 2.2602 995.0771 160.2738 1100.2443 321.3082 1.7146 0.7903 0.6406 4.8789 1.5810 8.1621 2.7823 0.1362
Cyclist -1 -1 2.6904 852.9565 170.3845 885.2015 209.5754 1.7084 1.8368 0.6155 11.5738 1.6011 32.3966 3.0301 0.2875
Cyclist -1 -1 -0.4329 819.5826 155.7088 862.9463 219.1266 1.7995 1.8363 0.4884 6.7908 1.3133 21.4127 -0.1302 0.2369
Cyclist -1 -1 2.4486 1020.7911 158.4237 1132.1649 269.5440 1.7600 1.7925 0.5685 7.8696 1.5318 12.3520 3.0044 0.2038
Cyclist -1 -1 3.7236 0.0000 164.4141 190.6215 375.0000 1.7131 1.7758 0.5527 -3.6687 1.6667 4.8949 3.1056 0.1555
Cyclist -1 -1 -0.4256 525.9067 164.7047 586.2281 237.0128 1.6672 1.6794 0.8419 -1.3850 1.4797 17.5722 -0.5039 0.1528
Car -1 -1 -1.8433 851.4250 142.7609 1084.4240 300.0777 1.6810 1.6695 4.0109 4.4747 1.3598 9.8112 -1.4273 0.6274
Car -1 -1 3.6777 0.0000 149.9518 263.4607 375.0000 1.5780 3.9065 1.6895 -4.6387 1.4477 6.1367 3.0508 0.3924
Car -1 -1 -2.4488 1115.1805 183.7917 1242.0000 375.0000 1.5221 1.6587 3.7685 4.3615 1.6005 3.2548 -1.5623 0.3071
Car -1 -1 0.1744 754.8301 173.3668 799.5999 204.5807 1.5601 3.8835 1.6718 8.8723 1.5891 38.2432 0.4002 0.1827
Car -1 -1 2.1122 72.3999 163.7933 399.6284 323.6619 1.8313 3.3671 1.6084 -4.6749 1.7278 9.2021 1.6530 0.1760
Car -1 -1 2.2355 842.0228 175.3210 940.3180 213.3508 1.5273 3.6279 1.7913 12.0642 1.6414 31.2520 2.6002 0.1657
Car -1 -1 2.4272 772.8385 173.5787 882.0902 218.5987 1.5256 3.9391 1.6757 7.8820 1.5548 26.6558 2.7111 0.1391
