Pedestrian -1 -1 1.0632 858.4978 146.8600 1006.1296 360.7733 1.8021 1.0755 0.5316 2.7843 1.5835 6.4017 1.4555 0.3427
Pedestrian -1 -1 0.7045 1073.5322 189.5797 1103.5544 229.1795 1.7641 0.8535 0.7796 21.8780 2.5421 33.0522 1.2844 0.3035
Cyclist -1 -1 -0.6949 990.2083 194.7634 1046.2915 259.7845 1.6793 1.6454 0.3796 11.2653 2.3140 20.0446 -0.1901 0.5947
Cyclist -1 -1 -0.7390 887.6447 188.4395 922.9731 229.2009 1.7100 1.6479 0.4378 12.9441 2.4149 31.7645 -0.3561 0.3856
Cyclist -1 -1 2.8429 769.1072 177.1756 783.2662 197.5687 1.7777 2.0563 0.6504 14.8006 2.1700 64.3893 3.0674 0.3369
Car -1 -1 1.8641 225.2470 189.6858 417.0829 317.8689 1.4734 1.5878 3.5752 -4.0568 1.7640 10.6077 1.5063 0.6724
Car -1 -1 -1.6583 577.0933 178.9258 629.3910 223.8642 1.4911 1.5738 3.7464 -0.3557 1.7300 26.4070 -1.6723 0.6532
Car -1 -1 1.6051 502.7075 181.9890 545.6030 218.7525 1.5454 1.8353 3.9148 -3.9488 1.9938 33.3621 1.4876 0.6403
Car -1 -1 3.6540 94.9944 183.1602 187.9857 221.0576 1.5331 3.9605 1.7666 -20.8954 2.0241 32.3171 3.0836 0.5280
Car -1 -1 3.4044 189.4904 182.7759 245.9209 214.5288 1.5054 3.8026 1.6372 -20.3572 2.0498 37.5185 2.9099 0.4898
Car -1 -1 -0.0994 928.0961 179.9108 965.4220 207.8915 1.5531 3.6470 1.6456 20.0062 1.9940 43.0447 0.3326 0.4344
Car -1 -1 3.1559 26.9986 183.9174 84.1127 228.0665 1.5285 3.7853 1.6632 -21.5002 1.9892 28.0053 2.5056 0.3606
