Pedestrian -1 -1 0.4774 88.5483 168.6872 164.8895 291.9164 1.7682 0.7694 0.6647 -7.2452 1.7088 10.7677 -0.1038 0.3991
Pedestrian -1 -1 -0.9532 144.6832 177.3833 210.2477 271.5323 1.7218 0.8601 0.6160 -8.1745 1.8094 13.5683 -1.4871 0.2932
Pedestrian -1 -1 0.1196 0.0000 177.3202 50.2423 282.8524 1.7207 0.8009 0.6430 -10.0652 1.8004 12.3145 -0.5552 0.2812
Pedestrian -1 -1 2.6913 881.1785 169.3320 900.5069 202.9787 1.7623 0.7701 0.6849 14.8288 1.5782 38.2012 3.0586 0.2541
Pedestrian -1 -1 -1.0357 488.8940 176.3248 513.0052 214.9874 1.8043 0.9147 0.6764 -5.2122 1.9717 34.2424 -1.1861 0.2468
Pedestrian -1 -1 2.6693 789.5303 156.5303 817.0153 208.7216 1.8555 0.7796 0.6778 6.9428 1.2755 26.1024 2.9260 0.2247
Pedestrian -1 -1 1.6251 250.6129 158.1634 334.4414 306.0116 1.8155 0.9555 0.5759 -4.1189 1.6355 9.2928 1.2176 0.2134
Pedestrian -1 -1 1.9299 961.8126 169.7700 986.8716 210.3564 1.7821 0.8180 0.6668 16.2226 1.6471 32.2063 2.3924 0.1988
Cyclist -1 -1 -1.2386 327.1373 173.3200 363.2303 205.1289 1.7991 1.8315 0.6170 -15.1276 1.8263 41.1427 -1.5892 0.2961
Cyclist -1 -1 -0.6672 1001.8380 154.3530 1051.7930 203.3863 1.7319 1.7717 0.6096 15.1824 1.0788 26.4046 -0.1504 0.2535
Cyclist -1 -1 -3.6108 966.5197 173.4268 1009.9392 225.7735 1.6911 1.7420 0.5506 12.6153 1.7114 24.1992 -3.1358 0.2306
Cyclist -1 -1 2.4889 876.3816 169.1717 905.6163 201.7274 1.6833 1.6828 0.5220 14.8210 1.4933 38.1859 2.8561 0.1992
Cyclist -1 -1 0.0635 415.6315 175.4811 430.6258 212.9263 1.7277 1.8506 0.5755 -8.9353 1.8568 34.3864 -0.1893 0.1975
Car -1 -1 1.2154 736.5720 183.5665 1068.2058 375.0000 1.5000 1.5918 3.8913 2.4256 1.6367 7.2023 1.5265 0.7738
Car -1 -1 2.1308 496.6470 179.7082 672.2365 270.1879 1.5597 1.8354 3.8695 -0.4318 1.7219 14.8919 2.1012 0.5862
Car -1 -1 -2.4843 0.0000 0.0000 1242.0000 375.0000 1.5537 1.6947 4.0328 2.4296 1.6772 1.9660 -1.6654 0.5240
Car -1 -1 -0.9926 354.4184 178.9333 438.4157 213.0104 1.6004 3.6822 1.6458 -10.5828 1.9124 35.6710 -1.2793 0.2791
