Pedestrian -1 -1 -3.4027 833.9544 160.7595 870.8961 236.1875 1.7902 0.7049 0.6856 5.8196 1.5035 17.4929 -3.0873 0.5413
Pedestrian -1 -1 -0.1481 0.0000 150.6223 35.0900 243.7956 1.8284 0.7533 0.6738 -12.2361 1.3925 14.6592 -0.8348 0.5174
Cyclist -1 -1 -0.1853 417.6241 180.9629 428.9205 201.1022 1.7272 1.9144 0.6228 -16.5079 2.4545 63.6824 -0.4383 0.4227
Car -1 -1 -1.7164 746.2319 179.7821 842.9109 254.3620 1.5059 1.6021 3.8263 4.1447 1.6877 16.9114 -1.4809 0.7805
Car -1 -1 2.0539 0.0000 194.5438 335.5995 375.0000 1.4947 1.6209 3.6524 -3.7452 1.7311 5.9791 1.5133 0.7378
Car -1 -1 0.8538 405.9485 182.6100 560.2357 253.9810 1.5466 2.9526 2.4010 -3.1832 1.8168 18.0557 0.6810 0.7274
Car -1 -1 -1.8563 783.0727 181.0220 961.1221 295.7786 1.5114 1.6325 3.6874 3.9442 1.6647 11.6356 -1.5382 0.7053
Car -1 -1 0.0390 572.3788 180.3267 606.6844 210.8661 1.4841 3.6225 1.6582 -1.0655 1.8945 37.7712 0.0104 0.6654
Car -1 -1 3.0066 656.8590 177.4469 689.9136 201.7288 1.5248 3.7663 1.6860 4.1405 1.8427 47.9565 3.0917 0.6195
Car -1 -1 -1.4288 482.7075 182.0027 552.0340 233.5117 1.4992 1.7481 3.4789 -2.9638 1.8182 23.3746 -1.5542 0.6023
Car -1 -1 -1.4363 520.5377 184.1461 572.6346 223.7802 1.5166 1.7201 3.6734 -2.6618 2.0245 30.5516 -1.5232 0.5008
Car -1 -1 -1.7233 714.9330 178.9266 787.2715 231.1361 1.5372 1.7013 4.1096 4.5065 1.7555 23.8065 -1.5392 0.4926
