Pedestrian -1 -1 -0.5557 844.1331 138.8512 923.0001 268.2144 1.8034 0.9371 0.6834 3.9399 1.3298 10.5854 -0.2092 0.2748
Pedestrian -1 -1 2.3962 842.2785 167.1280 867.3177 212.9231 1.7520 0.7348 0.5751 9.4725 1.5333 28.0543 2.7181 0.2114
Cyclist -1 -1 -0.3580 731.7914 166.3445 755.4558 201.2549 1.8489 1.8987 0.6335 7.2101 1.5045 39.2017 -0.1778 0.5215
Cyclist -1 -1 3.2350 510.1982 167.5447 524.5071 208.6725 1.8410 1.9260 0.4786 -4.3017 1.6037 33.2663 3.1070 0.4890
Cyclist -1 -1 -0.4442 738.4680 169.9519 763.9399 200.9936 1.7652 1.9194 0.6941 8.1796 1.6006 42.0445 -0.2538 0.2902
Cyclist -1 -1 2.8109 687.8397 177.0212 702.8922 199.0120 1.7236 1.8097 0.6426 6.8131 2.0636 57.8622 2.9271 0.2265
Car -1 -1 -1.7077 761.1046 173.1229 882.4836 268.1990 1.5693 1.6516 3.9744 3.8827 1.5757 13.9946 -1.4434 0.7077
Car -1 -1 1.8508 273.2012 189.4548 457.1391 299.4011 1.5177 1.9801 3.7993 -4.0373 1.8492 12.4654 1.5429 0.6109
Car -1 -1 1.5147 749.2604 173.7391 796.3672 214.2399 1.5627 1.6656 3.9843 6.6666 1.6025 30.0292 1.7305 0.4938
Car -1 -1 -2.4691 654.6200 173.1469 704.0747 195.5690 1.5640 3.0249 2.1471 5.0018 1.5863 52.2081 -2.3746 0.4210
Car -1 -1 -2.9658 744.4965 176.2754 821.9182 227.1245 1.5402 3.2044 1.9805 5.7666 1.6631 23.9671 -2.7331 0.3803
Car -1 -1 -0.8787 791.9554 173.2880 834.2697 190.6185 1.5587 3.3982 1.8144 18.7887 1.6004 66.9012 -0.6064 0.2213
