Pedestrian -1 -1 3.0568 363.5262 144.3661 427.3568 302.4114 1.8266 0.9696 0.6758 -2.7195 1.4977 8.9110 2.7678 0.5694
Pedestrian -1 -1 1.7229 291.8341 142.1486 412.0330 343.8797 1.8482 1.0197 0.5525 -2.5200 1.5672 6.9726 1.3869 0.4943
Pedestrian -1 -1 -0.4085 603.0020 170.2304 626.4088 213.8738 1.7794 0.8474 0.6901 0.1496 1.6727 29.9397 -0.4042 0.4498
Pedestrian -1 -1 3.4303 44.2113 160.0286 76.8681 219.7585 1.8756 0.8413 0.6177 -17.6710 1.4733 23.1572 2.7839 0.3279
Pedestrian -1 -1 -1.1560 965.8101 156.8875 1002.0805 212.9679 1.8660 0.8894 0.7064 12.6889 1.3351 24.5733 -0.6846 0.3123
Pedestrian -1 -1 2.0833 960.8765 168.2133 984.0503 203.3975 1.7891 0.8350 0.6964 18.6631 1.5535 37.2275 2.5444 0.2447
Pedestrian -1 -1 -1.3908 1200.3296 167.6302 1223.8591 205.7960 1.7753 0.7447 0.6879 28.3897 1.5327 34.0669 -0.7006 0.1701
Cyclist -1 -1 -0.7780 1.3750 164.0057 48.8337 205.1485 1.8126 1.7492 0.5890 -26.1204 1.4231 32.1780 -1.4559 0.2327
Cyclist -1 -1 -3.6749 1106.7039 169.1991 1170.4508 243.9311 1.5798 1.5343 0.4043 11.6619 1.5029 16.0319 -3.0552 0.2131
Cyclist -1 -1 2.0231 953.7278 168.4930 993.3941 202.4701 1.7077 1.7230 0.6225 18.6612 1.4888 37.1337 2.4852 0.1729
Cyclist -1 -1 2.9783 604.3954 172.3156 625.6943 215.6277 1.7464 1.7521 0.6039 0.1562 1.7250 30.0030 2.9828 0.1718
Car -1 -1 -0.2393 830.1035 174.5242 877.2573 202.6838 1.5123 3.3144 1.7686 13.6466 1.6108 40.6754 0.0818 0.4738
Car -1 -1 -0.0522 219.2678 173.9645 248.4968 197.1351 1.5722 3.6933 1.6501 -26.7207 1.6544 51.1574 -0.5316 0.3427
Car -1 -1 2.0986 239.3490 177.3897 285.9197 194.3734 1.5361 3.4878 1.7326 -32.1538 1.9626 66.7950 1.6513 0.2855
Car -1 -1 -2.4336 165.9480 180.3746 221.8500 202.4410 1.5273 3.5249 1.6723 -30.5970 2.1010 53.1121 -2.9543 0.2217
Car -1 -1 -0.4208 703.0451 178.2114 741.9608 197.5572 1.5372 3.8427 1.8085 9.3797 2.0029 60.5797 -0.2683 0.2167
Car -1 -1 2.0059 243.7868 179.9765 295.0052 198.2763 1.5609 3.6328 1.8059 -29.8058 2.1938 63.1616 1.5663 0.2115
Car -1 -1 1.7395 8.9872 177.6154 105.7336 209.0730 1.6139 3.9297 1.7809 -29.9691 1.8844 39.2273 1.0902 0.2023
Car -1 -1 3.0275 586.9152 179.2052 622.7432 206.3331 1.5380 3.8131 1.7439 -0.3916 1.9418 43.8395 3.0181 0.1967
Car -1 -1 2.7874 400.2947 183.7229 441.7346 206.1637 1.5170 3.7823 1.7271 -13.8873 2.3435 52.7975 2.5310 0.1727
