Pedestrian -1 -1 -0.6440 757.2480 158.1222 779.3429 200.1890 1.8881 0.7795 0.6429 7.1689 1.2273 32.8710 -0.4315 0.3155
Pedestrian -1 -1 2.2595 1062.5612 142.2299 1110.5961 212.5312 1.8757 0.8512 0.6928 12.9952 1.0590 19.7595 2.8342 0.3022
Pedestrian -1 -1 1.7869 821.5236 145.3901 929.5965 329.7293 1.7881 0.9361 0.7391 2.7320 1.5220 7.5558 2.1203 0.2581
Cyclist -1 -1 -1.0856 1037.0695 142.2833 1121.4768 212.5545 1.8597 1.9417 0.5263 12.9630 1.0510 20.0659 -0.5189 0.3219
Cyclist -1 -1 2.4130 920.3586 173.8717 961.9297 213.6597 1.7356 1.8342 0.6356 14.8504 1.7831 32.4912 2.8378 0.2682
Car -1 -1 -0.9723 255.2369 186.5294 401.4528 254.9124 1.4821 1.6512 3.7249 -7.0840 1.8699 18.4403 -1.3348 0.5901
Car -1 -1 -1.1222 495.5289 177.5947 575.9902 220.0868 1.5294 1.6558 3.8494 -2.8925 1.7309 28.5248 -1.2229 0.5833
Car -1 -1 -2.9395 598.2998 173.7367 640.6680 203.2164 1.5249 3.4089 1.6584 0.5241 1.5755 39.2724 -2.9267 0.5226
Car -1 -1 -2.3222 0.0000 183.7221 173.1925 255.8505 1.5752 4.3596 1.7148 -13.8514 1.8927 18.7506 -2.9518 0.4880
Car -1 -1 -2.6533 393.2265 176.4013 469.8124 213.2492 1.6655 4.4195 1.7780 -8.6995 1.8516 35.4245 -2.8928 0.4569
Car -1 -1 0.4291 1117.8773 169.9732 1242.0000 214.6381 1.4898 1.9443 3.2902 20.5726 1.3940 25.9713 1.0932 0.3470
Car -1 -1 -2.9864 680.3201 173.7912 709.7775 193.0692 1.5797 3.1176 2.0224 7.2009 1.6617 61.0666 -2.8700 0.3352
Car -1 -1 -2.9760 573.8687 179.8399 609.7813 205.0459 1.5177 3.7079 1.7278 -1.1597 1.9870 46.4826 -3.0013 0.2510
