Pedestrian -1 -1 2.1731 700.1023 179.0242 719.9382 214.7995 1.6619 0.6739 0.6622 4.6954 1.9583 34.1489 2.3079 0.2402
Cyclist -1 -1 -1.7167 593.5829 169.6410 616.2977 191.4468 1.8108 1.8320 0.5978 -0.4486 1.5443 60.3504 -1.7245 0.4536
Cyclist -1 -1 -0.1659 700.8690 179.2923 718.1945 214.7293 1.6232 1.6614 0.5405 4.6679 1.9361 34.1904 -0.0320 0.2889
Cyclist -1 -1 0.2059 256.2491 173.4935 270.7819 198.6263 1.8080 1.8944 0.5850 -25.4418 1.8561 52.9421 -0.2404 0.2427
Car -1 -1 1.9438 145.9126 182.8467 329.2335 285.7303 1.4890 1.6437 3.4688 -6.3219 1.6886 12.5867 1.4863 0.7056
Car -1 -1 -1.5041 492.8651 177.8876 550.4161 228.1896 1.5710 1.7124 3.9001 -3.0175 1.7591 24.9229 -1.6240 0.6777
Car -1 -1 3.0382 552.9930 175.7704 580.1552 197.1269 1.5231 3.4160 1.6717 -3.2928 1.7482 53.7759 2.9770 0.4493
Car -1 -1 3.4627 320.1634 181.5223 364.5388 204.6983 1.5159 4.0785 1.7265 -18.8118 2.1515 50.8042 3.1094 0.3533
Car -1 -1 2.7504 803.2553 180.7472 849.5009 204.2782 1.4542 3.7006 1.6349 14.2499 1.9986 47.8049 3.0380 0.3120
Car -1 -1 -0.3231 466.9453 179.2238 502.1846 199.3524 1.4670 3.5392 1.6417 -9.7486 1.9768 55.7619 -0.4957 0.3067
Car -1 -1 -0.3542 499.0619 171.1693 537.9760 193.4669 1.5959 3.6664 1.7012 -6.8639 1.4757 53.6594 -0.4812 0.2916
Car -1 -1 1.0282 1108.7294 184.0914 1175.9512 209.4624 1.4888 1.8436 3.5745 33.7087 2.2322 45.8470 1.6586 0.2840
