Pedestrian -1 -1 -0.9690 1071.4778 138.8468 1142.6870 245.8860 1.8499 0.8148 0.6784 8.8739 1.2626 12.9716 -0.3799 0.4241
Pedestrian -1 -1 2.2983 0.0000 141.9298 67.6483 301.4797 2.0289 0.7697 0.6681 -7.8538 1.6360 9.5262 1.6224 0.4105
Pedestrian -1 -1 -1.5067 360.9096 175.9074 370.0598 200.9505 1.7022 0.5527 0.6770 -16.8153 1.9139 49.5374 -1.8326 0.2287
Cyclist -1 -1 3.2281 359.1038 177.6114 370.6537 203.7499 1.7495 1.7793 0.5994 -16.8621 2.0829 49.5674 2.9015 0.3248
Cyclist -1 -1 -0.8892 704.8402 167.6196 733.9468 196.3235 1.8511 1.9654 0.5777 7.1528 1.5139 47.4496 -0.7409 0.3093
Cyclist -1 -1 -0.5405 719.7000 178.6703 745.0335 210.4804 1.6094 1.5586 0.5797 6.3359 1.9199 37.6386 -0.3756 0.2834
Cyclist -1 -1 -1.8155 1044.6653 166.4297 1078.3729 193.1209 1.8070 1.8540 0.6523 30.8969 1.3725 49.4408 -1.2599 0.2700
Cyclist -1 -1 3.2718 265.1088 175.7159 276.1700 196.8712 1.7303 1.7580 0.6109 -28.3285 1.9731 60.1945 2.8334 0.2681
Cyclist -1 -1 -0.9322 1048.1150 137.0836 1161.1709 243.6903 1.7980 1.6802 0.5507 8.8418 1.1950 13.0500 -0.3474 0.2405
Cyclist -1 -1 -0.5017 950.1663 134.1368 1027.1006 232.6323 1.7718 1.6905 0.5415 7.1632 1.0757 13.8307 -0.0328 0.2331
Cyclist -1 -1 3.2463 454.4602 181.2297 472.7596 221.4886 1.7238 1.8738 0.6101 -6.5724 2.1098 32.2541 3.0463 0.2310
Cyclist -1 -1 -0.4975 661.7422 172.9766 688.4583 207.3145 1.7351 1.8124 0.5810 3.3254 1.7420 37.4110 -0.4101 0.2179
Cyclist -1 -1 -1.9948 1007.4152 163.0439 1040.9918 190.2086 1.7876 1.8360 0.6300 27.4467 1.1424 47.8785 -1.4771 0.2092
Car -1 -1 3.1565 413.4073 182.7333 447.6461 213.8298 1.4985 3.6791 1.6682 -9.4568 2.0463 38.0050 2.9138 0.6340
Car -1 -1 0.0081 589.9285 179.0832 616.2427 203.3539 1.5128 3.6197 1.6742 -0.4760 1.9408 47.7142 -0.0024 0.4807
Car -1 -1 -0.0643 473.0979 177.9593 496.8946 198.0986 1.5331 3.7015 1.6446 -10.0867 1.9574 57.9250 -0.2363 0.4478
Car -1 -1 1.4258 1108.5884 170.6218 1175.0294 192.7935 1.5274 3.5725 1.8289 37.7433 1.3740 51.3471 2.0567 0.3045
Car -1 -1 2.7901 491.6257 181.3420 530.9957 203.9305 1.5095 3.5745 1.6600 -7.1273 2.1408 51.6624 2.6533 0.2668
Car -1 -1 2.1571 1005.3095 174.4235 1085.1543 200.0213 1.5638 4.1511 1.7204 27.9940 1.6704 46.5961 2.6950 0.2368
Car -1 -1 0.3234 318.4521 183.6463 352.6078 200.5801 1.5297 2.7161 2.2793 -25.9921 2.5737 68.3659 -0.0389 0.2232
Car -1 -1 -0.4637 501.0683 180.7879 543.4217 201.9319 1.5289 3.8300 1.7158 -6.8449 2.1656 55.7945 -0.5856 0.2196
Car -1 -1 2.2708 1106.9186 176.4124 1182.5659 201.1292 1.4669 3.5825 1.6614 33.4710 1.7003 45.3130 2.9036 0.2157
Car -1 -1 -0.4262 613.8189 178.3008 657.2958 200.0106 1.5198 4.1103 1.6862 1.8329 1.9434 53.8444 -0.3928 0.2100
Car -1 -1 0.7786 987.9952 165.7752 1242.0000 302.1011 1.6411 3.7526 1.5983 7.3049 1.5562 9.7807 1.4050 0.2098
Car -1 -1 -0.3198 622.8422 175.0318 652.3690 192.0961 1.5424 3.6309 1.7083 2.5410 1.7531 67.7012 -0.2828 0.2090
