Car -1 -1 -1.5898 578.3185 176.3360 633.1749 228.7490 1.5557 1.6496 3.7278 -0.2283 1.6788 23.5517 -1.6002 0.7140
Car -1 -1 1.3661 655.0480 177.0213 702.7875 209.2153 1.5115 1.6843 3.5537 3.3664 1.7318 36.2152 1.4575 0.7047
Car -1 -1 -1.7520 709.1624 181.8347 801.1302 248.1571 1.5184 1.6255 4.1230 3.6712 1.7827 19.1407 -1.5662 0.6242
Car -1 -1 0.0369 65.6964 174.6184 139.2442 231.7312 1.5672 3.8389 1.6679 -15.4113 1.6264 21.9908 -0.5688 0.5694
Car -1 -1 2.7044 469.4272 175.5835 536.8502 212.1830 1.5716 3.6736 1.6709 -5.0171 1.7053 33.2692 2.5554 0.4762
Car -1 -1 -1.9462 331.8492 180.0411 474.1663 260.0717 1.4853 1.7704 3.5963 -4.6431 1.6617 15.7048 -2.2298 0.4546
Car -1 -1 0.1140 111.4603 158.9775 317.4121 321.1664 1.5572 3.3292 1.7416 -4.6082 1.4243 8.7888 -0.3571 0.4503
Car -1 -1 -0.4257 428.9542 176.4739 512.3060 222.1420 1.5556 3.6019 1.7028 -5.2858 1.7005 26.8468 -0.6188 0.4444
Car -1 -1 3.0159 558.8074 177.7915 589.9744 201.2856 1.4906 3.5011 1.6569 -2.4546 1.8351 48.4293 2.9651 0.4420
Car -1 -1 3.5189 131.9643 161.7443 289.1239 247.4321 1.6939 3.9070 1.7494 -8.8536 1.4746 16.3007 3.0278 0.4360
Car -1 -1 -0.4576 366.6305 173.7723 433.9919 208.8311 1.5701 3.6505 1.6288 -10.0469 1.6165 34.3067 -0.7408 0.4134
Car -1 -1 -0.1414 382.4193 176.6478 466.7989 242.9901 1.5720 3.6107 1.6828 -5.0893 1.6844 19.3124 -0.3963 0.4014
Car -1 -1 0.9300 0.0000 174.7561 225.5404 375.0000 1.5339 2.3832 2.3177 -5.0660 1.5535 5.8740 0.2405 0.3931
