Pedestrian -1 -1 -0.3360 753.7460 133.1843 796.5153 226.0988 1.8498 0.8159 0.6156 3.3270 1.0604 14.8042 -0.1197 0.2596
Pedestrian -1 -1 -0.6879 318.8496 181.5526 332.5238 204.7810 1.6932 0.7049 0.6393 -21.0614 2.3426 53.3810 -1.0623 0.2443
Cyclist -1 -1 -0.5573 1055.0096 131.0989 1233.4064 330.6462 1.8561 1.8985 0.5616 5.5066 1.4681 7.6699 0.0467 0.4878
Cyclist -1 -1 0.2859 315.5860 182.4844 331.3335 205.7250 1.6673 1.7467 0.6150 -21.2256 2.3924 53.4015 -0.0910 0.2550
Cyclist -1 -1 -0.2559 748.8026 169.6714 766.2375 200.4436 1.7275 1.8031 0.5360 8.4236 1.5492 41.4194 -0.0571 0.2503
Cyclist -1 -1 -0.6775 689.0618 175.9947 713.5042 201.2372 1.7079 1.8527 0.6635 6.2885 1.9302 50.0178 -0.5536 0.2407
Cyclist -1 -1 2.5714 966.2647 164.5014 995.0776 194.9488 1.7896 1.8715 0.6230 22.2295 1.2990 43.3685 3.0420 0.2285
Cyclist -1 -1 -1.5264 573.7775 175.2441 617.3504 216.8854 1.7624 1.8416 0.6050 -0.6507 1.8661 30.8952 -1.5479 0.2251
Cyclist -1 -1 -3.6756 1053.9526 160.9141 1148.1511 260.9162 1.6938 1.8558 0.5261 8.8433 1.4919 13.1576 -3.0948 0.1963
Car -1 -1 1.8274 307.7581 190.7023 368.7811 226.3546 1.5358 1.8093 4.0880 -13.2552 2.4628 35.3313 1.4705 0.6531
Car -1 -1 -1.6211 572.1231 177.6178 617.7650 213.8390 1.5221 1.8761 3.4655 -0.7724 1.7494 32.5876 -1.6453 0.5275
Car -1 -1 -0.6812 0.4099 188.7981 86.0284 220.7514 1.6474 3.7340 1.7548 -31.2312 2.5542 39.7436 -1.3441 0.2826
Car -1 -1 -1.5098 262.5289 173.9354 317.4785 193.7734 1.5518 3.9455 1.7300 -25.7346 1.6415 58.0979 -1.9253 0.2343
Car -1 -1 2.9146 523.0410 183.7169 557.6478 207.1277 1.5317 3.6529 1.6518 -4.9926 2.3308 51.0521 2.8171 0.2319
Car -1 -1 3.0023 635.2432 179.4566 663.2795 200.1367 1.5138 3.8114 1.6527 2.9885 2.0450 56.0428 3.0549 0.2298
Car -1 -1 -1.0181 968.7310 172.5688 1062.5919 203.6134 1.6325 4.2841 1.7334 22.4917 1.6179 40.2323 -0.5119 0.2233
Car -1 -1 -1.8913 811.1489 161.3810 895.6017 194.6330 1.6961 3.8288 1.7141 12.6159 1.1112 37.6578 -1.5707 0.2211
