Pedestrian -1 -1 0.3112 193.6181 169.1304 265.2242 291.2696 1.7041 0.8534 0.6937 -5.5919 1.6525 10.5426 -0.1666 0.5283
Pedestrian -1 -1 0.0864 106.5791 175.3139 144.8783 253.7892 1.7181 0.8107 0.6488 -11.0030 1.7759 16.3371 -0.4990 0.4456
Pedestrian -1 -1 1.2248 755.8469 178.9389 849.9690 321.4135 1.6099 0.8931 0.6904 2.2186 1.6858 8.5725 1.4683 0.4178
Pedestrian -1 -1 0.1016 692.8644 166.6483 726.5859 248.3711 1.7018 0.7555 0.6474 2.0942 1.5729 15.4649 0.2327 0.3756
Pedestrian -1 -1 2.4619 530.8746 170.8192 542.4137 192.0199 1.8878 0.7838 0.6914 -6.6055 1.7070 64.7672 2.3603 0.3413
Pedestrian -1 -1 1.1501 682.9203 170.9346 701.3330 206.4464 1.7571 0.7302 0.6073 4.0692 1.6625 36.0997 1.2609 0.3410
Pedestrian -1 -1 1.2251 660.9709 174.9523 679.5474 212.2199 1.7259 0.6769 0.6817 2.7872 1.8260 33.8769 1.3058 0.3389
Pedestrian -1 -1 2.6910 266.9371 173.9428 295.8302 222.9303 1.7393 0.7307 0.7058 -11.9507 1.7798 26.1424 2.2657 0.3364
Pedestrian -1 -1 0.6936 300.9022 167.9542 348.7198 246.4690 1.7991 0.8228 0.6807 -6.7717 1.6872 17.0287 0.3200 0.3256
Pedestrian -1 -1 2.9229 448.2679 169.9326 464.4727 207.0461 1.7975 0.7261 0.6352 -7.5794 1.6563 35.4045 2.7132 0.3252
Pedestrian -1 -1 0.6996 377.0890 168.8873 404.8615 220.8130 1.7553 0.6835 0.6201 -7.5775 1.6216 24.8248 0.4059 0.2929
Pedestrian -1 -1 3.2707 0.0000 156.7113 32.3487 230.9594 1.8429 0.6814 0.6551 -15.2247 1.4426 18.3687 2.5857 0.2711
Pedestrian -1 -1 1.1245 645.3907 171.7034 668.2582 215.8432 1.7348 0.6930 0.6591 1.8235 1.6899 28.7902 1.1865 0.2520
Pedestrian -1 -1 3.2625 206.2128 174.5556 234.0473 233.7823 1.7276 0.7076 0.6481 -11.6661 1.7798 21.5175 2.7706 0.2463
Cyclist -1 -1 2.8363 441.6462 172.7623 465.3448 209.8483 1.7860 1.9020 0.6017 -7.7977 1.7820 35.7205 2.6225 0.2518
Car -1 -1 -0.2012 570.2010 172.4901 612.6285 202.8315 1.5930 3.5992 1.6452 -1.1073 1.5742 39.8187 -0.2293 0.4928
Car -1 -1 -0.0309 171.5577 183.4982 212.6976 217.4806 1.5195 3.8453 1.6441 -20.7050 2.0759 35.6235 -0.5544 0.4000
Car -1 -1 -0.4372 522.3214 174.9518 569.9789 199.4944 1.5476 3.6567 1.7623 -4.3042 1.6930 47.8660 -0.5267 0.3449
Car -1 -1 0.6409 177.0112 183.3401 289.8690 229.4553 1.5123 3.9194 1.6758 -13.8245 1.9304 26.6721 0.1665 0.3328
Car -1 -1 2.9070 604.2505 176.8845 641.0669 200.7368 1.5315 3.7054 1.6755 0.7881 1.8166 48.9883 2.9225 0.2727
