Pedestrian -1 -1 2.6069 878.0104 131.4086 993.4675 319.6701 1.7910 0.9122 0.6883 3.2930 1.3257 7.2158 3.0206 0.2747
Pedestrian -1 -1 2.7476 731.0381 165.6252 762.6487 221.9939 1.7030 0.8721 0.6723 4.3444 1.2552 21.8506 2.9428 0.1915
Pedestrian -1 -1 1.0443 506.2668 167.0089 521.2236 185.9646 1.7738 1.2595 0.6219 -8.5929 0.5125 66.7885 0.9187 0.1836
Pedestrian -1 -1 1.5831 826.7266 170.2614 882.7565 282.0737 1.6273 0.7783 0.7034 3.7459 1.4799 10.7466 1.9111 0.1707
Pedestrian -1 -1 1.1216 619.3319 164.6824 633.2047 183.9795 1.7914 1.1225 0.6597 2.0150 0.3242 66.1595 1.1537 0.1644
Pedestrian -1 -1 -1.4336 183.0538 173.9724 199.0486 198.7097 1.8715 0.9816 0.5838 -31.5698 1.3789 53.9434 -1.9588 0.1503
Cyclist -1 -1 -0.1460 734.3115 166.7115 757.9435 220.7123 1.6112 1.5595 0.4893 4.3233 1.2014 21.8814 0.0481 0.5098
Cyclist -1 -1 0.1855 426.9447 168.5265 440.7509 196.0592 1.8561 1.9782 0.5646 -11.7677 1.0502 48.6607 -0.0485 0.4247
Cyclist -1 -1 3.4066 0.0000 187.0823 39.1335 241.8406 1.7197 1.9134 0.5494 -19.4282 1.9485 23.4221 2.7223 0.3802
Cyclist -1 -1 3.1483 264.7403 169.6565 276.1735 200.6109 1.8419 2.0674 0.6097 -20.4075 1.1981 43.1346 2.7110 0.2889
Cyclist -1 -1 -0.0174 510.1990 167.8072 516.7398 186.9843 1.7916 1.8196 0.5857 -8.6506 0.6069 66.9932 -0.1435 0.2270
Cyclist -1 -1 2.6925 858.2322 169.5649 888.9854 207.5733 1.6374 1.7064 0.5858 11.8666 1.1678 31.3302 3.0528 0.2006
Cyclist -1 -1 2.7415 574.8005 175.2685 592.1068 198.9176 1.6884 1.7517 0.6255 -1.5684 1.3162 51.4009 2.7128 0.1926
Cyclist -1 -1 -0.3693 521.3425 167.5065 541.0242 191.9499 1.7503 1.7336 0.8626 -5.3883 0.8212 51.5928 -0.4709 0.1854
Cyclist -1 -1 -0.3722 873.3939 123.5406 1007.9661 325.2295 1.8033 1.7375 0.6050 3.2844 1.2957 7.1972 0.0415 0.1842
Cyclist -1 -1 -0.6137 825.6960 151.0616 917.3779 242.3220 1.6812 1.8706 0.7464 5.1929 1.1405 14.0208 -0.2645 0.1803
Cyclist -1 -1 0.0977 478.4086 167.2978 486.4233 187.0079 1.7911 1.8461 0.5477 -11.2727 0.5925 65.1849 -0.0710 0.1768
Cyclist -1 -1 0.0024 533.4855 175.3938 541.7729 197.6567 1.6907 1.7510 0.6269 -5.1883 1.3042 54.5894 -0.0902 0.1664
Cyclist -1 -1 0.3884 258.5477 176.8081 272.7703 195.2990 1.7585 1.7960 0.5969 -32.6729 1.4085 68.1498 -0.0552 0.1631
Cyclist -1 -1 2.6837 862.2757 154.0756 896.8751 200.4007 1.6884 1.7489 0.4862 10.3073 0.7268 26.6570 3.0505 0.1580
Cyclist -1 -1 3.6205 75.3205 177.1892 119.9256 223.4067 1.7471 1.8837 0.6130 -19.8732 1.6235 27.6979 3.0052 0.1477
Cyclist -1 -1 1.1588 784.3401 168.8704 933.3422 282.2104 1.6521 1.9746 0.8304 3.7958 1.4842 10.7951 1.4895 0.1471
Car -1 -1 3.2746 419.7376 174.8602 446.2410 193.5016 1.5478 3.6489 1.7309 -14.6908 1.0807 60.6032 3.0397 0.2269
Car -1 -1 3.4820 0.0000 184.2330 70.1970 233.8086 1.5523 3.9293 1.6853 -20.3733 1.6949 24.5881 2.7981 0.2199
Car -1 -1 -1.2684 70.4491 167.4895 167.7001 200.4986 1.6991 3.9249 1.8148 -25.9111 1.0308 37.8243 -1.8633 0.2100
Car -1 -1 0.1634 563.1745 173.8005 628.2889 198.4538 1.5064 1.7587 3.8494 -0.5578 1.0984 44.3586 0.1526 0.1768
Car -1 -1 0.1759 181.0672 184.9749 217.0040 206.4075 1.5132 3.8815 1.6657 -30.3150 1.8626 52.9008 -0.3403 0.1641
Car -1 -1 2.7196 839.5651 162.7976 891.0406 188.5152 1.5328 3.5717 1.6806 16.1263 0.4791 43.9774 3.0705 0.1629
Car -1 -1 -0.3442 841.3013 169.6832 909.4708 203.5510 1.5517 2.9779 2.1638 12.8755 1.0576 33.8970 0.0174 0.1569
Car -1 -1 0.5041 235.4669 182.4154 279.3836 201.4176 1.5168 3.7078 1.6841 -28.7905 1.6822 58.7081 0.0519 0.1559
Car -1 -1 -0.3083 523.5399 173.7828 558.6996 193.8973 1.5450 3.9007 1.6930 -5.1224 1.0303 56.4285 -0.3966 0.1559
Car -1 -1 -2.7156 665.1611 167.7652 728.8304 190.9896 1.5334 1.7426 3.9613 6.2952 0.6939 48.4641 -2.5855 0.1525
Car -1 -1 -0.2016 514.0969 167.9316 545.9601 189.7624 1.5824 3.5348 1.7132 -5.6637 0.6726 53.1870 -0.3053 0.1516
Car -1 -1 2.8177 460.6605 168.5972 490.8613 186.2131 1.6061 3.5290 1.7647 -12.1419 0.5221 66.4321 2.6396 0.1491
Car -1 -1 -1.1269 193.4189 181.9978 251.1032 200.6287 1.5062 3.8082 1.7327 -31.4885 1.6329 58.2652 -1.6185 0.1480
