Pedestrian -1 -1 -0.2925 298.3468 154.5421 332.0585 224.0858 1.8461 0.8249 0.6416 -8.0896 1.3603 19.6732 -0.6782 0.4603
Pedestrian -1 -1 0.5921 1161.4803 131.2227 1242.0000 292.8269 1.8528 0.9368 0.5803 7.2250 1.3758 8.6857 1.2690 0.2843
Pedestrian -1 -1 2.2499 853.0966 169.7361 884.3305 224.8733 1.6700 0.7241 0.5496 7.9485 1.5759 22.3039 2.5875 0.2803
Cyclist -1 -1 -3.3209 792.4835 160.9169 826.3676 216.4191 1.7647 1.7874 0.7624 6.5287 1.3855 23.8609 -3.0575 0.4038
Cyclist -1 -1 -3.1600 650.1017 178.8701 657.4777 199.5263 1.6714 1.8289 0.5737 3.6041 2.1785 59.8450 -3.1006 0.3183
Cyclist -1 -1 0.5309 303.5118 171.2270 326.1761 198.8316 1.8098 1.8128 0.5612 -19.7517 1.7035 48.2408 0.1440 0.3033
Cyclist -1 -1 -0.9630 265.9547 170.0795 295.3865 197.0268 1.8648 1.8424 0.6284 -23.0330 1.6732 50.4037 -1.3899 0.2947
Car -1 -1 1.6693 425.2850 184.7196 518.1962 259.3911 1.4921 1.7767 3.3862 -3.1439 1.7967 16.7375 1.4857 0.7845
Car -1 -1 -1.7425 642.4845 177.4606 729.3823 239.1925 1.5498 1.7161 4.3408 2.0025 1.6964 20.6746 -1.6481 0.7301
Car -1 -1 -2.5331 0.0000 0.0000 1242.0000 375.0000 1.5520 1.6772 4.0279 2.7621 1.6633 2.0496 -1.6681 0.5482
Car -1 -1 1.0309 324.6048 176.8361 439.5811 230.3427 1.5722 2.6372 2.4839 -7.3865 1.7110 23.2784 0.7265 0.5126
Car -1 -1 1.7091 0.0000 184.8533 179.5571 375.0000 1.5164 3.1910 1.8720 -6.4039 1.6687 7.5015 1.0199 0.4563
Car -1 -1 2.9447 605.3769 174.0071 637.8503 196.1256 1.5948 3.8301 1.7184 0.8080 1.6852 54.2738 2.9591 0.4461
Car -1 -1 0.0999 403.3597 174.1592 460.4774 214.5115 1.5315 3.1814 1.9317 -7.1825 1.5878 29.2029 -0.1396 0.3337
Car -1 -1 -0.6114 497.5541 175.1555 538.5237 194.1547 1.5961 3.7529 1.7037 -8.0803 1.8038 63.0478 -0.7387 0.2964
Car -1 -1 -0.7030 329.1107 169.8837 386.8062 192.1148 1.5390 4.0030 1.7258 -18.1022 1.3338 51.7076 -1.0384 0.2847
