Pedestrian -1 -1 1.4836 49.2061 204.5185 76.2777 247.7782 1.6684 0.8067 0.8469 -22.2408 2.9787 29.2644 0.8379 0.4976
Pedestrian -1 -1 -0.7173 856.7472 149.9543 888.6873 209.1600 1.8106 0.7750 0.5654 8.1515 1.1106 22.5270 -0.3746 0.4225
Pedestrian -1 -1 -0.8947 641.3727 174.5597 655.5770 201.8141 1.7659 0.6635 0.6583 2.4901 1.8791 47.2723 -0.8429 0.3823
Pedestrian -1 -1 -1.8084 380.3138 169.0511 417.2193 233.6359 1.8993 0.9080 0.7959 -6.4287 1.7878 21.7872 -2.0925 0.2682
Pedestrian -1 -1 2.9936 148.2850 182.4838 164.8551 212.2388 1.7149 0.8483 0.7103 -26.7407 2.2898 42.4939 2.4345 0.2610
Cyclist -1 -1 3.6274 142.7595 182.2757 170.4084 212.5169 1.7216 1.8274 0.5954 -26.7804 2.2903 42.5885 3.0686 0.3552
Cyclist -1 -1 -1.0266 36.4564 198.2669 91.7797 245.9454 1.8794 1.6778 0.6938 -22.2133 2.9278 29.3247 -1.6707 0.2901
Car -1 -1 -1.6149 568.0172 181.3470 640.1071 248.1048 1.4951 1.6595 3.7991 -0.2938 1.7373 18.5981 -1.6314 0.6456
Car -1 -1 2.1231 66.3017 203.4764 202.1632 261.0020 1.5548 1.7870 4.2168 -15.6000 2.6595 23.8908 1.5495 0.5849
Car -1 -1 1.9436 258.0802 193.7168 326.3329 229.5510 1.5436 1.7401 3.9449 -15.5438 2.6261 35.4173 1.5324 0.5700
Car -1 -1 -0.9217 0.0000 203.7240 97.8140 297.8860 1.5045 1.5874 3.8317 -12.6128 2.2200 14.7590 -1.6200 0.5138
Car -1 -1 -1.2849 1128.7928 168.5581 1242.0000 202.9335 1.5808 4.0135 1.7606 28.0523 1.3836 35.3242 -0.6180 0.4209
Car -1 -1 -0.1504 480.6946 188.8410 520.9540 218.4281 1.5047 3.6419 1.7206 -6.2565 2.4543 40.8422 -0.3020 0.3474
Car -1 -1 -1.0764 286.8166 182.1102 339.7342 201.1035 1.4839 3.5815 1.7095 -24.0259 2.2471 58.4207 -1.4653 0.3153
Car -1 -1 0.4938 198.9979 189.5825 238.9050 206.5328 1.4817 3.5080 1.8809 -36.9822 3.1061 68.2905 -0.0011 0.2804
Car -1 -1 -1.1857 978.0734 172.9747 1050.5743 196.6939 1.5417 3.9315 1.7320 27.3749 1.5506 48.9911 -0.6790 0.2576
Car -1 -1 -3.1631 1027.0228 170.3357 1066.6718 199.6512 1.5660 3.8173 1.8076 24.5175 1.4318 40.6460 -2.6238 0.2536
Car -1 -1 -1.8167 929.3624 161.7875 988.0796 183.2059 1.6696 3.8764 1.8566 27.7320 0.8073 57.5378 -1.3698 0.2479
