Cyclist -1 -1 -3.6590 1104.7188 90.1209 1242.0000 314.7529 1.7601 1.7721 0.6191 5.2685 1.1122 6.5708 -3.0049 0.2348
Car -1 -1 3.5552 69.5080 169.1212 367.7968 341.2393 1.6096 3.8136 1.6465 -4.3650 1.5750 8.6834 3.1010 0.6423
Car -1 -1 0.2206 408.7009 165.5122 504.2273 236.4930 1.6669 3.8266 1.6276 -3.9382 1.4948 18.8686 0.0170 0.5671
Car -1 -1 1.5143 566.2921 171.9012 651.0507 209.2001 1.6740 3.8216 1.9074 -0.1500 1.6316 33.4489 1.5093 0.4326
Car -1 -1 -0.4239 950.4824 115.6561 1242.0000 375.0000 1.6448 3.4914 2.0110 3.6794 1.4254 4.6868 0.2111 0.4294
Car -1 -1 -0.5624 571.5438 164.7054 647.4788 194.5554 1.6060 1.6563 4.0068 -0.0430 1.1679 40.5880 -0.5638 0.2971
Car -1 -1 1.3533 614.1037 172.2316 713.3721 211.6557 1.5824 3.8171 1.8906 2.1609 1.5577 30.1727 1.4235 0.2874
Car -1 -1 1.7894 651.2617 168.0149 729.6168 205.4067 1.7614 3.5044 1.8739 3.9302 1.5338 35.4368 1.8985 0.2811
Car -1 -1 1.6491 549.6476 164.4712 624.8931 196.7288 1.6205 3.7489 1.9458 -1.1662 1.1997 37.3036 1.6176 0.2757
Car -1 -1 -1.5803 528.8579 172.7463 654.1057 220.2610 1.5338 4.0553 1.8021 -0.6725 1.5307 24.2650 -1.6084 0.2214
Car -1 -1 -1.2473 353.6038 162.2701 445.8906 200.4711 1.7717 3.8628 1.7805 -10.0214 1.2812 34.4323 -1.5287 0.2132
Car -1 -1 1.8950 667.6653 172.8517 751.8175 212.5665 1.6981 3.3642 1.7360 4.4371 1.6984 32.3717 2.0295 0.2019
