Pedestrian -1 -1 2.5727 635.4370 176.6242 651.1976 204.8821 1.7540 0.7216 0.7140 2.0631 1.9941 45.4048 2.6173 0.1924
Cyclist -1 -1 -0.5872 627.1633 173.7235 652.1784 202.1959 1.7576 1.8649 0.6515 1.8309 1.8141 45.5630 -0.5478 0.2463
Cyclist -1 -1 3.0490 436.5870 173.2393 445.4698 193.4968 1.8296 1.9277 0.6177 -15.5316 1.8659 66.2154 2.8192 0.2305
Car -1 -1 1.6461 493.1786 177.8836 542.9351 218.6237 1.5658 1.7724 3.9918 -3.8287 1.7914 30.2701 1.5208 0.6180
Car -1 -1 3.4762 277.7543 182.6969 321.3924 206.9966 1.4762 3.3530 1.5924 -20.1827 2.1407 46.9577 3.0721 0.5869
Car -1 -1 3.1167 585.5792 176.2475 624.7931 211.1232 1.5380 3.4720 1.7454 -0.3118 1.7062 33.9257 3.1070 0.5578
Car -1 -1 0.1387 369.1689 178.6182 393.9413 196.3212 1.5231 3.5442 1.6586 -20.6281 2.0593 65.1894 -0.1669 0.3085
Car -1 -1 -0.6665 657.6086 180.3277 701.0084 199.2156 1.4590 3.6338 1.6506 5.6372 2.0937 59.2674 -0.5726 0.2908
Car -1 -1 -3.0275 816.7211 179.3488 864.1989 215.7707 1.5483 3.9565 1.6783 10.7368 1.8704 33.5851 -2.7212 0.2837
Car -1 -1 2.4710 701.2314 178.0076 758.6846 202.5460 1.5210 3.8917 1.6878 7.8520 1.8773 47.7195 2.6327 0.2257
Car -1 -1 -2.8311 537.3624 177.7996 576.1105 200.9567 1.5269 3.6759 1.6569 -3.7071 1.8864 50.4014 -2.9046 0.2207
