Cyclist -1 -1 -0.1760 511.3939 179.6863 563.1216 280.2915 1.7512 1.8073 0.6581 -1.4554 1.8899 13.6465 -0.2814 0.5691
Cyclist -1 -1 2.8183 379.9091 184.0540 395.9345 207.4358 1.7743 1.9461 0.6162 -17.4692 2.6691 56.6510 2.5201 0.5093
Car -1 -1 1.8208 156.6757 195.3019 303.8722 285.2784 1.5097 1.8055 3.8450 -7.8460 2.0479 15.2116 1.3512 0.7639
Car -1 -1 -1.8663 600.0861 185.6080 740.5801 280.8440 1.4806 1.6058 3.6722 0.9392 1.7583 13.7134 -1.8007 0.7236
Car -1 -1 1.6408 240.4567 188.9001 322.8611 251.4208 1.4969 1.8421 3.5153 -9.1509 1.9914 20.2490 1.2208 0.7101
Car -1 -1 -1.7342 492.0334 183.6611 545.1163 222.7483 1.4862 1.6107 3.9427 -3.9954 1.9785 30.7243 -1.8630 0.6773
Car -1 -1 -1.8510 532.0938 181.1992 626.9635 241.7573 1.5198 1.7708 3.5634 -1.0102 1.7815 20.6212 -1.9002 0.6490
Car -1 -1 -1.5755 754.2997 183.7452 917.4454 327.4662 1.4710 1.7097 3.6760 2.9005 1.6478 9.6873 -1.2942 0.6486
Car -1 -1 1.6772 272.3987 189.1746 336.8299 239.3667 1.4919 1.6297 3.8613 -10.4839 2.1023 24.8818 1.2818 0.5854
Car -1 -1 2.9947 413.0922 182.6799 456.5137 214.4343 1.5493 3.6428 1.7304 -9.4164 2.1008 38.4598 2.7557 0.5509
Car -1 -1 1.4696 293.4871 187.8005 344.3073 225.8440 1.4658 1.7012 3.4266 -12.6737 2.1523 31.2120 1.0864 0.3579
