Pedestrian -1 -1 1.6171 703.9269 164.3079 718.8083 193.1486 1.8780 0.9415 0.6122 6.6265 1.3219 47.3693 1.7549 0.2870
Pedestrian -1 -1 3.5909 63.9949 120.0397 153.9775 277.0615 1.8505 0.8494 0.6044 -6.2523 1.2285 8.9648 2.9955 0.2536
Cyclist -1 -1 -0.5850 825.7405 164.7189 870.4556 217.1605 1.8198 1.9732 0.5211 8.5277 1.5378 26.0555 -0.2726 0.6916
Cyclist -1 -1 -0.4630 799.0549 168.0631 828.5311 210.0241 1.7075 1.8011 0.4229 8.4953 1.5129 30.2828 -0.1925 0.5315
Cyclist -1 -1 -0.3697 779.5835 173.9636 801.2640 207.0642 1.5919 1.6788 0.4563 8.8570 1.6484 35.6181 -0.1285 0.4595
Cyclist -1 -1 -0.5621 953.1707 166.0004 1002.5391 218.7053 1.7927 1.9680 0.5879 12.9492 1.5599 25.5472 -0.0981 0.3203
Cyclist -1 -1 2.4604 1127.0773 153.2514 1226.2675 243.8098 1.8096 1.8287 0.6332 11.9363 1.4183 15.3391 3.1120 0.2721
Car -1 -1 0.3002 322.1021 179.6827 444.8565 226.0612 1.5664 1.7556 3.7895 -7.9770 1.8164 25.5035 -0.0004 0.5970
Car -1 -1 0.4765 70.0670 190.8345 312.4395 274.0763 1.4770 1.5309 3.7931 -8.0349 1.8470 13.9954 -0.0369 0.5243
Car -1 -1 -1.4177 448.9316 181.8467 514.0991 207.9404 1.5444 3.7147 1.7121 -7.8668 2.1071 44.2183 -1.5932 0.5130
Car -1 -1 -2.4963 0.0000 197.1983 229.4239 302.7122 1.4776 1.5581 3.6835 -8.2649 1.8873 11.3070 -3.1165 0.4500
Car -1 -1 -1.8533 224.5692 185.6551 334.7046 248.2657 1.4981 1.9804 3.0412 -9.1513 1.8816 19.7958 -2.2816 0.4053
Car -1 -1 -2.1325 988.1649 166.4494 1043.2466 185.7433 1.5580 3.3864 2.0346 33.3225 1.0412 59.3654 -1.6233 0.3004
Car -1 -1 3.4927 185.8288 180.3732 268.4258 222.3502 1.4923 3.8038 1.6451 -14.9760 1.8089 28.3549 3.0104 0.2713
Car -1 -1 -3.1339 775.6216 180.7973 807.6816 210.6349 1.5284 3.9187 1.6494 10.0847 1.9943 40.1803 -2.8903 0.2684
Car -1 -1 -3.5653 971.9370 172.7836 1014.3842 192.2134 1.5126 3.7818 1.5935 30.7750 1.5074 58.1035 -3.0806 0.2643
