Pedestrian -1 -1 1.1084 943.1005 174.2426 1018.1629 285.6380 1.7086 0.8651 0.6199 5.7800 1.7315 11.3839 1.5668 0.1401
Pedestrian -1 -1 2.4756 870.0012 157.1600 922.4658 247.8390 1.8277 0.7889 0.6679 5.8971 1.5118 15.0159 2.8424 0.1263
Pedestrian -1 -1 1.9401 1167.1943 121.1470 1242.0000 272.4336 1.8679 0.7399 0.6389 7.7818 1.2298 9.3860 2.6168 0.1208
Pedestrian -1 -1 0.5637 122.6401 175.4950 163.4931 243.7014 1.7145 0.6769 0.6117 -12.0133 1.7838 18.5009 -0.0059 0.1011
Cyclist -1 -1 0.6027 0.0000 164.3902 58.9844 253.3164 1.7283 1.7618 0.5919 -12.3611 1.5642 14.9226 -0.0804 0.1543
Cyclist -1 -1 -0.6051 851.4792 157.3347 927.1956 247.1826 1.7864 1.7906 0.5617 5.8241 1.4782 15.2797 -0.2480 0.1490
Cyclist -1 -1 -1.3285 474.0720 169.4106 495.6237 190.5156 1.8494 1.7735 0.6269 -11.0491 1.5480 63.5989 -1.5001 0.1076
Cyclist -1 -1 0.3859 342.2980 174.9695 370.5112 216.4454 1.7821 1.8190 0.5345 -11.2759 1.8790 32.0150 0.0494 0.1021
Cyclist -1 -1 -3.5439 932.4042 169.3954 1023.1282 291.1075 1.7401 1.8307 0.5585 5.6196 1.6910 11.2411 -3.0917 0.1010
Car -1 -1 -1.4962 579.0775 179.6969 645.1728 237.5384 1.5324 1.6900 3.9903 0.1052 1.7577 21.6551 -1.4923 0.6763
Car -1 -1 0.1678 473.0294 185.2536 511.9756 213.0226 1.4933 3.6728 1.6623 -6.8713 2.2521 42.2872 0.0072 0.1625
Car -1 -1 -0.6036 1014.6570 162.6066 1242.0000 358.0328 1.6105 4.1005 1.7547 6.4001 1.5264 8.0354 0.0506 0.1540
Car -1 -1 -0.2982 663.1489 179.5124 695.1310 196.8544 1.5223 2.9129 2.1576 6.3016 2.1491 66.2419 -0.2042 0.1354
Car -1 -1 2.6637 692.5288 181.0966 748.7424 208.4174 1.5119 3.9344 1.7090 6.5529 2.0320 43.3542 2.8122 0.1287
Car -1 -1 -1.3545 476.3922 173.8897 520.7985 192.5659 1.6327 3.6201 1.7091 -9.9030 1.7265 64.1493 -1.5074 0.1192
Car -1 -1 2.6121 673.8984 180.2479 717.0412 201.1605 1.5250 3.5868 1.7477 6.5717 2.1199 56.0182 2.7278 0.1132
Car -1 -1 0.0066 697.5451 179.7574 722.7330 202.8577 1.4957 3.5510 1.6581 6.8756 1.9896 49.7110 0.1427 0.1099
Car -1 -1 -2.8984 499.1282 184.6108 535.9593 208.1428 1.4648 3.5626 1.6543 -6.2204 2.2881 48.6398 -3.0254 0.1034
