Pedestrian -1 -1 1.3150 810.1328 132.5762 932.8907 318.9545 1.8442 1.0797 0.5334 2.7129 1.3615 7.4133 1.6488 0.5230
Pedestrian -1 -1 1.2108 905.9398 139.8877 1056.8009 348.5179 1.8450 1.1143 0.5475 3.4478 1.4784 6.6753 1.6659 0.4107
Pedestrian -1 -1 2.1258 645.3364 177.8775 660.9406 209.3300 1.7270 0.5736 0.7195 2.8717 1.5289 39.8989 2.1921 0.2701
Cyclist -1 -1 0.0920 123.4249 180.0524 142.1434 218.7251 1.6630 1.8362 0.5328 -20.7649 1.6017 31.8233 -0.4874 0.4672
Car -1 -1 0.0347 137.6220 176.0215 303.2300 238.1182 1.6431 1.6898 4.0558 -10.8445 1.4993 20.6460 -0.4489 0.5678
Car -1 -1 3.1843 540.3441 174.3367 573.8922 205.6537 1.5507 3.5368 1.6095 -2.2682 1.1969 37.3519 3.1190 0.5488
Car -1 -1 3.0480 328.5780 179.2932 371.3619 210.2274 1.5544 3.7380 1.7865 -13.4047 1.4444 38.1650 2.7073 0.4515
Car -1 -1 -3.0122 571.0044 174.9852 599.1206 192.4474 1.5509 2.7205 2.2346 -1.4281 0.9727 65.2643 -3.0389 0.3682
Car -1 -1 -0.4877 564.8538 179.0586 614.2827 202.6785 1.5306 3.9159 1.6922 -0.8375 1.3731 48.6692 -0.5099 0.3677
Car -1 -1 -1.5115 0.0000 175.3302 108.3338 213.3809 1.6016 3.7496 1.7472 -24.2663 1.3429 32.0028 -2.1613 0.2996
Car -1 -1 2.0647 375.6957 177.0900 426.7440 196.3776 1.6014 3.8150 1.7071 -16.9272 1.2357 60.8862 1.7897 0.2898
Car -1 -1 -3.0548 597.9965 173.4832 622.6243 193.3536 1.4999 3.4736 1.6445 0.7424 0.8954 56.0289 -3.0466 0.2793
Car -1 -1 -2.8931 724.6005 173.2890 771.0851 201.2612 1.5660 4.1174 1.7555 8.7024 1.1071 42.4494 -2.6971 0.2439
