Pedestrian -1 -1 -0.0980 149.2965 136.0638 188.4069 236.1558 1.8377 0.7439 0.5678 -8.4404 1.1626 13.7124 -0.6413 0.3789
Cyclist -1 -1 0.3197 338.6209 183.4217 352.6431 202.8203 1.7647 1.9452 0.6569 -24.8108 2.7709 67.6888 -0.0307 0.3192
Car -1 -1 -1.7620 811.0017 175.3018 1011.2357 327.3380 1.5310 1.5701 3.6399 3.5396 1.5693 9.2481 -1.4081 0.7926
Car -1 -1 -2.0785 858.3443 187.0347 1242.0000 375.0000 1.5586 1.7411 4.1914 2.8870 1.6843 4.2318 -1.5130 0.7366
Car -1 -1 -1.7422 803.4689 173.9634 933.2839 269.9400 1.5622 1.6208 3.9034 4.7212 1.5870 13.8402 -1.4208 0.6809
Car -1 -1 -0.7670 0.0000 196.6576 256.7653 375.0000 1.5283 1.6473 4.0429 -3.8751 1.7260 3.9125 -1.5141 0.5552
Car -1 -1 -3.0071 608.5052 172.5970 662.6629 215.4355 1.6188 3.9727 1.6880 1.0675 1.6094 29.3634 -2.9718 0.5290
Car -1 -1 -1.2898 506.0090 173.4016 638.2700 262.1138 1.6217 1.8205 3.6786 -0.7043 1.6351 15.2122 -1.3363 0.5196
Car -1 -1 -0.5328 932.8466 144.5625 1070.2810 208.7595 1.7418 4.0083 1.7953 11.5015 0.9746 21.6206 -0.0497 0.4989
Car -1 -1 -3.2631 777.0331 173.1929 821.9333 207.7172 1.5511 3.6753 1.6154 8.9301 1.5685 34.3788 -3.0115 0.4924
Car -1 -1 2.3688 1033.6833 137.6618 1198.9749 204.5245 1.7416 3.7414 1.7662 14.3490 0.8253 20.7878 2.9663 0.4441
