Pedestrian -1 -1 1.2813 809.0244 134.6756 934.7955 321.8252 1.8583 1.1037 0.5376 2.7214 1.3947 7.4233 1.6157 0.5194
Pedestrian -1 -1 1.0829 904.0393 140.7590 1055.4282 348.8715 1.8533 1.1161 0.5624 3.4491 1.4919 6.6942 1.5372 0.4313
Pedestrian -1 -1 2.8415 377.8526 182.0589 400.9486 224.3174 1.6860 0.6752 0.7305 -8.6248 1.7101 29.1537 2.5511 0.3154
Pedestrian -1 -1 1.3267 732.3670 141.4223 787.4295 237.1958 1.8370 0.9392 0.5709 3.0570 1.0696 14.0796 1.5315 0.2928
Pedestrian -1 -1 -1.6952 120.6900 178.1779 144.9536 217.1291 1.6946 0.8319 0.5785 -20.7190 1.5510 31.7379 -2.2749 0.2438
Pedestrian -1 -1 2.4427 764.3328 168.5911 778.0306 193.3296 1.8045 0.7435 0.6552 12.5108 0.8635 52.8752 2.6690 0.2416
Pedestrian -1 -1 2.5907 701.0435 160.6626 717.6494 197.2508 1.8106 0.6274 0.5768 5.3912 0.7803 35.9479 2.7336 0.2300
Cyclist -1 -1 0.2347 216.7069 167.7463 236.3510 202.0149 1.8786 1.8945 0.5594 -21.0550 1.1255 40.3637 -0.2484 0.3147
Cyclist -1 -1 2.8431 759.6448 171.0883 776.5818 195.0286 1.7332 1.7844 0.7109 12.2869 0.9800 52.9195 3.0652 0.2587
Cyclist -1 -1 0.3210 116.0328 179.1814 146.6093 218.7348 1.6963 1.8378 0.5858 -20.7843 1.5978 31.7666 -0.2597 0.2570
Car -1 -1 -1.2791 509.9370 173.8959 566.7075 211.1328 1.5717 1.5780 3.6200 -2.7825 1.2517 32.2480 -1.3696 0.5381
Car -1 -1 2.9955 326.0419 179.7979 372.1273 210.5914 1.5459 3.7047 1.7695 -13.4324 1.4613 38.1102 2.6537 0.4500
Car -1 -1 1.6104 0.0000 189.7489 55.6078 252.5863 1.4855 1.6187 3.5672 -15.7994 1.7313 19.3935 0.9282 0.4402
Car -1 -1 1.9842 393.2190 175.6106 445.5851 196.0426 1.6891 3.9189 1.7216 -15.2961 1.2027 60.5475 1.7328 0.4334
Car -1 -1 -0.5174 563.9234 179.5979 614.6416 203.2146 1.5299 3.9194 1.7007 -0.8559 1.4074 48.6505 -0.5399 0.2694
Car -1 -1 -2.9018 724.6735 173.2383 770.7212 201.2744 1.5709 4.1193 1.7635 8.7012 1.1088 42.4855 -2.7060 0.2385
