Pedestrian -1 -1 0.9613 874.8076 175.0883 931.7591 247.7602 1.6415 0.9605 0.7702 6.7743 1.6954 16.8109 1.3375 0.5456
Pedestrian -1 -1 2.5463 962.0295 167.4828 1015.6544 248.8579 1.6925 0.8655 0.6383 8.0609 1.5812 15.4735 3.0182 0.4748
Pedestrian -1 -1 2.7932 572.6780 174.5372 590.8317 210.0063 1.7778 0.8314 0.6793 -1.4784 1.8651 36.7251 2.7527 0.4518
Pedestrian -1 -1 2.9842 264.8922 164.6303 293.6907 225.9371 1.8016 0.7841 0.6748 -10.0029 1.5603 21.7137 2.5568 0.3557
Pedestrian -1 -1 2.5177 808.7020 172.2017 832.5145 207.7581 1.7316 0.8625 0.7701 10.3702 1.7002 35.6712 2.7979 0.2462
Pedestrian -1 -1 0.9586 1070.8600 152.1819 1142.3982 255.2445 1.7396 0.7813 0.6639 8.5496 1.3911 12.5177 1.5464 0.2449
Cyclist -1 -1 -3.0090 660.2090 173.5993 687.2342 230.7448 1.7862 1.9410 0.6361 2.0549 1.8120 23.5933 -2.9240 0.6456
Cyclist -1 -1 1.3034 841.9681 175.0521 928.7905 245.8118 1.7367 1.9103 0.7603 6.8694 1.7939 18.1968 1.6582 0.3424
Cyclist -1 -1 1.3392 801.0436 169.8467 843.9836 205.1656 1.7250 1.8922 0.8491 10.4662 1.5785 35.7094 1.6217 0.2829
Cyclist -1 -1 -0.3170 609.9525 179.4859 624.1398 201.1792 1.6819 1.7684 0.6059 0.5289 2.2189 57.4458 -0.3084 0.2743
Cyclist -1 -1 -3.7412 1138.8087 149.2815 1242.0000 278.1367 1.8178 1.8756 0.5977 9.0425 1.4856 11.1325 -3.0724 0.2729
Car -1 -1 2.1121 315.5944 181.2766 407.7980 216.9509 1.5174 3.5087 1.7934 -11.2003 1.9120 32.5220 1.7825 0.5356
Car -1 -1 0.2423 390.3029 170.6662 490.0811 236.6565 1.6199 4.0916 1.7081 -4.5608 1.5666 19.7700 0.0179 0.5216
Car -1 -1 -0.2134 710.4097 177.2726 742.8337 198.3515 1.5197 3.6285 1.6846 8.7683 1.8662 54.6557 -0.0556 0.3754
Car -1 -1 2.1740 254.7429 183.2113 373.1490 226.5501 1.4818 3.7140 1.7015 -10.8763 1.8800 26.4847 1.7874 0.3298
Car -1 -1 -2.3083 132.7343 177.2233 248.9808 221.3005 1.5586 3.7460 1.6593 -16.1591 1.7406 27.9526 -2.8285 0.3216
Car -1 -1 -2.7840 720.5291 182.8180 854.9953 259.2315 1.5064 2.9287 2.1028 4.0724 1.7594 16.4931 -2.5470 0.2752
Car -1 -1 2.4425 697.7070 176.9443 740.5845 195.8116 1.5303 3.6548 1.6318 9.2271 1.8898 61.3653 2.5906 0.2555
Car -1 -1 1.5532 725.9971 175.8542 763.6779 210.1472 1.5261 1.6741 3.9118 6.3665 1.6786 34.5334 1.7334 0.2530
