Pedestrian -1 -1 3.4187 3.3471 172.3142 84.8605 305.4272 1.7300 0.8428 0.6678 -7.7832 1.7234 9.8896 2.7648 0.8488
Pedestrian -1 -1 2.4544 824.6786 178.6146 920.5915 312.0403 1.6522 0.8968 0.8016 3.4009 1.7332 9.5402 2.7858 0.6670
Pedestrian -1 -1 1.7038 51.8111 156.8675 137.8663 315.7500 1.8393 0.7591 0.7601 -6.3531 1.6546 8.8619 1.0957 0.6435
Pedestrian -1 -1 1.2217 860.2369 145.8045 996.2604 356.5237 1.7933 0.9037 0.7831 2.7941 1.5635 6.5459 1.6078 0.6155
Pedestrian -1 -1 0.9818 987.4628 142.4661 1126.4381 330.6885 1.8622 1.0002 0.7199 4.5764 1.5619 7.5255 1.5100 0.5840
Pedestrian -1 -1 3.2612 185.1776 169.0171 223.7566 246.8450 1.7596 0.9037 0.6796 -9.5111 1.6733 16.8576 2.7539 0.5706
Pedestrian -1 -1 -2.4222 104.4676 146.5068 194.3593 286.7618 1.8840 0.8505 0.6723 -6.5201 1.5305 10.1632 -2.9811 0.5570
Pedestrian -1 -1 -0.5968 843.8627 173.7338 877.3098 223.9962 1.6973 0.8667 0.7265 8.5945 1.7286 24.8943 -0.2686 0.5290
Pedestrian -1 -1 3.3273 299.9162 178.9449 334.2784 233.9171 1.6973 0.9449 0.8515 -9.3473 1.8959 22.9426 2.9440 0.5020
Pedestrian -1 -1 -0.6649 908.6464 142.4875 1007.1936 305.0771 1.7932 0.8379 0.6556 3.9934 1.4586 8.4391 -0.2372 0.4486
Pedestrian -1 -1 3.1874 428.5240 164.6853 454.8299 228.9515 1.8118 0.8166 0.7023 -4.8926 1.5819 20.8045 2.9587 0.3195
Pedestrian -1 -1 3.2569 170.8683 181.8289 208.9162 255.0888 1.7358 0.8074 0.7172 -10.3610 1.9631 17.7314 2.7343 0.2808
Pedestrian -1 -1 3.1194 411.3098 164.4015 441.3033 238.8155 1.8128 0.9633 0.7089 -4.6737 1.6072 18.1335 2.8701 0.2787
Pedestrian -1 -1 -1.2324 584.5238 171.2690 598.8787 195.9847 1.8131 0.9050 0.6272 -1.3792 1.6972 53.3664 -1.2585 0.2775
Pedestrian -1 -1 2.4153 927.3339 176.9126 1030.3330 310.4892 1.6370 0.9246 0.7763 4.7400 1.6935 9.4233 2.8678 0.2643
Pedestrian -1 -1 -1.3459 646.1617 171.4823 657.3874 195.3033 1.7271 0.6992 0.6180 3.0255 1.6280 52.7049 -1.2893 0.2642
Cyclist -1 -1 -2.9471 611.5183 170.5716 633.7302 214.5155 1.7925 1.9438 0.5764 0.5051 1.6998 30.4407 -2.9313 0.5029
Cyclist -1 -1 3.2779 406.9625 167.2912 443.1813 243.4716 1.8194 1.7685 0.6466 -4.6768 1.6869 18.1443 3.0285 0.4960
Cyclist -1 -1 0.2945 426.9313 167.0307 460.2775 229.7954 1.7519 1.7353 0.4625 -4.8751 1.5897 21.0182 0.0688 0.4551
Cyclist -1 -1 3.4706 291.8250 178.7675 338.9346 234.6628 1.6923 1.8939 0.8199 -9.4133 1.8893 23.0162 3.0860 0.3222
Cyclist -1 -1 0.5032 259.7014 178.7267 287.2618 210.2301 1.7344 1.8103 0.6218 -19.1367 2.0759 40.9902 0.0686 0.3207
Cyclist -1 -1 3.2189 453.7409 176.3033 467.3293 208.6361 1.6596 1.8743 0.5622 -7.9418 1.8472 38.2037 3.0149 0.3153
Cyclist -1 -1 -0.1860 585.2839 170.5681 597.7161 195.0659 1.7827 1.8098 0.5937 -1.4048 1.6167 53.4508 -0.2126 0.3007
Cyclist -1 -1 -0.5369 863.3381 175.5221 899.3153 220.0097 1.5999 1.6643 0.4615 10.0572 1.7030 26.9093 -0.1834 0.2708
Cyclist -1 -1 1.4657 781.4142 175.1779 835.1577 220.1984 1.7262 1.9554 0.7733 7.7024 1.8192 28.2529 1.7286 0.2684
Cyclist -1 -1 1.3294 917.4546 173.8365 1084.1909 312.1358 1.6630 1.7619 0.6412 4.8682 1.6766 9.1947 1.8021 0.2649
Cyclist -1 -1 -1.1878 345.4738 177.5061 386.3563 212.0472 1.8112 1.9174 0.7545 -13.0113 2.0618 38.3792 -1.5130 0.2622
Car -1 -1 0.0167 513.1871 170.1079 555.4034 211.1087 1.6812 4.2804 1.7263 -3.3388 1.5690 31.7909 -0.0876 0.4077
Car -1 -1 2.0632 433.0884 175.1100 497.6911 201.1905 1.5574 3.4832 1.8084 -8.9744 1.7018 44.6932 1.8658 0.3862
Car -1 -1 -1.7428 713.1836 176.5261 774.2938 218.6591 1.5126 1.7213 3.5854 5.0734 1.6646 28.0102 -1.5661 0.3670
Car -1 -1 -0.8323 12.3213 170.9446 106.5030 198.8739 1.5361 4.0278 1.8717 -31.1176 1.4315 40.7950 -1.4809 0.3670
Car -1 -1 2.0477 317.7031 179.5875 392.8645 207.5077 1.4568 3.5048 1.6039 -13.8400 1.8325 39.1816 1.7100 0.3491
