Pedestrian -1 -1 -0.5415 763.0538 151.7781 821.0850 262.6201 1.8005 0.7172 0.6666 3.1614 1.3190 12.1060 -0.2968 0.5110
Pedestrian -1 -1 2.3610 1100.6936 132.4679 1238.0000 374.0000 1.7654 0.7478 0.6599 3.7262 1.4832 4.5660 3.0121 0.4251
Pedestrian -1 -1 -0.1510 121.5498 148.7795 188.1912 279.5112 1.8533 0.8741 0.7251 -6.7322 1.3907 10.7484 -0.7051 0.3867
Pedestrian -1 -1 -3.0014 502.0872 165.0350 522.7547 213.6937 1.8752 0.7434 0.7082 -3.4906 1.2417 28.0565 -3.1292 0.3526
Pedestrian -1 -1 3.1108 457.2793 175.9087 474.6249 215.9767 1.7058 0.6960 0.7109 -5.8645 1.4688 30.9969 2.9202 0.3385
Pedestrian -1 -1 3.2101 273.1092 149.4902 340.2727 312.4922 1.8213 0.8852 0.6803 -3.5321 1.4650 8.5503 2.8231 0.3337
Pedestrian -1 -1 3.3133 441.9999 173.3705 466.0574 226.8207 1.7393 0.6757 0.6760 -4.8878 1.4759 23.7220 3.1070 0.3053
Pedestrian -1 -1 0.2955 373.1854 173.9278 406.1979 235.8528 1.7251 0.7987 0.7003 -6.0381 1.5153 20.4107 0.0060 0.3030
Pedestrian -1 -1 2.6185 804.3253 155.9220 933.5473 362.6327 1.7467 0.8906 0.7528 2.3675 1.5319 6.5774 2.9455 0.2912
Pedestrian -1 -1 2.6092 557.9341 163.2885 573.1741 194.6412 1.8734 0.6863 0.6611 -2.1651 0.7860 43.3886 2.5547 0.2884
Pedestrian -1 -1 3.0662 531.8466 166.8689 547.2229 206.5186 1.8242 0.6980 0.6587 -2.8965 1.1520 33.4457 2.9754 0.2746
Pedestrian -1 -1 1.4201 613.6164 173.6266 641.4319 225.0250 1.7111 0.8518 0.6207 0.8522 1.4501 24.2715 1.4496 0.2305
Cyclist -1 -1 3.2676 321.6187 139.1146 385.4717 288.7478 1.8325 1.9032 0.5865 -3.3794 1.3148 9.7859 2.9376 0.3876
Cyclist -1 -1 0.3180 398.1147 158.5027 457.1449 245.0678 1.8370 1.8788 0.7499 -3.9209 1.3502 16.2070 0.0790 0.3523
Cyclist -1 -1 -2.9777 575.0456 168.4563 586.4355 192.5717 1.7705 1.8816 0.5620 -1.5217 0.8134 53.7043 -3.0108 0.3136
Cyclist -1 -1 -0.1490 783.7964 139.8210 903.4065 367.8448 1.7814 1.8519 0.7083 2.0871 1.4572 6.5759 0.1410 0.3054
Cyclist -1 -1 0.1294 372.9291 172.4369 404.2088 237.1304 1.7632 1.8387 0.6321 -6.0944 1.5173 20.5332 -0.1610 0.2998
Cyclist -1 -1 2.0846 175.1266 175.7949 300.1645 267.9681 1.7037 1.9871 0.8212 -6.9636 1.5995 13.7316 1.6174 0.2844
Cyclist -1 -1 0.4122 49.9360 148.8412 148.3221 281.5759 1.8032 1.7943 0.5161 -7.4546 1.3609 10.6859 -0.1909 0.2659
Cyclist -1 -1 -0.0997 432.3661 176.2107 451.3510 219.5942 1.6180 1.6512 0.5434 -6.1733 1.4218 27.6574 -0.3225 0.2583
Cyclist -1 -1 -0.1217 110.4189 184.8928 161.8513 279.6369 1.7080 1.8433 0.6159 -9.0735 1.7792 13.9160 -0.6965 0.2317
Car -1 -1 1.6363 474.9326 180.8677 583.3380 272.2575 1.5358 1.8213 3.8967 -1.3205 1.5265 14.0458 1.5387 0.7042
Car -1 -1 -2.8120 0.0000 0.0000 1198.7887 374.0000 1.5338 1.7113 4.0146 2.4615 1.6261 1.2931 -1.8117 0.3431
Car -1 -1 2.3759 958.2750 111.2211 1238.0000 237.2074 1.5735 3.4858 1.6758 7.2687 0.6971 10.8391 2.9505 0.3129
Car -1 -1 3.0314 345.6486 171.4554 410.2848 222.5393 1.5928 3.8988 1.6638 -7.7160 1.2807 24.5138 2.7244 0.2306
