Pedestrian -1 -1 3.3703 337.8408 180.9788 388.0505 262.9123 1.6712 0.8630 0.8309 -5.2664 1.8489 15.2783 3.0430 0.7151
Pedestrian -1 -1 1.7746 289.7558 170.4323 348.5608 271.2993 1.7380 0.8568 0.6357 -5.2038 1.6966 12.8173 1.3955 0.4035
Pedestrian -1 -1 -0.9526 460.4746 174.5764 471.4757 194.7899 1.7591 0.7394 0.5932 -12.6525 1.9115 63.2825 -1.1494 0.3277
Pedestrian -1 -1 0.0450 1098.3971 156.4165 1119.3571 206.0999 1.8490 1.0273 0.6167 18.9380 1.2376 27.4453 0.6437 0.3066
Pedestrian -1 -1 -1.2871 393.8834 180.1865 405.0238 204.4527 1.6866 0.5738 0.7187 -14.8280 2.2061 50.7229 -1.5705 0.2980
Pedestrian -1 -1 -0.3180 933.3928 164.8976 953.0331 202.3719 1.8615 0.8929 0.6475 16.7296 1.4667 36.3192 0.1102 0.2745
Pedestrian -1 -1 -1.5175 403.7955 180.3066 416.7812 202.8919 1.7664 0.9546 0.7309 -15.8513 2.3622 57.1912 -1.7870 0.2411
Cyclist -1 -1 2.8199 390.3334 182.2546 407.5922 207.5392 1.7210 1.8343 0.6163 -14.8736 2.3944 50.7280 2.5358 0.4226
Cyclist -1 -1 0.2354 126.4487 190.3575 140.2170 214.0807 1.7024 1.6211 0.4914 -35.6088 3.0302 53.8703 -0.3466 0.3634
Cyclist -1 -1 -1.4218 394.7937 179.2655 419.7894 202.4158 1.8134 1.8341 0.6308 -16.0826 2.3257 57.1806 -1.6951 0.3193
Cyclist -1 -1 -2.6797 282.0312 154.5032 364.5085 257.0417 1.7713 1.7292 0.7171 -5.3123 1.4546 13.3546 -3.0520 0.2426
Cyclist -1 -1 -0.2679 465.8138 179.0649 480.1159 201.6844 1.7188 1.7486 0.6554 -10.7185 2.2116 56.2660 -0.4557 0.2106
Car -1 -1 -2.2253 143.4837 176.5573 344.6736 261.6253 1.5696 3.3968 1.8621 -7.7142 1.6590 15.4142 -2.6828 0.4575
Car -1 -1 -0.7330 161.4991 185.6924 219.5978 208.7474 1.4888 3.0094 1.9320 -28.7975 2.3949 49.5150 -1.2576 0.3229
Car -1 -1 -2.8067 560.2975 179.5549 596.6172 200.1624 1.5118 3.6171 1.7359 -2.4452 2.0526 56.2014 -2.8504 0.3089
Car -1 -1 1.0590 796.0860 166.8582 892.0723 205.2234 1.5747 3.3387 2.0519 9.9580 1.3290 30.9551 1.3671 0.3025
Car -1 -1 -1.5208 655.6403 173.0429 751.6186 212.3584 1.6219 3.9782 1.7220 3.9959 1.6307 30.9715 -1.3942 0.2587
Car -1 -1 -0.2031 296.2831 174.3605 331.3208 196.7556 1.5379 3.5528 1.6424 -21.2925 1.6503 51.7369 -0.5920 0.2541
Car -1 -1 1.3520 1088.9781 170.6344 1174.2897 196.6230 1.5495 3.9770 1.7834 32.1306 1.4176 44.6169 1.9728 0.2426
Car -1 -1 1.5337 902.6116 164.1259 964.9212 189.3449 1.6538 3.7770 1.7009 21.8063 1.0818 48.8046 1.9514 0.2325
