Pedestrian -1 -1 2.5511 692.0203 166.6805 712.8516 204.4601 1.8725 0.8221 0.6987 4.6080 1.5669 36.2841 2.6759 0.3913
Pedestrian -1 -1 2.5314 701.1442 161.8214 720.1018 201.8961 1.8365 0.6209 0.6284 4.6287 1.3313 33.4829 2.6672 0.2946
Pedestrian -1 -1 1.5993 711.6184 152.0836 770.7078 269.4079 1.7845 0.8914 0.6603 2.0194 1.4689 11.3834 1.7694 0.2595
Pedestrian -1 -1 -1.1281 534.5490 174.8681 546.3408 197.6882 1.7816 0.7049 0.6725 -5.5031 1.9418 56.8402 -1.2246 0.2500
Pedestrian -1 -1 2.0332 28.1261 162.9301 116.9515 290.3636 1.7712 0.8132 0.6719 -7.7963 1.6336 10.4250 1.4031 0.1992
Pedestrian -1 -1 2.9287 161.4911 174.0536 234.3936 315.2254 1.6892 0.8740 0.6403 -5.3038 1.7057 9.1795 2.4167 0.1880
Cyclist -1 -1 -3.6253 1105.4108 141.0621 1230.0510 285.9482 1.7929 1.9182 0.4830 7.5237 1.3998 9.9103 -2.9907 0.5192
Cyclist -1 -1 -0.4894 682.8563 169.9733 711.1702 205.7217 1.7591 1.8336 0.6281 4.3465 1.6177 36.4714 -0.3722 0.3110
Cyclist -1 -1 -0.1963 534.1989 176.9360 545.7044 198.8562 1.6908 1.7333 0.5744 -5.5558 2.0183 56.9058 -0.2936 0.2890
Cyclist -1 -1 3.6145 76.4283 162.3387 215.4214 326.3344 1.7626 1.8867 0.5971 -5.5698 1.6499 8.7168 3.0593 0.2520
Cyclist -1 -1 2.3616 0.0000 157.2088 127.3163 280.5628 1.7099 1.8880 0.7024 -8.1929 1.4934 10.4776 1.7101 0.2095
Cyclist -1 -1 -0.5511 704.2567 163.8775 740.4303 208.4931 1.8072 1.8843 0.5915 4.6435 1.4440 30.2073 -0.4005 0.1896
Cyclist -1 -1 -2.8656 544.3214 174.9679 555.7436 193.8449 1.7274 1.8509 0.5793 -5.5977 1.9275 67.2045 -2.9488 0.1848
Cyclist -1 -1 1.4867 665.7921 167.3138 789.6070 275.3060 1.6836 1.9145 0.7904 1.8176 1.5976 11.7027 1.6358 0.1836
Cyclist -1 -1 -0.8623 1079.4558 92.4512 1242.0000 366.5568 1.7426 1.7598 0.7542 4.5919 1.2318 5.5205 -0.1945 0.1804
Car -1 -1 1.5980 515.5529 187.1974 560.0247 229.2077 1.5255 1.6968 3.9699 -2.9516 2.1556 29.6333 1.4988 0.6763
Car -1 -1 -2.4820 0.0000 0.0000 1151.6328 375.0000 1.5595 1.6896 4.0006 2.1489 1.6652 1.7244 -1.6682 0.3087
Car -1 -1 -0.6804 585.9094 182.2713 631.8276 202.9874 1.5124 3.4065 1.8495 -0.1372 2.2726 56.3100 -0.6834 0.2862
Car -1 -1 -1.8908 628.0916 178.3627 680.6551 207.7648 1.5691 2.0586 3.2433 2.4409 1.8967 41.0230 -1.8323 0.2199
Car -1 -1 -0.3403 906.8439 156.1861 1148.1676 289.0373 1.5369 4.0264 1.6419 5.6442 1.3444 10.4537 0.1425 0.2042
Car -1 -1 -0.2718 490.6580 173.4791 533.2855 200.5479 1.6249 3.9580 1.6594 -6.2655 1.6666 45.5556 -0.4081 0.1863
