Pedestrian -1 -1 -0.6004 941.6548 131.3633 995.2099 228.4256 1.8120 0.7671 0.5893 6.8380 1.0378 13.8908 -0.1515 0.4608
Pedestrian -1 -1 2.1565 976.3169 149.7122 1016.2195 216.4092 1.8315 0.7708 0.6299 10.8166 1.1964 20.3006 2.6397 0.3206
Pedestrian -1 -1 -0.3197 371.7973 183.9625 381.7601 203.2215 1.7017 0.6323 0.6868 -20.9460 2.7057 64.7358 -0.6318 0.3012
Pedestrian -1 -1 -0.8861 1129.1172 162.6366 1212.1339 275.4567 1.7203 0.8049 0.6621 8.8431 1.5649 11.4696 -0.2423 0.2138
Pedestrian -1 -1 2.2976 960.9888 161.9278 1007.5991 228.3763 1.7373 0.8696 0.6947 10.0050 1.4520 19.3940 2.7672 0.2114
Pedestrian -1 -1 1.1660 509.5795 170.0079 528.2715 195.7006 1.8332 1.1825 0.6374 -6.5985 1.6305 52.0539 1.0402 0.1861
Cyclist -1 -1 -0.5120 886.4722 173.3945 988.5292 286.9604 1.7510 1.9979 0.6433 5.3998 1.7612 12.1590 -0.1041 0.6071
Cyclist -1 -1 -0.0867 372.0124 183.9084 381.2824 203.9640 1.7436 1.8906 0.6310 -20.9883 2.7523 64.8165 -0.3990 0.2096
Cyclist -1 -1 -0.7304 964.2244 148.7481 1029.3529 214.3237 1.7815 1.7695 0.5955 10.9239 1.1269 20.5297 -0.2476 0.1999
Cyclist -1 -1 -0.6363 952.3866 161.3959 1018.4006 226.7398 1.6724 1.7075 0.6796 9.9909 1.3795 19.3620 -0.1666 0.1890
Cyclist -1 -1 -3.5837 936.6991 144.0250 1003.6656 242.1161 1.7836 1.6271 0.4898 6.8671 1.2598 13.9325 -3.1346 0.1832
Cyclist -1 -1 -0.8141 1007.8130 159.8930 1097.3010 233.6197 1.6572 1.8418 0.6831 10.4494 1.3662 17.1944 -0.2761 0.1778
Cyclist -1 -1 -0.1644 512.1965 171.2859 524.6335 195.5085 1.7192 1.7400 0.6135 -6.6517 1.6083 52.1303 -0.2910 0.1711
Cyclist -1 -1 0.2228 99.7033 184.1751 117.2032 209.2972 1.7867 1.8858 0.6570 -37.0044 2.6377 53.2108 -0.3827 0.1652
Car -1 -1 -1.4744 588.3009 181.5224 634.8458 220.8241 1.5291 1.6368 3.8443 0.0856 1.9252 30.9432 -1.4724 0.5744
Car -1 -1 -1.0388 151.1573 188.3815 227.6617 213.2437 1.6408 4.2071 1.8341 -28.9589 2.7310 49.7088 -1.5642 0.3391
Car -1 -1 3.1335 509.0584 178.9375 539.7229 209.3532 1.6313 3.7012 1.6707 -4.9644 1.9973 41.4146 3.0145 0.2653
Car -1 -1 -2.8357 429.2434 188.7744 463.0247 208.7650 1.4840 3.5182 1.6795 -13.2231 2.8108 58.2883 -3.0582 0.1925
Car -1 -1 0.0965 82.1148 191.4911 116.8707 213.7021 1.5037 3.8312 1.7749 -38.5248 2.9657 54.4813 -0.5169 0.1693
Car -1 -1 -0.1158 717.4490 181.4009 743.6589 201.2064 1.4660 3.6923 1.6131 9.4499 2.1628 56.9114 0.0475 0.1643
Car -1 -1 1.9916 999.5739 173.6357 1069.4597 197.0930 1.5549 3.7987 1.7304 29.3457 1.6117 50.0105 2.5193 0.1569
Car -1 -1 3.3278 332.8244 185.3296 362.7827 203.7361 1.4443 3.8418 1.7125 -22.2945 2.5416 61.4042 2.9805 0.1561
