Pedestrian -1 -1 3.0472 555.2773 158.6870 638.0936 338.9738 1.7302 0.9350 0.7618 -0.1614 1.5226 7.2883 3.0278 0.8378
Pedestrian -1 -1 2.4899 832.5550 171.9934 876.5180 240.9574 1.6892 0.8101 0.6929 6.2403 1.4824 17.8065 2.8230 0.4556
Pedestrian -1 -1 2.9258 11.6003 169.7764 73.1057 261.8729 1.7839 0.9153 0.8036 -11.4184 1.5778 14.2921 2.2643 0.3742
Pedestrian -1 -1 1.3051 55.2139 187.9164 102.4718 248.6822 1.6903 0.9365 0.7420 -15.2183 1.9122 20.4057 0.6733 0.3606
Pedestrian -1 -1 1.4746 1121.5746 194.1225 1224.0000 370.0000 1.6785 0.7283 0.7381 4.3460 1.7932 5.3549 2.1293 0.3167
Pedestrian -1 -1 2.9573 253.4308 165.8417 305.9777 260.5713 1.7518 0.8859 0.7784 -6.3332 1.4824 13.6563 2.5337 0.3018
Pedestrian -1 -1 2.7314 641.2705 161.4775 696.0100 260.6669 1.7498 0.8477 0.7204 1.1145 1.4159 12.9847 2.8167 0.2954
Pedestrian -1 -1 -3.1120 975.5667 193.3756 1090.7164 370.0000 1.6631 0.7463 0.6912 3.1295 1.7701 5.2793 -2.6012 0.2692
Pedestrian -1 -1 2.8569 519.4705 164.3439 569.4550 262.5006 1.7306 0.8812 0.6955 -1.1669 1.4474 12.9979 2.7713 0.2252
Pedestrian -1 -1 1.3873 996.9515 166.8253 1064.7742 272.6337 1.7365 0.8798 0.6481 7.1960 1.5138 12.0528 1.9156 0.2238
Pedestrian -1 -1 -1.0615 1158.1318 142.4984 1224.0000 251.3591 1.7868 0.8360 0.6544 10.1009 1.1647 12.1096 -0.3774 0.2061
Pedestrian -1 -1 1.3609 292.1729 193.4522 327.3216 264.1035 1.7992 0.7251 0.7260 -7.8453 2.1525 18.6901 0.9708 0.2028
Pedestrian -1 -1 -0.7301 736.4150 139.6619 796.4584 246.1630 1.7923 0.8265 0.6371 2.7817 1.1067 12.4100 -0.5130 0.1958
Pedestrian -1 -1 1.9440 606.2978 177.0559 657.1531 260.8380 1.6830 0.8630 0.6951 0.5193 1.6155 14.6888 1.9802 0.1864
Pedestrian -1 -1 2.8373 529.2618 162.6135 572.4690 251.3255 1.7911 0.8998 0.6628 -1.1846 1.4316 14.8109 2.7609 0.1637
Cyclist -1 -1 3.0255 597.8138 162.0673 629.4022 235.8620 1.7628 1.7950 0.5870 0.1603 1.3241 17.8088 3.0361 0.2342
Cyclist -1 -1 1.8997 312.2122 175.8700 444.3603 287.0918 1.6881 1.8606 0.6585 -3.5722 1.6195 11.0806 1.5978 0.2190
Cyclist -1 -1 -0.7240 0.0000 168.2166 94.8931 259.2157 1.7832 1.7948 0.6189 -11.4155 1.5441 14.3204 -1.3845 0.2151
Cyclist -1 -1 1.7294 627.1508 162.4175 735.9276 260.3971 1.7302 1.9131 0.7176 1.3801 1.4126 13.0761 1.8338 0.1950
Cyclist -1 -1 -1.6732 598.1326 174.0106 687.6821 261.3702 1.7701 1.7999 0.6401 0.7291 1.6402 14.6879 -1.6231 0.1838
Cyclist -1 -1 -1.1308 279.6902 197.2344 356.3071 267.9235 1.8113 1.7464 0.7050 -7.6160 2.2654 18.7084 -1.5103 0.1830
Cyclist -1 -1 0.4488 82.5881 197.7139 121.7599 254.1361 1.6757 1.5500 0.3611 -15.8522 2.2389 22.2722 -0.1616 0.1800
Cyclist -1 -1 0.0146 258.2199 165.5536 298.6869 261.3891 1.7327 1.7543 0.6717 -6.3539 1.4641 13.7166 -0.4087 0.1774
Cyclist -1 -1 -0.4566 875.1635 157.9483 962.8629 270.8456 1.7769 1.8422 0.5936 5.2569 1.4236 12.0589 -0.0534 0.1646
Car -1 -1 -2.1414 1167.5262 181.4003 1224.0000 370.0000 1.5523 1.6881 3.9285 6.5335 1.5640 5.7481 -1.3178 0.2796
Car -1 -1 0.1744 34.0157 187.2177 112.4905 232.8593 1.5083 3.6195 1.6719 -19.4284 1.7753 25.9399 -0.4609 0.2137
Car -1 -1 0.1333 532.7848 161.8547 613.3113 227.8898 1.6373 4.1456 1.6824 -0.8110 1.1766 19.6691 0.0946 0.1824
