Pedestrian -1 -1 2.0754 1114.3463 137.7043 1163.6172 214.9589 1.8538 0.7744 0.6286 12.9921 1.0107 17.7955 2.6980 0.3051
Pedestrian -1 -1 2.8941 542.8312 161.3788 562.7484 206.3961 1.8206 0.7362 0.6540 -2.3948 1.3569 29.6312 2.8137 0.2839
Pedestrian -1 -1 0.0268 131.9095 158.0948 159.9716 224.2028 1.8393 0.8467 0.6485 -13.2893 1.4290 20.6025 -0.5404 0.2588
Pedestrian -1 -1 1.6831 119.3806 180.8385 144.0732 220.4769 1.6683 0.8191 0.6223 -20.5929 2.0170 31.0145 1.1008 0.2379
Pedestrian -1 -1 -0.5207 885.2323 167.6508 910.0800 212.6637 1.7660 0.7168 0.6454 11.3984 1.5622 28.7076 -0.1467 0.1915
Pedestrian -1 -1 -0.5878 969.5255 165.2549 1004.4074 222.9714 1.7758 0.7556 0.6580 11.7598 1.5424 22.6100 -0.1140 0.1698
Cyclist -1 -1 -0.4156 530.9722 164.3546 560.9973 207.6093 1.7275 1.6663 0.6071 -2.6882 1.3884 29.6902 -0.5056 0.2327
Cyclist -1 -1 0.1958 119.7064 180.9727 144.9905 220.8413 1.6463 1.7636 0.5723 -20.6095 2.0069 31.0927 -0.3858 0.1975
Cyclist -1 -1 -3.7008 1060.1136 179.4506 1126.7404 259.4664 1.5172 1.4675 0.3795 9.6567 1.6573 14.5372 -3.1244 0.1948
Cyclist -1 -1 -0.4026 891.0770 163.2099 933.1973 219.7653 1.7720 1.7861 0.6025 9.7707 1.4702 23.5014 -0.0135 0.1791
Cyclist -1 -1 3.0003 599.8535 176.8460 618.0566 212.9205 1.7651 1.8618 0.6605 -0.1014 1.9727 36.4857 2.9969 0.1717
Cyclist -1 -1 2.7954 642.5387 176.8334 657.1241 197.9979 1.7551 1.8058 0.6579 3.3458 2.0981 61.1534 2.8494 0.1633
Cyclist -1 -1 -0.6925 1061.1337 159.9993 1145.2115 241.5649 1.7842 1.7792 0.5940 11.3143 1.5033 16.6961 -0.1056 0.1624
Cyclist -1 -1 -0.6517 957.7296 164.8456 1012.2297 223.1957 1.7655 1.7598 0.5629 11.7454 1.5236 22.7455 -0.1808 0.1609
Car -1 -1 2.6681 499.3560 177.5293 540.6313 197.7183 1.5154 3.7780 1.7055 -7.1844 1.8993 57.1438 2.5432 0.2502
Car -1 -1 -0.1478 154.6743 181.1645 198.2119 209.4817 1.5769 4.0827 1.6725 -26.2192 2.1029 43.5240 -0.6875 0.2402
Car -1 -1 -0.2975 750.4179 177.1992 789.0984 199.2359 1.5093 3.8857 1.6546 11.4830 1.8362 52.2118 -0.0826 0.2297
Car -1 -1 0.1587 601.8387 174.8265 630.3596 194.7792 1.5124 3.6759 1.6977 0.4901 1.6740 57.0289 0.1669 0.2090
Car -1 -1 0.4145 410.4553 179.3315 473.2702 211.0986 1.4895 3.9727 1.6559 -8.5339 1.8391 36.7944 0.1877 0.2062
Car -1 -1 -0.5067 538.8848 177.0898 598.7329 206.8487 1.5292 3.8015 1.6424 -2.3505 1.7747 39.7022 -0.5660 0.1846
Car -1 -1 2.8322 748.9581 177.4750 796.7623 204.1923 1.5200 4.0268 1.6718 9.8008 1.8145 43.8484 3.0502 0.1803
Car -1 -1 -0.0142 421.6161 173.1020 448.3542 197.5834 1.5503 3.7821 1.6548 -11.6431 1.5678 47.7682 -0.2523 0.1779
Car -1 -1 2.3814 335.1704 178.1489 401.8225 204.7235 1.4924 3.7376 1.6143 -14.3483 1.8181 42.7421 2.0591 0.1674
Car -1 -1 -0.6222 618.2754 175.6907 659.1636 194.2851 1.5415 3.7090 1.6858 2.4330 1.7952 62.4385 -0.5838 0.1612
