Pedestrian -1 -1 0.0492 204.8742 148.2168 238.5181 231.2232 1.8154 0.8515 0.6248 -8.8090 1.2769 16.2956 -0.4398 0.5270
Pedestrian -1 -1 -0.0838 28.6858 179.9882 58.6042 240.1625 1.7613 0.7489 0.6515 -17.1068 1.9815 21.7306 -0.7449 0.3718
Pedestrian -1 -1 -0.0835 868.2709 161.3892 895.8290 225.0314 1.8000 0.7831 0.6771 7.8147 1.4761 20.8723 0.2696 0.2957
Pedestrian -1 -1 2.0541 1075.9188 144.5333 1117.4740 210.2245 1.8919 0.8004 0.6660 14.3094 1.0766 21.2888 2.6393 0.2908
Pedestrian -1 -1 1.8272 1060.8424 149.7895 1083.3623 192.8074 1.8919 0.7193 0.6014 20.5818 0.8779 32.1983 2.3917 0.2785
Pedestrian -1 -1 3.0400 0.0000 165.2095 37.8201 244.2293 1.8425 0.8988 0.6698 -14.3202 1.6646 17.3762 2.3581 0.2682
Pedestrian -1 -1 -2.0674 504.0675 171.8669 516.9346 194.3120 1.8013 0.8560 0.5856 -8.0765 1.7224 58.3916 -2.2045 0.2431
Pedestrian -1 -1 0.5152 799.3021 188.4828 847.1655 264.8408 1.7191 0.8610 0.7628 4.9911 2.1012 17.0502 0.7941 0.2104
Cyclist -1 -1 -3.5230 1031.3854 155.0737 1107.0834 254.5965 1.7283 1.9009 0.4983 8.4952 1.4199 13.5064 -2.9719 0.3495
Cyclist -1 -1 -3.7925 1150.8723 161.0788 1242.0000 287.8675 1.7393 1.9514 0.5895 9.1064 1.5781 10.8798 -3.1095 0.3029
Cyclist -1 -1 2.3952 103.3215 175.8006 185.7560 244.3786 1.7862 1.9243 0.7711 -12.5957 1.8685 19.4597 1.8268 0.2967
Cyclist -1 -1 0.4964 0.0000 191.1843 44.1565 247.2191 1.7848 1.9297 0.6651 -20.3164 2.4371 24.6505 -0.1878 0.2589
Cyclist -1 -1 -3.0613 767.2781 177.3606 778.8508 204.6146 1.6389 1.6582 0.5707 10.0422 1.9230 44.5519 -2.8415 0.2496
Cyclist -1 -1 -3.5312 978.6063 164.6605 1025.6925 220.9138 1.7536 1.8295 0.6878 12.6613 1.4985 23.4340 -3.0415 0.2461
Cyclist -1 -1 -1.0525 772.0077 165.0493 806.8036 196.4565 1.7937 1.9301 0.5877 10.4191 1.3483 42.0820 -0.8117 0.2302
Cyclist -1 -1 0.0483 451.8707 172.9834 464.2882 203.4012 1.7837 1.7840 0.6436 -9.1321 1.7920 43.2488 -0.1589 0.2077
Car -1 -1 3.2060 539.7028 179.7935 572.1532 207.6658 1.4848 3.3552 1.6265 -3.0668 1.8954 40.9612 3.1312 0.6102
Car -1 -1 3.0988 328.5319 185.3954 371.1308 222.2522 1.4939 3.9034 1.6546 -11.9138 2.1014 32.8058 2.7526 0.3567
Car -1 -1 -0.5030 502.5373 182.9372 540.9517 201.6378 1.5131 3.7839 1.6902 -7.7058 2.4166 62.5939 -0.6254 0.3339
Car -1 -1 1.4785 687.3968 179.6967 750.0133 204.9850 1.4938 3.6357 1.7214 6.5694 1.9215 44.0965 1.6249 0.2731
Car -1 -1 2.7139 657.7025 178.8777 715.2039 209.0813 1.5138 3.8387 1.6396 4.0423 1.8578 39.0717 2.8157 0.2643
Car -1 -1 -0.4679 660.3313 178.1399 700.7131 199.0267 1.5012 3.5889 1.5995 5.2924 1.9174 54.8104 -0.3726 0.2629
Car -1 -1 2.8027 469.0269 179.8227 502.3998 198.9317 1.5384 3.7855 1.6416 -10.6687 2.1539 61.6368 2.6317 0.2155
