Pedestrian -1 -1 1.4064 54.6332 188.4339 98.0200 248.9629 1.6835 0.9023 0.7105 -15.2742 1.9202 20.3804 0.7723 0.4655
Pedestrian -1 -1 1.0146 892.3384 157.9298 986.8876 299.7014 1.7319 0.9271 0.5637 4.1853 1.4579 8.9728 1.4394 0.4496
Pedestrian -1 -1 -0.3287 835.1547 172.7103 874.4667 241.6909 1.6975 0.8303 0.6988 6.2459 1.5074 17.8113 0.0046 0.3388
Pedestrian -1 -1 -1.8143 1117.2258 193.8313 1224.0000 370.0000 1.6816 0.6902 0.7317 4.3446 1.7933 5.3569 -1.1600 0.3336
Pedestrian -1 -1 2.8716 516.7831 164.0073 566.6131 262.7844 1.7405 0.8832 0.7012 -1.2173 1.4515 12.9902 2.7822 0.2910
Pedestrian -1 -1 2.7059 642.9079 163.2303 696.8442 261.1122 1.7322 0.8277 0.7028 1.1410 1.4282 13.0166 2.7930 0.2590
Pedestrian -1 -1 3.0096 13.0460 175.7242 70.9525 263.9348 1.7156 0.8588 0.8210 -11.4645 1.6243 14.3399 2.3476 0.2588
Pedestrian -1 -1 1.0969 968.6907 189.2132 1131.8975 370.0000 1.6506 0.7972 0.7114 3.2696 1.7228 5.3403 1.6219 0.2464
Pedestrian -1 -1 2.9856 253.5683 165.6039 305.5282 259.4160 1.7386 0.8788 0.7922 -6.3489 1.4642 13.6834 2.5618 0.2256
Pedestrian -1 -1 -0.8703 990.4521 163.0999 1068.1790 272.3927 1.7780 0.9064 0.6839 7.1659 1.4965 12.0391 -0.3433 0.2150
Pedestrian -1 -1 0.9543 811.9024 168.0450 871.4967 257.8773 1.7245 0.9470 0.5992 4.6385 1.4871 13.9952 1.2693 0.1545
Cyclist -1 -1 -0.4296 851.4178 174.4160 942.7744 298.7751 1.6696 1.8158 0.5063 4.1974 1.5896 10.4084 -0.0552 0.2627
Cyclist -1 -1 -0.5000 643.1100 161.7463 720.8997 262.9259 1.7585 1.8836 0.6127 1.3614 1.4342 13.2703 -0.3984 0.2536
Cyclist -1 -1 0.0169 259.0643 163.2796 299.4364 260.8962 1.7704 1.8340 0.6698 -6.3717 1.4597 13.7930 -0.4054 0.2254
Cyclist -1 -1 -0.7047 1126.0260 143.7002 1224.0000 250.9403 1.7304 1.7965 0.6611 10.0454 1.1382 12.3117 -0.0313 0.2136
Cyclist -1 -1 1.4702 683.8326 160.6206 760.1330 231.2967 1.7655 1.8633 0.6294 2.9265 1.2705 18.0270 1.6301 0.2112
Cyclist -1 -1 1.8416 306.6205 176.2454 448.0898 285.2919 1.6466 1.9777 0.7703 -3.5758 1.5840 11.0872 1.5396 0.2056
Cyclist -1 -1 -0.8766 0.0000 172.9409 99.5950 262.8848 1.7805 1.8353 0.6310 -11.4246 1.6325 14.3376 -1.5369 0.2039
Cyclist -1 -1 -0.0804 520.1434 162.1039 561.0381 266.2816 1.7794 1.8041 0.6028 -1.2535 1.4668 13.0119 -0.1723 0.1823
Cyclist -1 -1 -1.5602 555.8672 149.4228 631.2191 222.3610 1.8022 1.8623 0.6231 -0.3223 1.0359 17.7820 -1.5760 0.1799
Cyclist -1 -1 -1.5754 591.4255 173.1383 679.5585 259.7762 1.7682 1.8011 0.6757 0.5922 1.6196 14.7956 -1.5347 0.1587
Car -1 -1 0.1182 41.5732 187.4586 113.7857 233.6784 1.5335 3.7279 1.6815 -19.3935 1.8119 26.1024 -0.5134 0.2637
Car -1 -1 -2.2998 1150.5844 184.3714 1224.0000 370.0000 1.5459 1.6734 3.8967 6.5400 1.5898 5.6872 -1.4707 0.2407
