Pedestrian -1 -1 2.6635 664.7982 148.2531 733.5164 272.1741 1.8003 0.8733 0.7155 1.3786 1.3335 10.8002 2.7887 0.6196
Pedestrian -1 -1 3.0986 412.1184 157.9423 435.0308 217.9304 1.8259 0.8376 0.6579 -5.6860 1.1408 22.0109 2.8511 0.6195
Pedestrian -1 -1 -0.4691 606.9695 148.8157 671.6716 274.0067 1.7912 0.8306 0.6654 0.4584 1.3395 10.6267 -0.4254 0.5329
Pedestrian -1 -1 2.2901 1076.9338 141.6890 1224.0000 370.0000 1.6698 0.7645 0.5922 3.0208 1.4900 3.7381 2.9314 0.4470
Pedestrian -1 -1 3.1968 494.3997 144.6327 526.1001 232.7170 1.8519 0.8695 0.6327 -2.0836 1.0994 15.3171 3.0663 0.4409
Pedestrian -1 -1 -0.0720 443.7802 148.1395 482.5110 251.3792 1.8243 0.8281 0.6405 -2.6559 1.2541 12.9727 -0.2672 0.4161
Pedestrian -1 -1 3.0350 533.9384 157.6674 572.0706 246.6244 1.7647 0.8208 0.6952 -1.1166 1.3134 14.4870 2.9616 0.4010
Pedestrian -1 -1 3.0307 530.1050 138.0094 551.9651 204.8833 1.8468 0.6645 0.5430 -1.8396 0.6750 19.9009 2.9421 0.3957
Pedestrian -1 -1 3.1270 482.2719 149.9141 515.6265 242.7532 1.7772 0.8062 0.6340 -2.1441 1.1933 13.9786 2.9802 0.3331
Pedestrian -1 -1 -1.5245 238.9943 157.9829 287.9950 266.9612 1.7842 0.7134 0.7185 -5.8461 1.4172 12.0396 -1.9643 0.3230
Pedestrian -1 -1 2.7773 636.6404 137.7121 677.1714 229.1524 1.8567 0.7160 0.6300 1.0374 0.9895 14.7857 2.8480 0.3042
Pedestrian -1 -1 2.9572 558.9952 147.9164 601.0630 247.3040 1.8085 0.8223 0.6518 -0.5240 1.2173 13.3337 2.9209 0.2818
Pedestrian -1 -1 3.1977 243.9137 168.5213 266.1443 218.3072 1.7647 0.6859 0.6786 -12.6467 1.3416 25.5043 2.7440 0.2711
Pedestrian -1 -1 -0.2861 106.3555 147.5266 167.6219 263.6672 1.8465 0.7090 0.6810 -7.8090 1.3240 11.7260 -0.8592 0.2677
Pedestrian -1 -1 2.9375 598.0052 137.6897 624.7061 205.9655 1.9043 0.5897 0.6514 0.1418 0.7118 20.0676 2.9466 0.2297
Pedestrian -1 -1 -0.5324 79.2901 161.6977 122.0198 229.1016 1.8081 0.7242 0.6859 -13.8891 1.3053 19.4239 -1.1435 0.2135
Pedestrian -1 -1 3.1411 330.3424 155.6306 353.1795 215.1230 1.8337 0.6647 0.6634 -8.3007 1.0687 22.2140 2.7901 0.2073
Cyclist -1 -1 -2.6429 236.8621 170.7008 276.2609 219.0743 1.6964 1.6734 0.5415 -12.6419 1.3543 25.6394 -3.0944 0.3040
Cyclist -1 -1 1.9790 326.0826 172.6828 486.0365 306.5775 1.7065 1.9431 0.7273 -2.6984 1.6086 9.5039 1.7126 0.2761
Cyclist -1 -1 0.1580 267.9361 150.8140 329.9077 268.3278 1.7968 1.8518 0.6475 -5.1051 1.3446 11.7824 -0.2391 0.2438
Cyclist -1 -1 2.0357 279.7671 168.5189 446.8033 311.3069 1.6876 1.8782 0.6594 -3.0414 1.5477 8.8139 1.7162 0.2388
Cyclist -1 -1 0.0533 377.2075 162.6916 409.4520 235.9359 1.6295 1.8009 0.6252 -5.0101 1.2349 16.6731 -0.2315 0.2076
Car -1 -1 3.3860 0.0000 117.9041 301.7986 370.0000 1.6630 3.7479 1.7395 -3.1334 1.4401 4.5853 2.8200 0.5373
Car -1 -1 3.1619 420.1412 170.1745 462.0303 208.8837 1.5289 3.6965 1.6221 -6.9029 1.1226 29.8954 2.9391 0.2277
Car -1 -1 -0.0994 147.2509 168.4151 202.2583 207.5288 1.5596 3.7583 1.6576 -18.4337 1.0792 30.1888 -0.6410 0.2241
