Pedestrian -1 -1 0.7505 1006.3536 149.1256 1107.5291 297.6121 1.8172 0.9906 0.5934 5.6680 1.5271 9.2516 1.2853 0.3655
Cyclist -1 -1 -0.9022 1021.4137 143.4558 1152.8174 255.1581 1.7089 1.8169 0.6207 7.8128 1.2595 11.9960 -0.3364 0.3507
Car -1 -1 -1.9285 751.4822 176.5859 1021.7233 343.0045 1.5665 1.6943 3.8572 2.9819 1.6228 8.8410 -1.6145 0.7582
Car -1 -1 0.5885 304.3739 182.3913 452.5998 252.2131 1.6071 3.6919 2.0412 -6.0656 1.8888 19.2262 0.2862 0.7104
Car -1 -1 0.6969 40.9147 200.7206 336.9496 335.9813 1.5179 3.6046 1.9506 -6.0689 2.0134 10.8598 0.1971 0.7060
Car -1 -1 1.7009 400.1386 180.6072 465.8918 228.3126 1.5200 1.7712 3.9037 -6.2522 1.8183 25.6843 1.4640 0.6187
Car -1 -1 2.9887 538.3997 179.0773 572.0423 203.5738 1.4985 3.6160 1.6505 -3.6419 1.9218 47.0749 2.9115 0.6110
Car -1 -1 1.3557 937.6735 165.5190 1063.7653 211.1526 1.5860 3.7687 1.7198 14.1416 1.3314 26.4085 1.8423 0.5072
Car -1 -1 0.2132 459.0535 181.1924 511.6606 214.4158 1.5271 4.2778 1.7478 -6.2545 1.9736 36.4287 0.0439 0.4711
Car -1 -1 1.2278 842.5078 171.2826 930.9117 205.4078 1.7374 3.9465 1.7461 14.3442 1.6578 37.6419 1.5888 0.3260
Car -1 -1 2.9416 502.8969 181.7734 537.7118 205.2422 1.5498 3.8409 1.7239 -6.4475 2.2107 51.3336 2.8168 0.3122
Car -1 -1 -1.9783 874.8691 164.5094 939.5351 189.9205 1.8355 4.0081 1.8069 21.7904 1.2331 53.0598 -1.5909 0.2970
