Pedestrian -1 -1 1.5798 323.1917 192.9138 354.0129 243.8148 1.7523 1.0176 0.7953 -9.7474 2.4856 25.8157 1.2216 0.3143
Cyclist -1 -1 -3.1171 593.9903 183.4143 603.8666 224.5986 1.6828 1.7806 0.3827 -0.5080 2.1475 30.8284 -3.1342 0.2844
Cyclist -1 -1 0.5641 0.0000 177.4708 133.6017 356.0650 1.7045 1.8509 0.6334 -6.1265 1.7614 7.8807 -0.0807 0.2552
Car -1 -1 -1.7848 535.8732 181.0420 600.5320 224.9231 1.5539 1.7203 4.0201 -1.7711 1.9025 28.5249 -1.8470 0.7499
Car -1 -1 0.4679 62.4941 174.6615 300.8625 278.8105 1.9282 1.6016 3.7450 -8.3865 1.9667 14.2900 -0.0551 0.6344
Car -1 -1 -2.4894 0.0000 182.2493 247.9460 291.3974 1.5717 1.6140 3.8495 -8.1118 1.7326 11.4355 -3.0956 0.6336
Car -1 -1 1.7392 346.9781 174.5594 411.3875 203.6556 1.8435 3.7533 1.7500 -15.0081 1.9576 46.9728 1.4312 0.4621
Car -1 -1 3.1514 286.8369 178.8532 341.8534 228.8667 1.5354 3.6263 1.6179 -10.0938 1.7569 24.6078 2.7655 0.4115
Car -1 -1 3.1541 339.6387 179.4874 399.4152 234.3579 1.5096 3.6449 1.6175 -7.4439 1.7333 22.3086 2.8351 0.4048
Car -1 -1 1.7351 248.8608 178.9192 358.5722 220.6812 1.5244 3.6748 1.7638 -11.8270 1.7708 27.9879 1.3384 0.2820
Car -1 -1 -1.4044 0.0000 188.5430 89.8797 358.6722 1.4918 1.6009 3.6423 -7.4920 1.7235 8.6640 -2.1023 0.2797
Car -1 -1 0.1302 486.4894 180.1557 509.1479 197.6052 1.4889 3.4196 1.5793 -10.0585 2.1618 64.7361 -0.0237 0.2527
