Pedestrian -1 -1 3.2978 273.1078 173.9683 321.1271 261.3599 1.7231 0.8905 0.7666 -6.3232 1.5960 14.4615 2.8953 0.5243
Pedestrian -1 -1 0.9059 972.9427 134.0834 1071.9515 273.4414 1.8802 1.1073 0.5255 5.7736 1.2556 9.8759 1.4228 0.4919
Pedestrian -1 -1 -0.6681 787.3600 167.2944 807.0236 200.5774 1.7541 0.7247 0.7175 10.2440 1.0596 37.7334 -0.4034 0.4277
Pedestrian -1 -1 -1.0538 774.8877 164.0592 794.2137 195.7395 1.7958 0.8449 0.6912 10.3075 0.8653 40.6172 -0.8054 0.2626
Pedestrian -1 -1 3.0063 129.5982 114.0235 195.3665 257.8733 1.8898 0.8493 0.6762 -6.2064 1.0182 9.8266 2.4598 0.2544
Pedestrian -1 -1 2.1774 878.4084 159.8250 903.3386 198.1891 1.7862 0.8513 0.6917 13.5105 0.8250 33.4598 2.5596 0.2501
Pedestrian -1 -1 1.0036 1093.7915 164.3672 1145.2594 233.3357 1.6739 0.8194 0.6277 12.6815 1.2839 17.4903 1.6239 0.2447
Pedestrian -1 -1 2.1594 1017.4807 151.5061 1042.2855 191.9662 1.8718 0.7568 0.6641 19.9270 0.5319 33.1902 2.6976 0.2391
Pedestrian -1 -1 2.5857 539.5964 174.3985 555.3965 204.2184 1.7735 0.6025 0.7407 -3.4631 1.4120 42.5085 2.5067 0.2320
Pedestrian -1 -1 0.7962 1143.2347 168.9346 1213.3359 254.4905 1.6540 0.8636 0.6655 11.3319 1.4321 14.0406 1.4658 0.2127
Pedestrian -1 -1 2.5828 560.5581 171.4257 574.6011 198.6290 1.7388 0.7242 0.6157 -2.4192 1.1601 45.6608 2.5319 0.2061
Pedestrian -1 -1 0.9766 964.2549 140.3772 1011.2584 212.6171 1.8807 0.8393 0.7191 10.1357 0.8377 18.8041 1.4657 0.2049
Pedestrian -1 -1 1.2207 508.9756 167.3052 522.6143 188.4668 1.8075 1.0086 0.6378 -7.6659 0.6817 60.8996 1.0979 0.2048
Pedestrian -1 -1 2.9941 117.1365 158.8700 135.4039 198.8625 1.9370 0.7081 0.6493 -23.5277 0.8908 34.7202 2.4047 0.1965
Pedestrian -1 -1 -0.1115 1091.4307 172.9488 1136.3135 250.8441 1.6897 0.7729 0.7272 11.3517 1.5275 15.8456 0.5022 0.1937
Cyclist -1 -1 -1.4779 772.3474 160.6832 805.1243 192.9402 1.8245 1.7732 0.5903 10.5345 0.7050 40.5655 -1.2239 0.3451
Cyclist -1 -1 2.8715 508.8387 168.0509 521.3604 189.3968 1.8127 1.8517 0.6020 -7.7457 0.7567 61.0097 2.7476 0.2686
Cyclist -1 -1 -1.0252 965.4713 153.2199 1051.7434 223.4785 1.7305 1.7731 0.8288 10.4266 1.0602 18.3852 -0.5150 0.2458
Cyclist -1 -1 -1.7648 872.1927 162.9882 915.9424 200.3738 1.7405 1.8063 0.7324 13.6416 0.9267 33.4438 -1.3791 0.2164
Cyclist -1 -1 -0.3451 485.1513 167.9295 507.6989 201.2604 1.7715 1.8554 0.6263 -5.9399 1.1048 38.5394 -0.4950 0.1971
Cyclist -1 -1 -0.6590 1009.3940 155.8594 1049.3195 193.7748 1.7297 1.7399 0.6768 19.8618 0.6071 33.1558 -0.1218 0.1924
Car -1 -1 -0.9437 0.0000 212.2540 309.0958 370.0000 1.5290 1.6409 4.0618 -3.0249 1.7748 3.3531 -1.6308 0.5971
Car -1 -1 0.7607 415.4297 177.6900 478.0327 205.4340 1.4905 2.4848 2.3667 -8.8669 1.3410 39.6562 0.5441 0.5465
Car -1 -1 -0.0382 76.4944 193.6719 125.9802 230.1308 1.4998 3.7806 1.7302 -23.2626 2.1458 32.5715 -0.6523 0.2302
Car -1 -1 3.3531 319.6504 183.9242 358.1217 206.3297 1.5022 3.8789 1.7639 -18.7864 1.7559 50.0694 2.9978 0.2077
Car -1 -1 0.2266 499.7848 175.6045 535.6248 198.3751 1.5174 3.8626 1.6383 -6.0152 1.1925 49.1187 0.1072 0.1940
