Car -1 -1 -1.6743 685.5643 182.1891 777.1468 257.8226 1.5013 1.6517 3.9820 2.6560 1.7459 16.8493 -1.5216 0.7690
Car -1 -1 -1.6615 666.2297 179.4485 722.1369 225.7991 1.4993 1.6169 3.9010 2.8975 1.7540 25.8618 -1.5519 0.7340
Car -1 -1 3.0424 643.0025 174.7166 677.8853 200.9332 1.5415 3.8691 1.7676 3.0441 1.6622 44.6640 3.1095 0.5811
Car -1 -1 -2.7571 256.4868 172.9367 436.0691 244.0095 1.6666 1.8853 3.7600 -6.4987 1.6691 17.9381 -3.1004 0.5517
Car -1 -1 0.1434 553.8465 178.1615 591.4456 206.4221 1.5063 3.6300 1.6361 -2.1147 1.8225 41.0456 0.0918 0.5370
Car -1 -1 2.0847 98.0786 173.9947 337.1932 270.8954 1.7115 3.6210 1.6836 -7.3469 1.7348 13.6542 1.5987 0.5319
Car -1 -1 -1.0086 12.5287 178.3103 344.8542 294.2529 1.5486 3.8782 1.8198 -6.2732 1.6375 10.7205 -1.5277 0.5116
Car -1 -1 1.8264 426.9412 176.9802 516.0745 212.8527 1.5523 3.6114 1.7489 -6.2213 1.7439 32.4432 1.6380 0.4281
Car -1 -1 1.5473 497.4481 175.2366 550.0939 199.6743 1.5802 3.4141 1.6556 -5.7699 1.7423 47.9238 1.4277 0.3787
Car -1 -1 0.2081 393.9009 178.5882 502.4053 223.7866 1.5496 1.7054 3.5122 -5.7722 1.7621 25.8261 -0.0102 0.3536
