Pedestrian -1 -1 1.7098 296.9770 144.5598 408.4204 345.7353 1.8419 0.9406 0.5945 -2.5184 1.5832 6.9866 1.3746 0.5183
Pedestrian -1 -1 3.0178 361.0986 145.2188 430.6787 303.3946 1.8231 0.9809 0.7075 -2.7125 1.5050 8.9047 2.7294 0.5182
Pedestrian -1 -1 -0.3384 603.3731 169.3572 625.7247 213.1101 1.7848 0.8664 0.6770 0.1427 1.6425 29.9515 -0.3343 0.4675
Pedestrian -1 -1 2.2494 962.1661 164.7204 983.7010 200.1275 1.8041 0.7691 0.6279 18.6941 1.3900 37.2426 2.7111 0.2870
Pedestrian -1 -1 1.0726 1108.3195 171.6951 1167.3314 252.4496 1.7353 0.7535 0.8088 11.6011 1.7108 15.9494 1.6921 0.2837
Car -1 -1 -2.0402 904.0712 178.2768 1105.3206 270.6732 1.5247 1.7112 4.1389 7.4398 1.6476 14.2197 -1.5674 0.7862
Car -1 -1 -1.8095 733.6189 180.9953 861.8813 268.3157 1.4704 1.5837 3.6343 3.5110 1.6527 14.3065 -1.5745 0.7616
Car -1 -1 -1.7269 674.9749 172.9901 747.9985 227.0587 1.6329 1.7422 4.1003 3.2099 1.6382 23.8698 -1.5955 0.7507
Car -1 -1 -0.9235 815.2385 176.0212 884.0063 204.6850 1.5049 3.2335 1.7328 13.2445 1.6893 40.1043 -0.6071 0.5390
Car -1 -1 1.2846 624.1256 176.0885 663.9081 200.3777 1.5435 1.7349 3.4912 2.2039 1.7688 48.2584 1.3295 0.4703
Car -1 -1 -0.0215 220.2183 174.3940 247.5486 197.5159 1.5665 3.6585 1.6424 -26.7148 1.6803 51.1477 -0.5009 0.3005
Car -1 -1 2.1083 240.3267 177.1377 286.7347 194.3859 1.5596 3.4689 1.7445 -32.0617 1.9625 66.7750 1.6620 0.2973
Car -1 -1 2.0933 243.8906 180.3151 295.4356 198.2521 1.5189 3.6827 1.7626 -29.7056 2.1812 62.9848 1.6540 0.2513
Car -1 -1 2.9686 613.6090 176.3773 640.6809 195.6211 1.5417 3.7757 1.6376 1.3826 1.8474 60.5221 2.9909 0.2478
