Pedestrian -1 -1 2.3293 1089.6251 158.7098 1202.5491 304.2662 1.7349 0.8350 0.7597 6.7394 1.4769 8.9012 2.9619 0.5350
Pedestrian -1 -1 1.5932 56.5988 196.6896 99.2762 261.1781 1.7760 0.9634 0.8096 -15.2111 2.2582 20.3796 0.9608 0.3980
Pedestrian -1 -1 1.5514 1128.7277 189.1121 1224.0000 370.0000 1.6670 0.6987 0.7007 4.3526 1.7399 5.3547 2.2069 0.3405
Pedestrian -1 -1 2.3155 832.0031 175.8299 877.0581 244.7493 1.6894 0.7311 0.7889 6.2545 1.5765 17.8352 2.6488 0.3277
Pedestrian -1 -1 3.0013 253.9223 167.9525 305.7425 261.8205 1.7356 0.8834 0.7993 -6.3307 1.5052 13.6550 2.5778 0.3261
Pedestrian -1 -1 2.6850 641.3069 162.1223 696.2280 261.3373 1.7531 0.8302 0.7106 1.1197 1.4300 13.0038 2.7706 0.2926
Pedestrian -1 -1 -1.9337 735.0919 162.0838 795.0439 253.8968 1.8043 1.0161 0.6469 3.1826 1.4440 14.2841 -1.7175 0.2647
Pedestrian -1 -1 -0.0889 23.2153 170.9638 72.3820 261.0832 1.7681 0.8441 0.7239 -11.4139 1.5826 14.4227 -0.7459 0.2536
Pedestrian -1 -1 1.0664 969.8118 186.4117 1130.8890 370.0000 1.6433 0.7842 0.6900 3.2664 1.6925 5.3298 1.5918 0.2422
Pedestrian -1 -1 2.8155 515.3002 164.8043 568.0771 262.9614 1.7269 0.8869 0.7188 -1.2165 1.4524 12.9848 2.7261 0.2110
Pedestrian -1 -1 1.2585 557.2882 162.1957 613.1816 252.6388 1.8253 1.0333 0.5831 -0.4568 1.4575 14.7120 1.2298 0.1824
Pedestrian -1 -1 1.4653 609.1058 168.4067 657.3623 254.9366 1.7500 0.9317 0.6808 0.5339 1.5070 14.6656 1.5026 0.1742
Pedestrian -1 -1 -0.8979 995.1387 164.3549 1071.2853 273.1932 1.7695 0.8699 0.6847 7.2219 1.5086 12.0188 -0.3669 0.1718
Pedestrian -1 -1 -0.0277 94.8754 157.4125 138.8860 253.6503 1.8435 0.8168 0.7048 -9.7661 1.4029 14.0762 -0.6219 0.1694
Cyclist -1 -1 -0.8777 1122.4128 145.9220 1224.0000 255.2562 1.7463 1.8873 0.6153 10.0646 1.1957 12.2744 -0.2019 0.2811
Cyclist -1 -1 -0.0498 520.2383 164.3551 559.8936 268.1825 1.7677 1.8456 0.6304 -1.2615 1.4945 12.9912 -0.1425 0.2746
Cyclist -1 -1 -1.5165 556.2261 148.9531 631.7053 222.1364 1.8038 1.8664 0.6327 -0.2999 1.0278 17.7751 -1.5311 0.2519
Cyclist -1 -1 -2.0814 1018.5858 192.7873 1134.9442 287.9199 1.7617 1.7435 0.7037 9.0022 2.0069 13.6013 -1.5061 0.2201
Cyclist -1 -1 -0.5017 642.2280 163.9091 719.4031 264.5545 1.7473 1.8845 0.5945 1.3375 1.4609 13.2538 -0.4018 0.2134
Cyclist -1 -1 0.7800 1086.8333 185.3928 1224.0000 370.0000 1.6213 1.7525 0.6239 5.4318 1.6709 6.5038 1.4536 0.2130
Cyclist -1 -1 1.4667 683.4299 162.6712 760.4959 232.8848 1.7559 1.8831 0.6263 2.9285 1.3116 18.0419 1.6266 0.2057
Cyclist -1 -1 0.0180 256.7798 168.3513 300.1911 263.7354 1.7236 1.7454 0.7192 -6.3496 1.5057 13.7152 -0.4051 0.1985
Cyclist -1 -1 -0.9010 0.0000 170.2269 98.5169 259.9917 1.7833 1.8252 0.5977 -11.4470 1.5809 14.3488 -1.5619 0.1797
Cyclist -1 -1 1.9016 309.6932 177.3818 449.8121 287.2800 1.6610 1.9544 0.7612 -3.5467 1.6156 11.0924 1.6020 0.1716
Cyclist -1 -1 -0.4086 854.9437 172.0663 940.1006 294.6219 1.6472 1.7887 0.4582 4.2042 1.5355 10.3993 -0.0333 0.1609
Cyclist -1 -1 0.4306 48.9466 195.4975 101.8443 259.2997 1.7232 1.6707 0.5655 -15.2689 2.1757 20.3781 -0.2036 0.1583
Car -1 -1 0.0389 47.8324 187.4140 110.1844 233.1048 1.5192 3.6733 1.6778 -19.3581 1.7955 26.0989 -0.5919 0.2541
Car -1 -1 -2.1793 1167.6595 180.7680 1224.0000 370.0000 1.5555 1.6803 3.9893 6.2758 1.5600 5.3519 -1.3421 0.2237
