Pedestrian -1 -1 -1.0215 951.1877 151.7491 1009.4065 239.7207 1.8632 0.8852 0.7367 8.0779 1.4165 15.8493 -0.5582 0.4649
Pedestrian -1 -1 2.4735 808.9632 169.8244 834.3036 210.7502 1.7918 0.8216 0.7287 9.3731 1.6595 32.1054 2.7546 0.3082
Pedestrian -1 -1 -1.9855 758.2411 172.7909 774.0648 202.4825 1.7842 0.7335 0.6587 9.4333 1.7807 43.7514 -1.7750 0.2816
Pedestrian -1 -1 2.3125 732.0369 169.4898 748.4902 200.3383 1.8499 0.6909 0.6994 7.8654 1.6485 43.7517 2.4887 0.2708
Pedestrian -1 -1 -1.6530 640.8261 171.1377 651.3489 192.9199 1.8580 0.8506 0.6418 3.0707 1.7120 61.8785 -1.6040 0.2622
Pedestrian -1 -1 -1.6682 636.5721 170.8266 645.4446 190.7996 1.7441 0.7237 0.5841 2.6983 1.5674 63.3160 -1.6262 0.2493
Pedestrian -1 -1 3.0725 86.1721 166.4938 106.5159 210.5605 1.8724 0.7861 0.6654 -22.2343 1.6025 31.1708 2.4568 0.2453
Pedestrian -1 -1 -0.4859 446.0771 164.6529 463.3643 197.8862 1.8693 0.8950 0.6166 -8.8870 1.4084 41.1233 -0.6977 0.2213
Cyclist -1 -1 2.4577 752.1841 174.6711 779.1418 203.5051 1.7075 1.7209 0.6547 9.3957 1.8204 43.7556 2.6673 0.2484
Car -1 -1 -1.7430 670.8798 181.1735 776.3967 257.7158 1.5075 1.6963 3.9610 2.4301 1.7229 16.6493 -1.6016 0.8027
Car -1 -1 -2.1263 860.6620 186.2840 1242.0000 375.0000 1.5327 1.6226 4.1394 3.4833 1.6771 5.6422 -1.5975 0.7719
Car -1 -1 1.7158 716.0352 170.3281 772.8195 198.1282 1.8049 3.5231 1.7115 8.9635 1.6413 48.2203 1.8981 0.5041
Car -1 -1 3.0376 213.9303 177.2870 242.8186 198.0395 1.5735 3.8236 1.6543 -30.5297 1.9405 57.6302 2.5521 0.3073
Car -1 -1 -1.0976 867.9406 169.7140 934.6807 194.3323 1.5789 3.8111 1.6325 19.4077 1.3779 48.2457 -0.7176 0.2612
Car -1 -1 0.8646 1014.6716 143.9566 1242.0000 248.9457 1.8269 3.4684 1.7002 9.7458 1.3244 13.5610 1.4771 0.2481
Car -1 -1 -1.3164 660.5586 171.6413 721.7015 196.8101 1.7049 3.9290 1.7585 5.6427 1.6231 50.3946 -1.2059 0.2447
