Pedestrian -1 -1 0.0695 356.0187 177.5287 386.6324 239.5939 1.7284 0.9846 0.7685 -6.8994 1.8669 20.7489 -0.2482 0.8040
Pedestrian -1 -1 -0.0106 408.6556 149.5792 429.2341 213.8782 1.8295 0.7912 0.5682 -5.6075 1.1677 20.9846 -0.2689 0.5428
Pedestrian -1 -1 -3.0533 604.7622 163.6785 636.1353 244.2195 1.7925 0.7304 0.6565 0.1957 1.5887 16.4519 -3.0426 0.3185
Pedestrian -1 -1 0.0580 411.9279 169.0973 443.4199 247.8530 1.7582 0.7852 0.6560 -4.2234 1.6747 16.5529 -0.1887 0.2685
Pedestrian -1 -1 -0.9288 22.5527 178.9904 52.2784 220.6591 1.7244 0.7578 0.6182 -24.0584 1.9850 30.2704 -1.5962 0.2539
Pedestrian -1 -1 2.9817 636.9569 151.8386 666.4075 221.5608 1.8363 0.7030 0.6840 1.0657 1.2832 19.3870 3.0351 0.2322
Pedestrian -1 -1 -2.2105 0.0000 201.0763 27.9438 262.2056 1.6874 0.7128 0.6900 -17.4105 2.5157 20.7368 -2.9028 0.2188
Pedestrian -1 -1 0.3108 0.0000 119.6895 104.9768 329.6015 1.8170 0.8892 0.6664 -5.3358 1.3572 6.7729 -0.3377 0.2156
Pedestrian -1 -1 1.6521 237.2503 188.1548 257.8984 228.3768 1.7455 0.7667 0.6986 -16.1747 2.4372 32.1320 1.1887 0.2156
Pedestrian -1 -1 -0.8175 0.0000 205.2919 150.9348 375.0000 1.7062 0.7304 0.7522 -3.4190 1.9192 4.3122 -1.4589 0.1994
Pedestrian -1 -1 3.1094 229.8224 162.8184 252.4422 216.7494 1.8369 0.7863 0.6769 -12.8705 1.4954 25.0804 2.6393 0.1971
Cyclist -1 -1 0.4342 273.8504 194.9490 310.5566 251.5771 1.6708 1.6444 0.4024 -10.0496 2.3934 22.7571 0.0221 0.3949
Cyclist -1 -1 1.1665 947.5348 184.8469 1082.2026 282.8512 1.6099 1.8798 0.7480 6.8752 1.8243 12.4190 1.6611 0.3435
Cyclist -1 -1 0.5454 121.0930 176.5042 186.3951 244.1579 1.7716 1.9185 0.6146 -12.6266 1.8778 19.9590 -0.0129 0.2844
Cyclist -1 -1 0.0655 27.0522 179.6650 46.7739 221.2026 1.6778 1.7384 0.5306 -24.0920 1.9723 30.2929 -0.6022 0.2356
Cyclist -1 -1 3.4556 0.0000 135.6132 105.1268 356.9223 1.7993 1.6884 0.5459 -5.3770 1.4968 6.7503 2.8019 0.2278
Cyclist -1 -1 1.2318 843.4729 180.0371 969.9640 278.4900 1.6328 1.8696 0.7574 5.0268 1.7611 12.4358 1.6067 0.2207
Cyclist -1 -1 -1.5449 286.8357 175.4632 322.6018 208.1728 1.8179 1.8481 0.6249 -17.2937 1.9682 40.8254 -1.9436 0.2092
Cyclist -1 -1 -1.6640 683.0590 162.2745 791.3975 264.1044 1.7794 1.8657 0.6025 2.2084 1.5949 12.9719 -1.5002 0.1953
Cyclist -1 -1 -0.8165 900.0898 152.2688 980.7680 241.1123 1.7621 1.6301 0.5012 6.8551 1.3542 15.1565 -0.3996 0.1889
Cyclist -1 -1 -2.8117 351.9337 176.5787 393.9590 240.2668 1.7545 1.7818 0.6084 -6.8802 1.8672 20.8742 -3.1268 0.1843
Cyclist -1 -1 -0.6357 0.0000 170.7487 33.2011 209.2301 1.8305 1.8613 0.6257 -28.9403 1.7307 34.8500 -1.3251 0.1764
Car -1 -1 -0.8872 1040.7427 180.7401 1242.0000 313.3117 1.4972 1.5836 3.8483 7.8657 1.6138 9.4605 -0.2095 0.4657
Car -1 -1 3.2484 62.2876 185.8548 112.6470 219.3052 1.4828 3.6379 1.6169 -25.6824 2.1586 35.5035 2.6255 0.2857
Car -1 -1 -0.8883 0.0000 192.2839 102.4609 375.0000 1.5330 1.6567 3.9695 -3.6360 1.6576 2.4839 -1.8095 0.2228
Car -1 -1 3.2288 0.0000 188.4621 20.2878 247.5892 1.5104 3.5316 1.6825 -18.7310 2.0147 21.3686 2.5152 0.2102
Car -1 -1 2.9094 383.7250 177.8651 421.6454 203.0209 1.6483 3.9891 1.6645 -14.5106 2.0128 50.2767 2.6295 0.2063
Car -1 -1 3.0360 63.7413 183.1584 101.2165 206.9323 1.5380 3.7623 1.7300 -36.8725 2.2858 50.3624 2.4064 0.1774
