Pedestrian -1 -1 -0.6253 650.4868 139.2139 691.7278 216.0712 1.8738 0.9369 0.5954 1.4810 1.0540 18.1431 -0.5457 0.3020
Pedestrian -1 -1 -0.3108 278.6349 176.7523 308.3834 229.4172 1.7234 0.7727 0.7131 -10.6678 1.8574 24.2124 -0.7222 0.2945
Pedestrian -1 -1 1.3937 699.6766 140.1074 777.7079 278.2733 1.8885 0.9849 0.6142 1.7451 1.4413 10.1731 1.5576 0.2063
Pedestrian -1 -1 2.8166 286.5854 157.6646 309.6079 209.0211 1.8893 0.6445 0.6178 -11.7112 1.3309 26.9877 2.4105 0.1835
Pedestrian -1 -1 1.8474 295.5648 196.1071 355.6654 284.8630 1.7372 0.9633 0.8023 -5.8659 2.2289 14.7982 1.4753 0.1798
Cyclist -1 -1 -1.1089 897.9886 0.0000 1242.0000 375.0000 1.6951 1.6563 0.6285 1.7270 1.0484 2.2044 -0.5048 0.3288
Cyclist -1 -1 3.1309 470.8809 182.4131 484.7318 221.1490 1.7173 1.8744 0.6096 -6.1759 2.1737 33.4463 2.9492 0.2236
Cyclist -1 -1 -0.5313 628.3280 163.1743 670.5775 213.7476 1.7709 1.7289 0.7560 1.3718 1.4323 26.2047 -0.4801 0.2065
Car -1 -1 -1.1480 0.0000 203.2439 329.7736 375.0000 1.4373 1.5600 3.6331 -3.2565 1.7273 4.9690 -1.7048 0.6482
Car -1 -1 -0.1423 632.4285 176.1003 670.4214 203.1605 1.6013 3.6661 1.8568 2.5088 1.8129 45.0581 -0.0875 0.4668
Car -1 -1 3.2617 399.3176 180.2218 461.8574 228.8503 1.5279 4.0095 1.6562 -6.2679 1.8089 25.3905 3.0216 0.4457
Car -1 -1 1.4410 512.5955 182.6368 543.5999 205.7877 1.5294 1.7506 3.4094 -5.8610 2.2480 51.1055 1.3269 0.4178
Car -1 -1 -0.9060 284.8506 181.7536 402.0251 231.6648 1.5777 3.4929 1.6169 -9.1069 1.8973 24.5777 -1.2578 0.2690
Car -1 -1 3.2068 444.6064 180.6961 484.7906 215.4396 1.5254 3.7056 1.6429 -6.9324 1.9219 34.4987 3.0095 0.2289
Car -1 -1 2.9901 0.0000 0.0000 1242.0000 375.0000 1.5467 3.7255 1.6421 0.2122 1.3612 2.2245 3.0694 0.1988
