Pedestrian -1 -1 0.1480 0.0000 178.6314 44.2025 273.4865 1.7432 0.8768 0.7206 -11.4694 1.8593 13.8863 -0.5331 0.5529
Pedestrian -1 -1 3.0234 490.1642 174.0291 508.6759 215.0150 1.7783 0.8435 0.7121 -4.9236 1.8313 31.8342 2.8707 0.4441
Pedestrian -1 -1 1.9855 1003.1373 171.3306 1052.1293 253.5594 1.7379 0.6816 0.7607 9.0645 1.7060 15.7473 2.4990 0.2752
Pedestrian -1 -1 3.2105 355.9434 175.7971 387.9608 246.9895 1.7043 0.8325 0.6936 -5.9113 1.7792 17.7992 2.8937 0.2700
Pedestrian -1 -1 2.3902 264.5914 182.0011 324.3979 273.7274 1.7057 0.8531 0.6574 -6.1604 1.8893 13.9806 1.9816 0.2563
Pedestrian -1 -1 2.2531 40.6430 180.6514 118.7243 281.8240 1.7310 0.8990 0.6582 -9.4091 1.8730 12.7506 1.6271 0.2512
Pedestrian -1 -1 3.0839 475.9796 175.1521 494.4358 219.7983 1.7413 0.8149 0.6758 -5.0039 1.8344 28.6607 2.9121 0.2268
Pedestrian -1 -1 3.2800 224.8017 172.7160 264.5370 253.1464 1.7216 0.8050 0.6757 -8.1042 1.7190 15.9310 2.8157 0.2136
Pedestrian -1 -1 2.6113 841.2416 163.5095 895.8624 257.3492 1.7919 0.8492 0.6747 5.0457 1.6138 14.2579 2.9441 0.2085
Cyclist -1 -1 -0.3350 878.3412 142.4994 990.3149 312.2150 1.7560 1.8247 0.5798 3.6462 1.4423 8.3910 0.0613 0.3011
Cyclist -1 -1 2.6920 597.8523 176.2517 616.8950 200.3887 1.7254 1.9075 0.6255 -0.2294 1.9794 52.8506 2.6872 0.2537
Cyclist -1 -1 -0.7705 922.7799 153.8336 1025.2975 246.0754 1.7291 1.8423 0.7620 7.2210 1.3729 14.5171 -0.3175 0.2265
Cyclist -1 -1 0.4793 10.6081 177.0151 109.0187 286.0305 1.7768 1.8517 0.5865 -9.7425 1.8565 12.7916 -0.1618 0.2236
Car -1 -1 -1.7289 642.6119 174.9680 695.6474 214.4012 1.6025 1.7173 3.7558 2.4721 1.7007 31.4678 -1.6518 0.6444
Car -1 -1 0.0652 553.2081 177.2232 593.7610 210.4958 1.5404 4.0995 1.7592 -1.8030 1.7713 36.0061 0.0149 0.5245
Car -1 -1 0.5542 616.5723 177.0860 658.3400 193.9574 1.5144 1.7563 3.4920 2.5359 1.9196 67.3187 0.5913 0.3280
Car -1 -1 -1.2045 603.8716 177.7778 656.4302 199.3244 1.5030 3.3766 1.8819 1.4477 1.8723 52.5392 -1.1775 0.2694
Car -1 -1 -0.3277 556.3359 178.6642 604.5980 206.2815 1.5118 3.7938 1.6977 -1.8201 1.8706 42.4433 -0.3708 0.2666
Car -1 -1 -0.6343 602.8895 178.2172 656.3942 202.6516 1.5016 3.3691 1.8497 1.2192 1.8662 47.0880 -0.6090 0.2604
Car -1 -1 -1.6433 533.0414 166.3810 578.2686 187.4066 1.6621 3.5148 1.7818 -4.4257 1.1507 58.1757 -1.7192 0.2355
Car -1 -1 1.8279 616.1948 177.7340 653.4601 196.0380 1.4571 2.6529 1.9911 2.0381 1.8688 59.4809 1.8615 0.2278
