Pedestrian -1 -1 -0.7406 919.0524 165.0786 987.5654 268.3473 1.7060 0.8302 0.6805 5.8428 1.5779 12.4161 -0.3107 0.2949
Pedestrian -1 -1 2.4934 1031.9502 137.1868 1069.6643 205.6356 1.9280 0.6228 0.6837 12.5737 0.9237 20.6675 3.0335 0.2869
Pedestrian -1 -1 -0.1023 56.1956 166.8819 92.3973 234.7858 1.8279 0.9125 0.7201 -14.9015 1.6675 20.0006 -0.7364 0.2496
Pedestrian -1 -1 2.1310 960.9079 158.5873 1030.0146 262.2493 1.7947 0.8626 0.7015 6.9060 1.5481 13.0389 2.6081 0.2098
Pedestrian -1 -1 1.4314 1051.5371 167.6211 1096.3199 241.7855 1.7739 0.8338 0.6760 11.3404 1.6491 17.7341 1.9922 0.2059
Cyclist -1 -1 1.4395 811.6205 189.9445 890.7720 261.3981 1.7242 1.8044 0.7601 6.0072 2.1685 18.2017 1.7524 0.3070
Cyclist -1 -1 -0.6671 709.5103 168.6163 728.8185 189.3870 1.8256 1.9957 0.5949 9.7179 1.4535 64.4280 -0.5184 0.3070
Cyclist -1 -1 -2.7192 446.6635 172.6931 462.0312 193.6348 1.7594 1.8797 0.5617 -13.3007 1.7462 61.5930 -2.9313 0.2972
Cyclist -1 -1 0.4985 203.2163 197.3357 242.7016 256.0708 1.6178 1.5114 0.3406 -11.4320 2.3653 21.2603 0.0100 0.2759
Cyclist -1 -1 1.0144 989.4147 187.2186 1137.7538 297.7739 1.7219 1.9147 0.8091 7.3020 1.9648 11.7608 1.5578 0.2647
Cyclist -1 -1 -0.4965 908.6926 154.6345 999.9873 266.7830 1.7958 1.8813 0.5783 5.8608 1.5044 12.5094 -0.0681 0.2627
Cyclist -1 -1 -0.7198 1068.0237 232.3411 1211.7256 375.0000 1.6982 1.5639 0.4616 6.2852 2.4849 8.7320 -0.1137 0.2561
Cyclist -1 -1 -1.7304 269.3830 171.1850 307.2135 203.7079 1.7938 1.8667 0.6335 -18.1175 1.7021 40.5683 -2.1482 0.2259
Cyclist -1 -1 -0.0797 611.0256 179.7203 620.8972 202.4164 1.7657 1.9468 0.6336 0.4459 2.3249 57.7261 -0.0725 0.2162
Cyclist -1 -1 -1.0688 32.0623 164.4929 118.8136 230.2975 1.7849 1.8071 0.7377 -14.8757 1.5584 20.0510 -1.7008 0.2099
Car -1 -1 1.7364 401.8956 188.9025 510.1248 269.5771 1.5024 1.7325 3.8859 -3.3584 1.9069 16.1930 1.5343 0.7453
Car -1 -1 -1.1468 646.1122 177.9843 700.7732 198.2047 1.5449 4.0170 1.6860 5.0408 1.9678 57.7118 -1.0606 0.3789
Car -1 -1 2.8499 493.8599 180.5166 526.3496 200.6286 1.5341 3.6305 1.6326 -8.1588 2.1773 58.5409 2.7117 0.3045
Car -1 -1 -2.4304 394.0037 182.3700 464.5257 211.7689 1.4896 3.9288 1.6248 -10.0001 2.0462 40.0494 -2.6740 0.3035
Car -1 -1 -2.4689 138.2858 183.2847 272.9796 237.4161 1.4995 3.9152 1.6184 -12.6843 1.8600 22.8472 -2.9711 0.2082
