Pedestrian -1 -1 2.8410 540.2213 169.8872 563.1873 216.4474 1.8405 0.7829 0.7201 -2.3904 1.7236 29.0167 2.7589 0.3443
Pedestrian -1 -1 -0.0407 118.4659 151.3900 147.1088 219.6721 1.8422 0.8302 0.6317 -13.2705 1.2635 19.9853 -0.6209 0.2864
Pedestrian -1 -1 -2.6631 221.3408 153.4924 254.5526 215.1542 1.8382 0.7017 0.6428 -11.3119 1.2614 21.8602 -3.1359 0.2260
Pedestrian -1 -1 -1.0206 108.3124 174.1042 131.0984 206.4605 1.8455 0.8614 0.6707 -28.2533 1.9185 41.5335 -1.6151 0.2014
Pedestrian -1 -1 3.1864 387.0072 167.9575 401.0149 203.3012 1.8672 0.7922 0.6827 -11.5824 1.6089 38.5835 2.8964 0.1924
Pedestrian -1 -1 1.6530 934.3528 173.3994 963.9103 224.9880 1.7021 0.8548 0.6483 11.3819 1.7212 24.3061 2.0858 0.1857
Pedestrian -1 -1 2.0047 1135.8838 138.7251 1185.6708 219.0343 1.8556 0.7437 0.6388 13.0361 1.0674 17.1476 2.6463 0.1853
Pedestrian -1 -1 1.1104 911.7975 161.6426 947.4943 221.5986 1.8469 0.7789 0.7253 9.9611 1.5019 22.6055 1.5201 0.1843
Pedestrian -1 -1 2.6118 908.1600 164.3354 935.8392 214.3023 1.7892 0.7428 0.6332 11.2984 1.4845 26.2421 3.0138 0.1587
Cyclist -1 -1 -3.3936 851.8490 169.9745 878.8995 211.9424 1.7287 1.9043 0.6197 10.8049 1.6105 30.6933 -3.0586 0.2312
Cyclist -1 -1 -0.3826 842.7758 175.2964 867.7150 211.0914 1.6513 1.6253 0.5460 11.5809 1.7704 34.2246 -0.0595 0.1960
Cyclist -1 -1 -0.1112 111.4150 175.0122 128.0327 206.0478 1.7499 1.6817 0.6133 -28.3324 1.8773 41.6358 -0.7059 0.1919
Cyclist -1 -1 0.4472 26.0321 180.5522 94.4578 257.7848 1.7819 1.8275 0.6026 -13.5601 1.9823 17.7897 -0.1970 0.1908
Cyclist -1 -1 -0.3054 800.9925 172.4625 825.6274 205.1624 1.6722 1.8864 0.7021 10.6130 1.6525 37.8489 -0.0345 0.1841
Cyclist -1 -1 -0.4559 898.4211 161.5106 945.6630 219.9077 1.7688 1.8457 0.6073 9.7818 1.4256 22.7905 -0.0556 0.1782
Cyclist -1 -1 -0.5860 537.1850 168.8132 578.5101 213.4369 1.7428 1.7654 0.8227 -2.1603 1.5854 29.1270 -0.6599 0.1661
Cyclist -1 -1 -0.0290 115.8534 183.1464 133.8921 224.3540 1.6787 1.7356 0.5911 -20.6959 2.1296 30.7075 -0.6182 0.1643
Car -1 -1 2.3899 612.8595 174.5862 657.4174 193.4417 1.5885 3.8717 1.7141 2.1524 1.7454 63.1779 2.4235 0.2712
Car -1 -1 3.0347 563.5282 175.7654 606.4255 208.9691 1.5312 4.2060 1.6775 -1.3400 1.6852 35.8601 2.9971 0.2638
Car -1 -1 0.0885 151.1697 181.0472 190.8614 209.4759 1.5700 3.7116 1.6941 -26.1758 2.0824 43.0582 -0.4552 0.2367
Car -1 -1 -0.3170 736.5151 175.5287 768.0740 193.4592 1.5136 3.5495 1.6874 12.4324 1.7557 63.3297 -0.1244 0.2255
Car -1 -1 -0.1155 140.2857 182.1615 189.0616 215.5499 1.5201 3.6344 1.6607 -22.2098 2.0082 35.8710 -0.6668 0.2154
Car -1 -1 -2.5768 470.5190 172.5052 521.6999 196.4022 1.6322 4.0067 1.7295 -8.0990 1.6088 51.4630 -2.7324 0.1917
Car -1 -1 -0.4700 750.4342 174.2894 796.8372 196.4801 1.5706 4.0938 1.6749 12.0584 1.6818 53.5392 -0.2500 0.1857
Car -1 -1 1.2975 598.7998 179.4562 667.4384 204.9027 1.4714 3.8353 1.6969 1.3490 1.8832 43.6714 1.3277 0.1778
Car -1 -1 1.4683 481.1696 178.5910 542.8706 203.9253 1.4742 3.5565 1.6481 -5.9915 1.8321 43.7554 1.3326 0.1766
Car -1 -1 -1.0523 0.0000 172.5768 151.2728 234.2895 1.5448 3.7448 1.6303 -14.6151 1.5382 19.1059 -1.6987 0.1710
Car -1 -1 0.5275 260.4825 179.6339 335.7508 213.2293 1.5402 4.0095 1.6463 -15.5065 1.8986 36.0117 0.1232 0.1647
