Pedestrian -1 -1 2.5937 839.0825 139.9117 968.0050 344.1860 1.7911 0.9898 0.7148 2.7058 1.5026 6.8769 2.9530 0.3731
Pedestrian -1 -1 1.9202 1200.7321 127.1117 1242.0000 206.1987 1.9352 0.8394 0.5937 15.4679 0.8163 18.1643 2.6176 0.2685
Pedestrian -1 -1 0.5610 716.6713 187.0492 734.3836 217.8968 1.7422 0.7489 0.7254 6.6510 2.5742 41.7477 0.7171 0.2080
Pedestrian -1 -1 -1.3188 0.0000 183.3239 16.6958 216.7605 1.6998 0.6087 0.6769 -31.2711 2.2491 37.3875 -2.0120 0.1968
Cyclist -1 -1 -3.3385 848.0871 134.8179 962.7844 355.5735 1.8228 1.8583 0.6120 2.7026 1.5091 6.9212 -2.9817 0.4663
Cyclist -1 -1 3.4097 216.5374 175.3828 237.1091 207.3126 1.8523 2.0260 0.5657 -22.8929 2.0073 43.0705 2.9235 0.2576
Cyclist -1 -1 0.1571 0.0000 184.4735 17.4549 218.4286 1.6861 1.7655 0.6549 -31.3323 2.3035 37.3872 -0.5370 0.2541
Car -1 -1 2.9440 576.8523 179.0271 631.2446 216.7217 1.5132 3.6638 1.6796 -0.3620 1.8006 31.5739 2.9320 0.6366
Car -1 -1 -1.5252 516.4240 180.7946 554.5703 214.0762 1.4957 1.6864 3.6378 -3.6217 1.9038 35.1778 -1.6276 0.6130
Car -1 -1 3.4016 268.4665 178.8737 314.1396 205.5148 1.6148 4.1560 1.6983 -20.6796 2.0247 46.9022 2.9881 0.5740
Car -1 -1 -0.9563 0.0000 207.2354 253.5412 375.0000 1.5093 1.6385 3.9551 -3.2332 1.7624 3.2355 -1.7010 0.5085
