Pedestrian -1 -1 -0.7100 767.8406 174.1510 798.5861 225.4244 1.6634 0.7717 0.6423 5.6937 1.7076 23.9205 -0.4798 0.6933
Pedestrian -1 -1 -1.1296 1070.0919 155.4441 1141.4508 259.3216 1.8331 0.8698 0.7029 9.0683 1.5263 13.2841 -0.5415 0.5017
Pedestrian -1 -1 0.3285 1186.9438 184.3486 1205.9740 211.6352 1.7431 0.8468 0.7317 38.2339 2.5020 47.0771 1.0071 0.3672
Pedestrian -1 -1 -0.8738 704.5240 167.6345 725.6190 203.8161 1.8237 0.8503 0.6471 5.3349 1.5610 36.8987 -0.7318 0.3120
Pedestrian -1 -1 -2.3654 724.1002 169.8109 736.1532 193.5139 1.7246 0.5914 0.6415 8.7841 1.5035 52.9285 -2.2022 0.2759
Pedestrian -1 -1 2.3395 714.4846 175.4353 730.7856 204.9192 1.7144 0.6654 0.6768 6.6010 1.8685 42.5046 2.4920 0.2581
Pedestrian -1 -1 -1.8440 1203.6652 165.9944 1242.0000 220.6425 1.8111 0.9329 0.7238 20.7654 1.5842 24.4325 -1.1459 0.2442
Cyclist -1 -1 -0.3180 672.8204 175.7361 689.6144 200.8438 1.7360 1.8512 0.6324 5.0038 1.9443 51.0812 -0.2214 0.5596
Cyclist -1 -1 3.4538 0.0000 190.7773 28.1771 235.4594 1.6142 1.6235 0.4081 -22.8302 2.3199 27.5602 2.7666 0.2771
Cyclist -1 -1 3.5850 80.6950 176.9242 113.2714 213.9635 1.7709 1.9005 0.5476 -25.3963 1.9782 35.6939 2.9700 0.2229
Cyclist -1 -1 -0.6999 840.9418 152.7251 892.2227 208.6450 1.8472 1.8783 0.5803 8.7521 1.1826 24.8121 -0.3649 0.2215
Car -1 -1 2.0376 74.6217 185.9210 207.3914 246.7534 1.6321 1.8064 4.0220 -14.3799 2.0751 22.3454 1.4710 0.6372
Car -1 -1 3.2712 309.4635 181.7791 337.7078 201.1498 1.5592 4.1135 1.7473 -24.7167 2.3577 62.3179 2.8948 0.4544
Car -1 -1 0.3446 273.2505 182.5768 314.0863 203.2489 1.5067 3.9783 1.6824 -24.7600 2.2966 56.5476 -0.0667 0.4151
Car -1 -1 -0.7094 1133.2798 177.0963 1207.3527 201.9658 1.5923 4.0855 1.7132 37.9153 1.8930 48.9924 -0.0540 0.3491
Car -1 -1 -1.9845 655.8677 181.3241 694.1012 198.5926 1.5276 2.9525 2.0226 5.9716 2.3272 66.6569 -1.8960 0.3432
Car -1 -1 -1.9658 1004.8091 185.0130 1083.7646 211.1758 1.5054 3.7380 1.6542 26.1538 2.2588 43.6036 -1.4291 0.3339
