Pedestrian -1 -1 -0.8395 939.3775 160.8809 995.6973 237.9616 1.7666 0.9230 0.7619 8.4171 1.4925 17.1056 -0.3896 0.4978
Pedestrian -1 -1 0.2781 527.4087 168.7597 547.0808 209.9176 1.8165 0.7491 0.6975 -3.2904 1.6362 32.2731 0.1768 0.3167
Pedestrian -1 -1 3.0585 498.0253 177.2852 519.5987 223.8147 1.7610 0.6920 0.7677 -3.9467 1.9347 27.8076 2.9182 0.3015
Cyclist -1 -1 -0.6066 930.4966 161.5061 1003.9146 240.4655 1.7753 1.8425 0.6109 8.4126 1.5206 17.1785 -0.1586 0.3633
Cyclist -1 -1 0.9767 759.7842 170.4976 810.1814 212.2217 1.7308 1.9755 0.7954 7.3912 1.6334 30.6477 1.2106 0.3449
Car -1 -1 -1.6223 605.2347 176.8436 676.9772 241.1925 1.5228 1.6813 3.8592 0.6870 1.6404 19.2576 -1.5881 0.6937
Car -1 -1 -0.0058 660.0533 170.0076 692.7643 201.6797 1.6066 3.6230 1.6554 3.4870 1.4626 38.4723 0.0834 0.5259
Car -1 -1 -0.6887 1051.0270 173.3363 1190.0824 218.0681 1.5625 1.7918 3.8909 18.4796 1.5812 26.2754 -0.0814 0.5167
Car -1 -1 -1.4371 580.4006 177.7726 633.2891 218.8380 1.5521 1.6773 3.9423 -0.1044 1.7699 29.8261 -1.4412 0.5066
Car -1 -1 3.2999 380.7876 179.8327 424.2763 209.9332 1.5398 3.9342 1.7086 -11.4518 1.9462 39.9167 3.0219 0.4691
Car -1 -1 2.6945 497.1154 178.2679 551.7454 206.9747 1.5244 3.6755 1.6558 -4.9464 1.8478 41.0601 2.5750 0.4322
Car -1 -1 2.7762 407.4916 179.5309 443.6971 198.9175 1.5121 3.4644 1.7721 -15.2601 2.0811 59.5260 2.5260 0.4128
Car -1 -1 3.1550 465.8620 175.8331 487.1008 196.3970 1.6660 3.9892 1.7142 -11.3140 1.9277 61.1753 2.9726 0.3882
Car -1 -1 0.9761 861.8367 165.2455 953.4023 203.1719 1.8740 4.0198 1.7990 15.1731 1.4984 36.9441 1.3626 0.3643
Car -1 -1 3.3579 250.6040 179.6380 299.6604 209.9834 1.5921 4.0727 1.6851 -18.9870 1.9983 40.9923 2.9263 0.2965
Car -1 -1 -1.8975 690.7928 177.2570 731.4330 194.1333 1.5146 3.2576 1.9717 9.3083 1.9297 66.6907 -1.7598 0.2946
