Pedestrian -1 -1 1.3847 715.0192 151.5910 758.5107 233.9077 1.8960 0.9026 0.6223 2.9173 1.4066 16.9359 1.5516 0.4740
Pedestrian -1 -1 0.4748 296.3789 190.5798 319.3963 227.9388 1.7240 0.7589 0.7377 -14.3079 2.5719 34.0890 0.0797 0.3976
Pedestrian -1 -1 2.1901 0.0000 181.7899 119.4964 372.6302 1.7240 0.9715 0.7073 -5.4861 1.8146 6.9193 1.5381 0.3405
Pedestrian -1 -1 2.6111 809.8368 152.4642 860.2657 242.4580 1.8385 0.8268 0.6880 4.6864 1.4223 15.2204 2.9037 0.3013
Cyclist -1 -1 0.1384 130.3567 179.7710 169.0765 255.3727 1.7373 1.7749 0.5516 -11.2974 1.9159 17.6690 -0.4239 0.3297
Cyclist -1 -1 -1.2555 245.2600 171.8831 275.4012 197.9211 1.8643 1.8628 0.6046 -25.2608 1.7951 52.0829 -1.7053 0.3218
Car -1 -1 -1.8751 749.6772 179.6451 952.0315 312.2886 1.5149 1.5925 3.6973 3.1257 1.6297 10.2917 -1.5893 0.8011
Car -1 -1 3.5379 73.9709 196.2963 300.1024 326.1076 1.4730 3.5090 1.5895 -6.0260 1.8797 10.6753 3.0340 0.7852
Car -1 -1 -2.1934 834.6100 190.4582 1242.0000 375.0000 1.4807 1.6075 3.8162 2.9741 1.6456 4.7642 -1.6640 0.7681
Car -1 -1 -2.7512 316.2583 178.9892 406.6941 213.0746 1.5778 1.7000 3.7487 -11.9473 1.8814 34.7052 -3.0807 0.5885
Car -1 -1 -0.2292 267.2771 182.3469 309.9756 208.9366 1.5159 3.1799 1.7130 -19.7400 2.1212 44.1931 -0.6473 0.5408
Car -1 -1 -0.1918 782.6168 173.1169 832.5756 204.6396 1.4986 3.3535 1.7853 9.7794 1.5128 36.0649 0.0705 0.3918
Car -1 -1 -1.0493 0.0000 198.2361 94.9948 375.0000 1.5575 1.6606 3.9681 -5.5850 1.8171 5.2337 -1.8417 0.3403
Car -1 -1 -0.0307 198.2669 184.2894 239.7469 218.1089 1.5311 3.7672 1.7139 -19.6442 2.1365 36.1152 -0.5261 0.3374
