Pedestrian -1 -1 0.6901 851.8020 149.5941 914.6508 250.5837 1.8720 1.0207 0.6236 5.3192 1.3007 13.6236 1.0562 0.2426
Pedestrian -1 -1 2.4573 676.2764 167.4913 743.8912 271.7065 1.6970 0.8558 0.7746 1.7426 1.4868 12.0746 2.5987 0.2296
Pedestrian -1 -1 3.1051 194.2841 148.5514 335.0086 370.0000 1.7177 0.8533 0.7773 -2.3140 1.5316 4.7076 2.6760 0.2132
Pedestrian -1 -1 3.1090 208.8328 170.4476 267.5353 286.7693 1.6778 0.8141 0.7657 -5.6211 1.5344 10.7341 2.6404 0.2056
Cyclist -1 -1 3.5021 146.6675 141.9999 379.4700 370.0000 1.7300 1.8354 0.7539 -2.2044 1.5232 4.7591 3.0949 0.2857
Cyclist -1 -1 0.1320 412.0304 155.0411 464.8815 274.5329 1.8053 1.7938 0.6039 -2.7441 1.4223 11.5982 -0.0924 0.2267
Cyclist -1 -1 0.1470 0.0000 148.8523 71.7406 282.5942 1.8121 1.8899 0.5643 -8.5005 1.3849 10.5361 -0.5153 0.1970
Car -1 -1 1.2911 531.7429 160.7195 752.3869 261.5950 1.5786 3.4866 1.7409 0.5327 1.2707 12.3127 1.3351 0.5463
Car -1 -1 -1.2728 196.6234 158.0075 465.1924 268.5725 1.6649 3.7656 1.6916 -4.3587 1.3279 11.5824 -1.6218 0.5205
Car -1 -1 0.9744 776.0094 161.3801 954.3055 242.0192 1.8767 3.9181 1.7305 6.4613 1.4334 17.7766 1.3189 0.3466
Car -1 -1 -1.1855 67.5993 160.9455 310.1463 259.7116 1.8728 3.9358 1.7095 -8.3904 1.5036 14.5010 -1.6988 0.2789
Car -1 -1 0.0515 0.0000 177.9478 67.7632 297.5623 1.5671 3.6902 1.7629 -9.7227 1.5353 11.2626 -0.6450 0.2342
Car -1 -1 1.3318 459.9966 148.9663 642.4710 237.1629 1.8408 3.8636 1.7213 -1.2976 1.1843 16.1700 1.2552 0.2042
