Cyclist -1 -1 0.3556 63.5834 209.0826 104.5196 273.2718 1.6725 1.5137 0.4191 -14.6646 2.3670 20.0954 -0.2691 0.2827
Cyclist -1 -1 2.4702 73.9618 201.5448 158.1593 280.1597 1.6240 1.6773 0.6018 -10.7248 1.9921 15.6092 1.8757 0.2689
Car -1 -1 -1.2139 119.0815 188.5384 322.5513 296.9913 1.5699 1.7597 4.1182 -6.5731 1.6396 12.6788 -1.6839 0.7520
Car -1 -1 1.8085 310.6313 190.7939 401.9716 248.9993 1.5053 1.6415 3.8058 -7.2428 1.6842 20.9351 1.4789 0.7471
Car -1 -1 -1.5333 671.2297 182.2849 730.7837 236.1509 1.5261 1.6856 3.8944 2.9310 1.4442 22.4221 -1.4054 0.5918
Car -1 -1 3.2578 359.8373 180.6320 396.0863 207.0987 1.5174 3.7282 1.6502 -13.7862 1.2558 43.1981 2.9503 0.4974
Car -1 -1 3.4874 215.9073 182.7297 312.9142 231.7864 1.5019 3.8561 1.6980 -11.3726 1.4269 24.0030 3.0489 0.4339
Car -1 -1 -0.3145 305.4496 181.9284 340.0940 200.2296 1.5388 3.8579 1.6885 -24.7986 1.2635 62.4638 -0.6913 0.4000
Car -1 -1 -0.1931 578.8428 179.6467 608.8124 199.5834 1.4915 3.7625 1.6270 -1.1319 1.0760 55.7869 -0.2137 0.3934
Car -1 -1 2.6960 802.1003 176.0024 863.7037 206.1615 1.5859 3.9268 1.7199 12.3805 1.1026 39.8654 2.9947 0.3350
Car -1 -1 1.4045 604.8430 175.7903 657.0303 198.2530 1.5910 3.5359 1.7134 1.6355 0.9245 51.9979 1.4353 0.2974
Car -1 -1 2.6325 541.8260 179.3739 586.1562 200.5984 1.5562 3.9035 1.6791 -3.3901 1.1290 54.7996 2.5706 0.2939
