Cyclist -1 -1 0.0554 484.3575 175.2703 496.7347 203.3965 1.7437 1.8179 0.6772 -7.6116 1.9006 45.8300 -0.1087 0.3719
Cyclist -1 -1 2.6646 914.0150 150.8529 1007.9942 268.4616 1.7489 1.9061 0.5258 5.5743 1.4221 11.6902 3.0991 0.3405
Cyclist -1 -1 -1.7077 598.3217 172.6870 631.0707 202.2543 1.7842 1.9117 0.7635 0.2480 1.7745 44.0412 -1.7026 0.3032
Car -1 -1 -1.9026 750.7012 168.9771 984.7401 324.9377 1.6464 1.6481 3.7391 3.0447 1.6058 9.5092 -1.6028 0.8430
Car -1 -1 -2.1009 872.1667 191.0083 1242.0000 375.0000 1.5361 1.7019 4.0975 2.9842 1.6954 4.2249 -1.5195 0.8309
Car -1 -1 1.9557 147.7610 193.7746 418.2758 356.0204 1.5230 1.7502 3.7053 -3.8339 1.8413 9.1055 1.5666 0.7799
Car -1 -1 -0.8244 0.0000 207.3978 234.6660 375.0000 1.4849 1.6451 3.9566 -3.8801 1.7636 3.8242 -1.5827 0.6439
Car -1 -1 -3.1102 786.6010 173.0607 893.6858 230.4040 1.7241 1.7701 3.1418 7.2917 1.7314 23.0509 -2.8082 0.6401
Car -1 -1 -1.8434 644.1686 174.5799 704.7568 213.1753 1.5449 1.6496 3.6701 2.6607 1.6241 31.0111 -1.7592 0.6190
Car -1 -1 -1.7234 551.2795 176.2731 593.5588 194.5164 1.4859 3.2896 1.8886 -3.1913 1.7789 60.4981 -1.7763 0.3570
Car -1 -1 -0.1736 595.7406 175.7083 631.5837 201.1533 1.5268 3.8220 1.6284 0.1571 1.7162 45.7662 -0.1706 0.3287
Car -1 -1 1.5106 341.9904 173.8269 425.0266 212.1959 1.7460 3.6775 1.7017 -10.8318 1.7947 34.3548 1.2071 0.2894
