Pedestrian -1 -1 2.8718 532.1130 174.5618 572.6509 253.8164 1.6391 0.8899 0.6519 -1.1772 1.5179 15.1469 2.7975 0.6262
Pedestrian -1 -1 1.5850 935.7173 166.3934 946.9133 190.5033 1.7378 0.7270 0.6079 24.4542 0.7223 51.3910 2.0284 0.3039
Pedestrian -1 -1 0.7704 1076.8293 171.1921 1120.5284 225.7777 1.7084 0.9221 0.6991 15.7143 1.4186 22.5569 1.3738 0.3034
Pedestrian -1 -1 1.2341 1173.1296 165.2284 1224.0000 247.5224 1.7437 0.9145 0.7489 13.1168 1.4218 15.4877 1.9283 0.2639
Pedestrian -1 -1 2.2603 1153.8750 140.2198 1203.1437 213.3588 1.8220 0.7505 0.6240 14.5894 0.8201 18.0401 2.9334 0.2486
Cyclist -1 -1 2.5770 964.1746 165.4030 998.0950 199.1022 1.7349 1.9102 0.6578 19.8502 0.9591 37.3732 3.0634 0.3155
Cyclist -1 -1 2.3202 916.2837 164.0726 938.4055 184.9843 1.7717 1.8127 0.5923 27.7503 0.3811 60.8481 2.7477 0.3148
Cyclist -1 -1 -0.5574 1155.3739 169.9509 1224.0000 254.3754 1.7248 1.8741 0.7075 12.9508 1.5109 15.4160 0.1327 0.3073
Cyclist -1 -1 -0.7187 903.8317 175.2513 927.8018 198.9420 1.7045 1.6933 0.6505 22.7558 1.3282 51.7721 -0.3053 0.3071
Cyclist -1 -1 -0.7178 1150.9774 147.0434 1224.0000 245.0717 1.7167 1.7853 0.6065 11.2241 1.1325 13.2776 -0.0262 0.2892
Car -1 -1 -1.7969 920.3907 184.8936 1089.5063 291.2191 1.4747 1.6000 3.7616 6.4992 1.5634 11.9919 -1.3097 0.8119
Car -1 -1 -1.7487 907.8361 177.9408 1016.0725 246.3775 1.4989 1.6733 3.9818 8.6983 1.4444 17.6237 -1.2958 0.7241
Car -1 -1 -2.8625 630.4434 175.2167 671.6676 200.0769 1.5843 4.0115 1.7059 3.1243 1.2490 47.2317 -2.7953 0.5375
Car -1 -1 -3.4724 865.2763 172.4268 925.5209 205.3199 1.5027 3.5639 1.6035 13.9216 1.1353 34.1192 -3.0866 0.4753
Car -1 -1 -1.3657 143.2517 166.2125 327.1911 266.5787 1.7841 2.7176 2.9511 -7.3108 1.5317 14.3346 -1.8267 0.4584
Car -1 -1 2.4734 870.9047 172.7091 979.8561 216.6931 1.7085 1.5940 3.8804 12.9633 1.4074 28.7058 2.8950 0.3262
