Pedestrian -1 -1 2.7951 704.2769 147.0542 755.3699 250.6204 1.8080 0.8449 0.6600 2.1068 1.3580 13.0710 2.9505 0.4626
Pedestrian -1 -1 2.9991 409.2815 167.8244 430.8762 218.2654 1.7781 0.7486 0.6500 -6.8661 1.6011 25.9028 2.7421 0.3266
Pedestrian -1 -1 -1.8786 1209.7659 163.2102 1242.0000 222.7219 1.7447 0.7570 0.6532 18.5044 1.4624 21.5978 -1.1773 0.3243
Cyclist -1 -1 1.9281 1184.6498 163.5379 1242.0000 222.4204 1.6940 1.7886 0.5460 18.4037 1.4263 21.6678 2.6252 0.3488
Car -1 -1 -1.8665 681.0132 179.7710 869.0922 308.5536 1.4987 1.5973 3.5378 2.1151 1.6168 10.4335 -1.6732 0.7643
Car -1 -1 2.5435 583.5988 173.9650 695.8354 220.3830 1.5507 1.6123 3.7686 1.0459 1.5935 25.8648 2.5828 0.5339
Car -1 -1 -0.7497 776.1075 172.0711 909.3334 227.5910 1.5388 1.8529 3.4656 6.9051 1.5174 21.5769 -0.4445 0.4715
Car -1 -1 -0.9625 861.5280 166.3438 977.7245 217.4016 1.6010 1.7819 3.7771 10.4398 1.3972 24.3827 -0.5627 0.4575
Car -1 -1 0.6521 211.0233 178.2585 287.5902 210.6378 1.5863 3.8070 1.6300 -18.9659 1.8868 38.0456 0.1922 0.4287
Car -1 -1 2.3195 719.6306 174.0109 810.9426 215.4320 1.5926 1.6429 3.6106 6.3409 1.6431 29.5465 2.5282 0.4009
Car -1 -1 2.1860 947.6758 169.2815 1046.4569 213.3358 1.5643 1.5725 3.4611 14.5028 1.4378 27.1024 2.6724 0.3897
Car -1 -1 0.4354 1011.7748 167.5353 1098.8110 205.5123 1.4715 3.2813 1.8422 18.2554 1.2658 29.6313 0.9828 0.2876
