Pedestrian -1 -1 -1.1391 1092.6943 162.1479 1138.3590 231.7322 1.7988 0.7875 0.6703 13.3718 1.5224 19.1591 -0.5374 0.3608
Pedestrian -1 -1 -1.3054 1139.3567 165.8194 1182.8145 229.7524 1.7637 0.8222 0.7231 15.5695 1.5700 20.4485 -0.6620 0.2132
Pedestrian -1 -1 -2.0994 315.0477 153.2337 396.1759 316.5540 1.8177 0.6522 0.6714 -3.0484 1.5996 8.4935 -2.4351 0.1916
Pedestrian -1 -1 2.5597 729.1540 161.5391 747.4468 199.0901 1.8963 0.7325 0.6193 6.5207 1.3253 36.8933 2.7329 0.1869
Pedestrian -1 -1 1.4221 231.5664 148.2741 339.8353 355.9416 1.7779 0.8270 0.6785 -3.0654 1.5679 6.6826 1.0059 0.1758
Cyclist -1 -1 -0.5210 951.3302 143.1232 1062.5780 278.1752 1.8300 1.8961 0.5499 5.7805 1.4275 10.7325 -0.0390 0.4408
Cyclist -1 -1 2.8079 838.0711 168.0119 872.3851 219.9322 1.8109 1.9444 0.5596 8.8180 1.6424 26.1393 3.1292 0.2161
Cyclist -1 -1 1.8887 581.2483 178.4776 715.3459 307.3704 1.6387 1.7078 0.6510 0.4682 1.7204 9.8306 1.9332 0.2006
Cyclist -1 -1 -1.0060 1150.3733 153.3262 1242.0000 274.7289 1.6421 1.7432 0.6153 9.0604 1.3783 10.6807 -0.3164 0.1768
Car -1 -1 -1.6038 571.3057 178.9611 698.2184 299.2932 1.5755 1.7010 4.0562 0.2515 1.6921 11.6907 -1.5842 0.5520
Car -1 -1 2.8319 583.4339 174.2585 624.6776 199.4970 1.5658 3.5206 1.6815 -0.4579 1.6612 46.9118 2.8218 0.4023
Car -1 -1 -0.2816 577.6039 179.7290 646.5756 223.0451 1.4988 3.7497 1.6478 -0.0379 1.7819 27.6392 -0.2836 0.3565
Car -1 -1 3.5153 0.0000 87.7532 270.8367 375.0000 1.6792 4.0706 1.7345 -3.6777 1.3696 4.8125 2.8887 0.2806
Car -1 -1 2.5958 542.2923 179.9978 583.7904 199.4906 1.5222 3.7913 1.7143 -3.9512 2.1357 59.8832 2.5298 0.2383
Car -1 -1 2.1436 390.6506 187.3567 454.0610 213.8330 1.5011 3.2806 1.7811 -11.3984 2.4083 43.7555 1.8898 0.2310
Car -1 -1 3.1048 532.4341 183.4716 569.5406 216.3006 1.4912 3.7156 1.6983 -3.0253 2.0496 35.9767 3.0210 0.1858
