Pedestrian -1 -1 1.4281 371.9574 187.2209 426.6554 281.1183 1.6815 0.8942 0.7356 -4.0286 1.9630 13.5975 1.1444 0.4230
Pedestrian -1 -1 2.0723 858.1049 178.2132 891.8474 238.2119 1.6755 0.6574 0.6967 7.5584 1.8332 20.7086 2.4169 0.3370
Pedestrian -1 -1 2.7180 766.4092 159.6772 894.6330 364.2877 1.6688 0.8348 0.7964 1.8561 1.5617 6.3556 2.9882 0.3332
Cyclist -1 -1 -0.4617 1005.5138 140.0746 1149.6443 309.1353 1.8161 1.9692 0.6126 5.5204 1.4643 8.7553 0.0851 0.2641
Cyclist -1 -1 -0.1486 836.9970 181.5491 855.6703 230.2010 1.6360 1.5856 0.3832 8.2538 1.9518 25.3639 0.1618 0.2637
Cyclist -1 -1 -1.7571 612.4158 179.0660 645.9593 212.9127 1.8725 1.7953 0.6450 1.0392 2.2259 40.5470 -1.7324 0.2532
Cyclist -1 -1 -1.3395 609.0610 179.0523 632.8934 201.3240 1.8196 1.8801 0.6307 0.8874 2.3381 59.7792 -1.3253 0.2508
Car -1 -1 -2.5950 725.0030 180.9482 1147.6482 375.0000 1.4705 2.4429 2.4609 2.6976 1.5603 6.2577 -2.2062 0.5318
Car -1 -1 -2.9581 769.2720 175.0600 844.9767 227.7408 1.5520 4.0198 1.6966 6.4829 1.6312 23.6155 -2.6940 0.4990
Car -1 -1 -0.3743 883.7595 169.8142 1030.1050 248.1324 1.4861 3.5080 1.6042 7.2136 1.4288 15.4832 0.0539 0.4579
Car -1 -1 -1.5914 759.3658 176.4420 791.9043 206.4104 1.5546 1.6601 3.8195 9.0902 1.7637 39.9504 -1.3698 0.4511
Car -1 -1 1.3094 802.9666 170.9075 884.3007 206.4085 1.7268 3.5533 1.6386 11.5673 1.6325 35.9946 1.6175 0.4337
Car -1 -1 -0.9169 301.8731 188.6445 482.1774 262.6357 1.4478 3.5941 1.6580 -4.9068 1.8322 16.1312 -1.2083 0.3754
Car -1 -1 0.1471 613.6955 179.3046 639.6298 198.5037 1.5422 3.8088 1.6671 1.4251 2.1088 61.3276 0.1698 0.3603
