Pedestrian -1 -1 -1.0808 1146.0681 159.9818 1242.0000 297.9773 1.7306 0.9148 0.6798 7.7866 1.5696 9.6019 -0.4149 0.5909
Pedestrian -1 -1 -0.1037 13.3939 157.1441 57.5907 248.4117 1.8187 0.8042 0.6383 -11.9080 1.5060 14.8865 -0.7697 0.5632
Pedestrian -1 -1 -0.2862 533.8453 170.8630 557.6400 217.2979 1.8459 0.9112 0.7317 -2.6509 1.7671 29.2386 -0.3764 0.5553
Pedestrian -1 -1 -0.6744 1027.7839 172.2940 1142.8694 299.3487 1.6030 0.9547 0.8728 6.2539 1.5963 9.6240 -0.1128 0.3661
Pedestrian -1 -1 3.0548 451.4330 166.5220 485.1325 244.0246 1.7902 0.8869 0.7125 -3.4335 1.6443 17.1883 2.8599 0.3467
Pedestrian -1 -1 3.1155 496.6004 169.5608 511.9449 209.3845 1.8489 0.6783 0.6950 -5.0084 1.6964 33.8901 2.9694 0.3107
Pedestrian -1 -1 -1.6718 730.4864 159.8951 757.7985 205.9140 1.8317 1.0253 0.5833 5.3525 1.3163 29.0480 -1.4919 0.3059
Pedestrian -1 -1 2.6887 736.1709 161.7065 772.8005 223.2707 1.8342 0.9228 0.7677 4.3586 1.5025 22.0392 2.8808 0.3038
Pedestrian -1 -1 2.6454 826.6934 172.9408 854.1543 217.1239 1.7218 0.8406 0.7213 9.0849 1.7256 28.5984 2.9495 0.2806
Pedestrian -1 -1 1.0111 952.9310 110.7836 1114.3425 373.7502 1.8379 0.8521 0.5863 3.0625 1.4044 5.3601 1.5060 0.2676
Pedestrian -1 -1 2.2509 441.2299 184.1435 473.9671 234.0226 1.6890 0.8446 0.7339 -5.3611 2.0915 25.1833 2.0426 0.2574
Pedestrian -1 -1 -2.0799 730.4397 172.8540 741.2422 194.9116 1.6475 0.5484 0.6588 9.4407 1.6478 54.2899 -1.9090 0.2431
Pedestrian -1 -1 3.0311 473.9168 168.7216 494.2449 216.6872 1.8247 0.8283 0.6875 -4.9233 1.6678 27.9390 2.8577 0.2339
Pedestrian -1 -1 2.7820 590.0461 157.6777 608.6932 198.5471 1.8821 0.8201 0.6214 -0.5396 1.1836 33.7209 2.7657 0.2308
Pedestrian -1 -1 -0.4002 422.4641 168.9750 448.2153 216.2552 1.8025 0.8267 0.7067 -6.8351 1.6550 28.0481 -0.6375 0.2217
Pedestrian -1 -1 3.2992 75.1235 171.3942 126.2090 262.7549 1.7358 0.8037 0.7010 -10.0731 1.7084 14.2204 2.6915 0.2211
Cyclist -1 -1 -0.1412 684.9193 169.2736 716.4401 236.9091 1.7969 1.8528 0.6050 2.4586 1.7021 20.0990 -0.0221 0.6670
Cyclist -1 -1 -0.2114 582.8776 178.8621 598.2415 205.1319 1.7705 1.9569 0.6683 -1.3892 2.1969 50.1273 -0.2395 0.3714
Cyclist -1 -1 1.1949 991.9693 178.6825 1172.9713 309.8231 1.6662 1.9092 0.7365 6.2626 1.7496 9.7459 1.7514 0.3013
Cyclist -1 -1 -3.3144 758.8765 180.7065 771.9164 208.3342 1.6973 1.7172 0.5142 9.8001 2.2044 45.6858 -3.1050 0.2943
Cyclist -1 -1 -0.2273 709.8286 170.5222 726.7870 199.6489 1.8283 1.8723 0.6653 6.9004 1.6823 46.2489 -0.0806 0.2868
Cyclist -1 -1 2.5565 136.3385 183.5589 217.3762 257.3005 1.7285 1.9522 0.7817 -10.8070 2.0062 17.9116 2.0199 0.2846
Cyclist -1 -1 2.6332 725.8491 174.3768 744.8227 197.4875 1.7070 1.8062 0.6021 9.4080 1.8241 54.3678 2.8032 0.2737
Cyclist -1 -1 0.9950 945.7659 174.1238 1111.0812 288.9802 1.6903 2.0681 0.8829 6.3656 1.7111 11.1386 1.5020 0.2701
Cyclist -1 -1 1.4999 817.6967 170.4286 867.9455 214.9514 1.7337 1.8503 0.7006 9.1837 1.6396 28.6497 1.8065 0.2674
Cyclist -1 -1 -3.4837 858.4972 145.4477 983.3177 322.2698 1.7512 1.7572 0.6871 3.3309 1.4801 8.0338 -3.1046 0.2621
Cyclist -1 -1 1.8694 477.3046 171.9015 528.9598 214.8060 1.7843 1.9989 0.8706 -4.5615 1.7450 30.5848 1.7220 0.2583
Cyclist -1 -1 3.0383 569.0356 170.5712 584.2960 204.5337 1.7647 1.6535 0.6403 -1.8166 1.6464 38.3541 2.9908 0.2489
Cyclist -1 -1 -0.1606 439.2390 186.3815 465.8575 236.3389 1.6466 1.6858 0.6442 -5.5500 2.1359 25.1706 -0.3761 0.2396
Cyclist -1 -1 -0.6457 729.0859 176.3034 753.9144 203.7975 1.6769 1.7532 0.5885 8.1853 1.8974 45.1482 -0.4680 0.2359
Cyclist -1 -1 -0.3078 793.3484 161.5973 868.0421 275.9265 1.7871 1.7816 0.6743 3.6267 1.6115 12.1748 -0.0259 0.2334
Cyclist -1 -1 2.8383 699.2695 173.5260 710.6349 191.8811 1.7222 1.7671 0.5680 9.0146 1.7874 68.6842 2.9679 0.2334
Cyclist -1 -1 -1.7222 726.1652 160.8943 771.0660 205.8291 1.7931 1.7093 0.5817 5.5407 1.3162 29.1093 -1.5364 0.2284
Cyclist -1 -1 3.1474 411.9521 172.9398 443.0429 266.5912 1.7551 1.8249 0.5679 -3.7059 1.7573 14.4751 2.9003 0.2201
Car -1 -1 -0.2394 696.3879 177.7020 735.2775 202.7526 1.5602 4.0111 1.6323 6.9314 1.8958 47.8150 -0.0968 0.3482
Car -1 -1 3.3697 216.6020 160.9401 384.5865 276.6897 1.6093 3.9478 1.6746 -5.0041 1.4440 12.1093 2.9849 0.2192
