Pedestrian -1 -1 -3.7220 1044.8583 133.1201 1146.6165 293.1305 1.8449 0.8115 0.6693 5.8623 1.3003 8.5547 -3.1366 0.7405
Pedestrian -1 -1 -1.4588 1121.6240 186.5890 1224.0000 370.0000 1.6647 0.7049 0.6991 4.3462 1.7167 5.3439 -0.8030 0.3600
Pedestrian -1 -1 1.4002 55.7123 190.4341 101.9351 252.2458 1.7142 0.9567 0.7847 -15.2299 2.0113 20.4178 0.7683 0.3512
Pedestrian -1 -1 2.2698 831.4775 173.8938 876.8583 243.5217 1.7066 0.7492 0.7891 6.2509 1.5463 17.8493 2.6027 0.3433
Pedestrian -1 -1 -0.1657 254.4361 165.5979 306.2987 260.0501 1.7474 0.8783 0.7819 -6.3213 1.4733 13.6579 -0.5885 0.3146
Pedestrian -1 -1 2.8468 516.6480 164.3423 567.8672 263.1490 1.7388 0.8914 0.7079 -1.2063 1.4561 12.9833 2.7582 0.3032
Pedestrian -1 -1 3.0422 13.2416 174.5788 69.7374 263.8888 1.7360 0.8661 0.8224 -11.4723 1.6225 14.3356 2.3798 0.2921
Pedestrian -1 -1 2.6082 641.3046 163.0260 698.2468 262.0682 1.7504 0.8459 0.7116 1.1411 1.4432 13.0257 2.6952 0.2734
Pedestrian -1 -1 1.0744 970.7440 187.8758 1132.3402 370.0000 1.6456 0.7817 0.7018 3.2737 1.7067 5.3289 1.6009 0.2527
Pedestrian -1 -1 2.1892 1158.9210 146.1738 1224.0000 255.3209 1.7920 0.8445 0.6722 10.1240 1.2301 12.0997 2.8747 0.1773
Pedestrian -1 -1 -0.8729 993.5466 165.5630 1069.6738 274.0796 1.7656 0.8754 0.6805 7.1982 1.5243 12.0260 -0.3435 0.1718
Pedestrian -1 -1 0.9816 811.1255 166.9146 871.0532 257.2780 1.7326 0.9441 0.6094 4.6183 1.4738 13.9736 1.2957 0.1630
Pedestrian -1 -1 -0.8360 729.1164 153.0239 784.3842 247.2771 1.8335 0.8363 0.7037 3.0220 1.3006 14.2942 -0.6303 0.1557
Pedestrian -1 -1 1.1171 288.7030 189.3900 330.1089 262.5048 1.8638 0.7712 0.7259 -7.8451 2.1070 18.6770 0.7268 0.1517
Cyclist -1 -1 -0.9902 0.0000 172.0087 100.2024 262.4875 1.7848 1.8412 0.6142 -11.4348 1.6189 14.3225 -1.6515 0.2265
Cyclist -1 -1 -0.4898 642.7384 161.3297 720.0813 262.6474 1.7588 1.8725 0.6230 1.3487 1.4277 13.2535 -0.3891 0.2132
Cyclist -1 -1 0.6668 1094.1425 189.4460 1224.0000 370.0000 1.6282 1.7556 0.6075 5.4481 1.7186 6.5138 1.3412 0.2128
Cyclist -1 -1 -0.0597 521.1948 162.6871 560.5252 266.7038 1.7742 1.8153 0.6089 -1.2469 1.4721 12.9986 -0.1513 0.1999
Cyclist -1 -1 1.4521 682.0480 162.8664 758.9946 232.6636 1.7459 1.8736 0.6261 2.8906 1.3064 18.0302 1.6100 0.1919
Cyclist -1 -1 0.0171 256.5327 166.3837 300.0563 262.8237 1.7427 1.7588 0.7225 -6.3564 1.4893 13.7223 -0.4061 0.1876
Cyclist -1 -1 -0.9281 1123.3557 146.0290 1224.0000 255.4004 1.7521 1.8463 0.5949 10.0894 1.2015 12.2899 -0.2516 0.1751
Cyclist -1 -1 2.9769 595.5817 162.4252 630.6203 236.2622 1.7660 1.7986 0.5925 0.1463 1.3353 17.8405 2.9867 0.1743
Cyclist -1 -1 -1.1158 283.6052 197.5649 358.5387 267.9633 1.8009 1.7158 0.6793 -7.5276 2.2635 18.6863 -1.4916 0.1632
Cyclist -1 -1 -0.6131 1011.1632 135.0753 1159.3604 296.2780 1.8072 1.7933 0.5741 5.8590 1.2996 8.8292 -0.0418 0.1622
Cyclist -1 -1 -1.2533 358.2788 139.3231 453.3477 225.9110 1.7895 1.8341 0.6266 -4.2403 0.9401 14.9651 -1.5217 0.1570
Cyclist -1 -1 -0.4298 836.1937 156.3946 913.6445 265.6277 1.7666 1.7894 0.5476 4.6219 1.3784 12.3432 -0.0782 0.1514
Cyclist -1 -1 1.9293 308.8124 176.7014 445.9211 287.9319 1.6843 1.9250 0.7127 -3.5953 1.6284 11.1105 1.6263 0.1503
Car -1 -1 0.0946 42.2579 188.4062 112.0111 234.4620 1.5202 3.6899 1.6905 -19.3739 1.8355 26.0430 -0.5376 0.2363
Car -1 -1 -0.9567 1142.9723 188.7981 1224.0000 370.0000 1.5006 1.5667 3.8894 7.3592 1.5914 6.5495 -0.1356 0.2305
Car -1 -1 2.5006 555.6996 172.9020 605.2585 195.0645 1.5566 3.7953 1.6845 -1.8187 1.0242 51.6619 2.4673 0.1557
