Pedestrian -1 -1 1.5341 630.1731 151.6574 738.1104 338.4268 1.7624 1.0182 0.6238 0.7156 1.4920 7.0101 1.6332 0.5508
Pedestrian -1 -1 1.2322 52.6080 193.8147 101.7732 257.6132 1.7611 0.9358 0.7713 -15.2367 2.1577 20.3684 0.5988 0.4523
Pedestrian -1 -1 -1.6686 1123.3572 187.9075 1224.0000 370.0000 1.6691 0.7134 0.7066 4.3442 1.7320 5.3462 -1.0133 0.3565
Pedestrian -1 -1 -0.2158 631.1653 161.6415 676.9377 260.2014 1.7334 0.8034 0.6721 0.8388 1.4034 12.8778 -0.1505 0.3320
Pedestrian -1 -1 2.5644 833.3722 171.3709 877.2124 240.3142 1.6902 0.8168 0.7077 6.2596 1.4680 17.8103 2.8984 0.2994
Pedestrian -1 -1 2.9756 13.1524 174.6800 70.3579 264.2092 1.7389 0.8742 0.7800 -11.4465 1.6275 14.3110 2.3134 0.2888
Pedestrian -1 -1 -0.1572 252.5264 166.0295 305.5432 260.3575 1.7439 0.8830 0.8074 -6.3467 1.4780 13.6570 -0.5816 0.2819
Pedestrian -1 -1 2.8155 516.0771 164.1521 567.1442 262.9907 1.7396 0.8734 0.6898 -1.2170 1.4535 12.9779 2.7261 0.2700
Pedestrian -1 -1 -0.8411 991.3824 163.3433 1069.0490 272.7752 1.7807 0.9065 0.6839 7.1790 1.5031 12.0365 -0.3133 0.2513
Pedestrian -1 -1 2.7641 672.1051 170.5491 723.9234 264.1095 1.6682 0.7870 0.7065 1.6660 1.4924 13.0709 2.8896 0.2284
Pedestrian -1 -1 1.1898 974.8247 188.4917 1129.7028 370.0000 1.6488 0.7687 0.7024 3.2803 1.7154 5.3351 1.7167 0.2255
Pedestrian -1 -1 1.6199 461.0070 170.5245 510.2570 255.5014 1.7531 0.9966 0.6333 -2.5535 1.5490 14.9536 1.4560 0.1699
Pedestrian -1 -1 1.4859 293.1473 189.8891 325.1041 261.7065 1.8349 0.7257 0.6818 -7.8463 2.0904 18.6514 1.0951 0.1664
Pedestrian -1 -1 2.7059 818.7292 169.4521 867.5389 258.5123 1.7017 0.8412 0.6103 4.6475 1.4922 13.9587 3.0221 0.1566
Pedestrian -1 -1 2.1198 1151.8518 138.5192 1224.0000 246.8893 1.7974 0.8658 0.6427 10.1044 1.1027 12.2374 2.7990 0.1544
Pedestrian -1 -1 -1.7626 737.1130 163.4112 792.5808 254.3656 1.7954 0.9824 0.6603 3.1773 1.4597 14.2937 -1.5468 0.1499
Cyclist -1 -1 0.4509 0.0000 175.5270 68.8240 268.1288 1.7396 1.8634 0.6317 -11.6987 1.6478 14.2563 -0.2237 0.2464
Cyclist -1 -1 1.5254 684.1310 160.9594 759.5097 231.6882 1.7596 1.8634 0.6319 2.9166 1.2750 18.0049 1.6849 0.2367
Cyclist -1 -1 -1.5736 555.6179 150.1611 630.8118 223.0144 1.7993 1.8588 0.6306 -0.3342 1.0516 17.7907 -1.5901 0.1954
Cyclist -1 -1 -0.0040 260.8419 162.9297 301.4576 260.2045 1.7663 1.8112 0.6782 -6.3577 1.4489 13.7985 -0.4252 0.1895
Cyclist -1 -1 2.0104 271.5978 175.7725 409.7979 287.7538 1.6934 1.9377 0.6668 -4.1761 1.6236 11.1074 1.6618 0.1739
Cyclist -1 -1 -0.4272 647.8855 156.3601 724.3930 254.8793 1.6889 1.8429 0.6961 1.4191 1.2767 13.1000 -0.3200 0.1694
Cyclist -1 -1 1.6184 588.0455 171.4824 678.1241 258.4255 1.7634 1.8374 0.7205 0.5570 1.5822 14.7739 1.6569 0.1687
Cyclist -1 -1 0.0347 508.0446 162.6101 547.3193 267.4130 1.7921 1.7912 0.6535 -1.4405 1.4878 13.0020 -0.0712 0.1615
Car -1 -1 0.0399 49.5024 188.4436 111.6687 234.1866 1.5195 3.6525 1.6755 -19.3409 1.8371 26.1535 -0.5894 0.2734
Car -1 -1 -2.3301 1146.3778 185.4710 1224.0000 370.0000 1.5471 1.6658 3.8852 6.5305 1.6029 5.6847 -1.5015 0.2329
