Pedestrian -1 -1 3.3969 179.3416 182.3711 208.6737 227.8404 1.7227 0.8318 0.8028 -16.2072 2.0998 28.0523 2.8769 0.5416
Pedestrian -1 -1 -0.3365 768.0926 146.0983 813.2717 237.9425 1.8345 0.8147 0.6649 3.6564 1.3005 14.8481 -0.1003 0.2673
Pedestrian -1 -1 3.0304 676.0267 170.4926 701.7477 223.2007 1.7723 0.8451 0.7823 2.6468 1.6932 24.6837 3.1352 0.2607
Pedestrian -1 -1 2.9109 642.5997 174.3685 665.7762 218.0163 1.6831 0.8532 0.7305 1.6873 1.7440 28.3375 2.9691 0.2516
Pedestrian -1 -1 -0.5468 916.3455 144.1651 952.6965 210.6931 1.8964 0.7625 0.6617 9.3845 1.0790 20.9859 -0.1318 0.2437
Cyclist -1 -1 -0.6486 935.3410 169.2946 962.4666 197.1041 1.7897 1.8673 0.6028 22.2224 1.5610 47.4093 -0.2130 0.5155
Cyclist -1 -1 -0.3446 665.3002 168.4560 699.4228 222.1415 1.7893 1.8144 0.5906 2.4436 1.6431 24.9974 -0.2490 0.3767
Cyclist -1 -1 3.2914 357.7059 181.0363 370.3665 204.8048 1.6940 1.8637 0.6096 -18.1075 2.3071 53.0603 2.9637 0.3263
Cyclist -1 -1 -0.5053 654.4446 169.8388 692.9387 215.7555 1.6961 1.8917 0.6257 2.3776 1.5851 27.6417 -0.4210 0.3143
Cyclist -1 -1 -3.2403 694.2456 174.1161 703.9612 195.9677 1.7473 1.7976 0.6067 7.2197 1.8520 58.7044 -3.1189 0.2980
Cyclist -1 -1 -0.2948 637.4973 173.0680 662.8555 214.7893 1.5874 1.6414 0.5347 1.5216 1.5964 28.3199 -0.2423 0.2777
Cyclist -1 -1 0.2698 435.6247 159.3616 463.5056 211.2990 1.8285 1.8143 0.5283 -5.8791 1.3538 26.3185 0.0517 0.2529
Car -1 -1 3.5264 0.0000 195.7663 188.2013 297.1792 1.5068 4.0979 1.7377 -9.8509 2.0182 13.8983 2.9185 0.7235
Car -1 -1 1.6741 454.2692 178.9306 538.0041 246.0961 1.5502 1.7893 3.4780 -2.9049 1.7235 18.7533 1.5218 0.6820
Car -1 -1 1.8401 301.3379 189.8077 363.5287 226.8707 1.5102 1.7596 3.5595 -12.6363 2.3284 32.9499 1.4762 0.5531
Car -1 -1 -2.8991 587.8617 178.7930 626.0181 203.4063 1.4960 3.4878 1.6820 -0.1897 1.8960 46.6593 -2.9036 0.3994
Car -1 -1 3.2484 80.5613 183.6277 118.4460 209.2421 1.5829 4.0289 1.6536 -34.3372 2.3407 48.5672 2.6354 0.3532
Car -1 -1 3.2213 68.5239 179.4448 101.6622 202.4485 1.6221 3.9111 1.7000 -39.4080 2.1368 54.1975 2.5948 0.3301
Car -1 -1 2.7928 723.3069 177.8003 771.8934 205.0125 1.5352 3.6430 1.7127 8.1775 1.8460 43.3452 2.9775 0.2922
Car -1 -1 3.2658 381.3605 181.3805 443.3330 229.4292 1.4939 3.6717 1.6228 -6.8236 1.8131 25.0469 3.0019 0.2432
