Cyclist -1 -1 0.3573 116.8594 205.2986 173.4125 314.7665 1.6371 1.5351 0.2621 -7.7727 2.2134 12.0275 -0.2068 0.2708
Car -1 -1 -1.7437 663.3647 178.2336 739.5235 231.8810 1.4960 1.6869 3.8311 2.7036 1.6786 22.4708 -1.6263 0.7389
Car -1 -1 1.6540 445.4273 189.1733 532.0862 262.0839 1.4596 1.7231 3.4023 -2.7997 1.8842 16.9944 1.4923 0.6921
Car -1 -1 -3.0484 526.7385 180.6499 568.5577 213.5789 1.4947 3.3029 1.7333 -3.0320 1.8932 35.1920 -3.1342 0.6460
Car -1 -1 -1.5056 478.4814 182.5146 541.4384 237.0746 1.5125 1.7056 3.8898 -3.1074 1.8437 22.7070 -1.6408 0.6209
Car -1 -1 -1.8551 638.7541 179.5573 697.0047 216.1752 1.5364 1.6317 3.8451 2.5444 1.8631 33.0725 -1.7797 0.5899
Car -1 -1 -0.1824 640.7170 175.4553 686.9638 207.4717 1.5660 3.8321 1.7231 2.7121 1.7092 37.6144 -0.1115 0.3814
Car -1 -1 -0.1515 654.4745 178.9765 716.8254 222.8014 1.5511 3.8690 1.8258 2.8191 1.8065 28.0688 -0.0531 0.3582
Car -1 -1 2.7822 535.5490 181.5029 581.2170 207.3525 1.5195 3.7176 1.6864 -3.3521 2.0936 45.8191 2.7090 0.3229
Car -1 -1 -3.0014 631.5713 177.3718 659.2600 198.0467 1.5211 3.7088 1.6455 2.7513 1.8840 55.9218 -2.9530 0.2366
Car -1 -1 3.0807 522.9594 174.6106 545.3431 193.9622 1.6511 4.0904 1.7274 -6.7896 1.8128 64.1127 2.9753 0.2344
