Pedestrian -1 -1 3.5473 236.1691 155.3210 307.7777 282.1389 1.7971 0.7905 0.6975 -5.0129 1.5490 10.6264 3.1155 0.1498
Cyclist -1 -1 3.1922 524.0221 170.1179 535.0041 205.6255 1.8189 1.8369 0.4828 -4.2566 1.6791 37.8909 3.0807 0.2415
Cyclist -1 -1 0.1187 641.3323 175.0487 661.1016 217.5939 1.7986 1.8944 0.6494 1.7763 1.8981 31.5918 0.1736 0.2286
Cyclist -1 -1 -0.4237 508.6172 170.4074 539.3960 208.9672 1.7594 1.7869 0.7663 -4.0897 1.6481 33.8825 -0.5434 0.1955
Cyclist -1 -1 3.5111 220.2639 150.5063 307.3774 281.3580 1.7520 1.7919 0.5265 -5.0708 1.4531 10.5698 3.0730 0.1930
Cyclist -1 -1 2.8706 682.6454 176.1590 699.0540 203.0658 1.6956 1.8210 0.5836 5.1858 1.9139 46.6440 2.9801 0.1610
Car -1 -1 -1.8002 716.3767 170.6855 920.6542 318.8098 1.6298 1.6920 4.0584 2.5412 1.6063 9.9755 -1.5590 0.7700
Car -1 -1 -1.2039 0.0000 195.8188 373.6335 375.0000 1.5298 1.8472 3.6158 -3.1025 1.7615 5.3494 -1.7092 0.7178
Car -1 -1 -1.7200 641.7062 179.7897 700.1199 223.2622 1.4829 1.6359 3.6832 2.1735 1.7621 27.1088 -1.6416 0.7096
Car -1 -1 -3.1495 670.8670 175.3026 698.3104 199.9980 1.5696 3.6946 1.7525 4.9270 1.7399 48.1585 -3.0486 0.2776
Car -1 -1 0.1346 694.7138 172.8495 720.2198 192.4004 1.5748 3.6953 1.6298 8.1254 1.5748 60.1150 0.2680 0.1922
