Pedestrian -1 -1 2.6116 714.4455 169.7948 729.7578 199.3336 1.8200 0.7065 0.6766 6.9429 1.6319 44.9072 2.7635 0.3454
Cyclist -1 -1 0.0126 382.2261 179.7407 426.5456 295.0631 1.7188 1.6953 0.6468 -3.3902 1.8401 11.7618 -0.2630 0.5430
Car -1 -1 -1.6714 632.8132 179.9555 701.1159 233.0907 1.5332 1.7849 3.9622 1.7064 1.7833 23.3601 -1.6002 0.7319
Car -1 -1 -0.5479 858.1797 171.2769 1180.4392 302.1179 1.6593 1.5410 3.6444 5.4885 1.6397 10.0267 -0.0603 0.6622
Car -1 -1 -0.6970 920.3909 182.8673 1242.0000 350.6364 1.5047 1.5387 3.7731 5.3874 1.6226 7.5262 -0.0950 0.6300
Car -1 -1 -1.1394 214.1681 182.6770 403.4458 250.9097 1.5342 3.8593 1.7116 -7.2248 1.7846 17.4295 -1.5275 0.5742
Car -1 -1 -0.9058 1076.6920 190.0271 1242.0000 375.0000 1.5097 1.5460 3.9231 5.6070 1.6529 5.0392 -0.0966 0.5173
Car -1 -1 1.8846 333.6424 179.6240 447.3099 226.4510 1.5650 3.4533 1.6839 -7.6625 1.8105 25.2448 1.5923 0.4745
Car -1 -1 0.2718 294.2042 186.8586 443.5280 244.4882 1.5009 1.5786 3.6512 -6.6704 1.9081 20.0844 -0.0455 0.4644
Car -1 -1 3.3632 0.0000 195.2088 122.7464 375.0000 1.4785 3.6727 1.6857 -6.2966 1.7689 7.3402 2.6719 0.4538
Car -1 -1 -0.0821 614.4716 177.9151 651.8895 207.6002 1.4766 3.6817 1.6825 1.1513 1.7597 38.4137 -0.0529 0.4350
Car -1 -1 0.3193 345.3741 176.8227 447.4197 215.6660 1.6029 1.9103 3.7959 -9.1559 1.7794 30.9997 0.0340 0.4246
Car -1 -1 3.1434 443.7484 170.5654 485.4233 208.5828 1.5917 4.0094 1.7202 -6.5507 1.4963 32.3414 2.9447 0.3464
