Pedestrian -1 -1 3.2057 0.0000 164.7751 51.4017 280.7973 1.7653 0.8173 0.6420 -9.3841 1.6427 11.4941 2.5322 0.2715
Pedestrian -1 -1 1.9840 96.9829 170.7702 171.7180 280.7103 1.7402 0.8207 0.6683 -7.8217 1.7075 11.8137 1.4092 0.2256
Pedestrian -1 -1 2.7438 659.7625 157.9866 688.5943 214.5628 1.8536 0.8741 0.6731 2.0975 1.3668 24.1560 2.8288 0.2024
Cyclist -1 -1 -0.6276 1062.1418 92.9929 1242.0000 355.8939 1.8401 1.8444 0.5223 4.5283 1.2815 5.9704 -0.0024 0.2267
Cyclist -1 -1 1.3120 689.9575 173.0127 869.6392 335.5930 1.7039 1.8167 0.6284 1.7751 1.7061 7.9173 1.5230 0.1930
Car -1 -1 1.7110 385.8614 182.1189 512.1777 282.5508 1.5790 1.7998 3.5221 -2.9040 1.7760 13.4954 1.5021 0.7237
Car -1 -1 -0.8805 0.0000 208.4614 310.8538 375.0000 1.5207 1.6960 4.0496 -2.9511 1.7732 3.0540 -1.6063 0.6178
Car -1 -1 3.0583 543.0752 177.1763 576.6634 204.8347 1.5173 3.6884 1.6476 -3.0014 1.7818 42.1382 2.9872 0.4485
Car -1 -1 -0.1161 508.3691 173.4387 539.9739 198.6228 1.6313 3.9364 1.6780 -5.8899 1.6731 48.9436 -0.2356 0.2835
Car -1 -1 -0.2020 627.2303 169.1882 660.9492 191.1522 1.5770 3.3787 1.8558 2.4706 1.3142 53.6177 -0.1566 0.2384
Car -1 -1 -1.4247 612.9619 174.7129 639.3397 192.6823 1.5383 1.8984 3.1423 1.4333 1.7075 63.8283 -1.4027 0.2010
Car -1 -1 -3.0468 590.2324 177.4498 626.5057 197.4225 1.5178 2.6018 2.6283 -0.1242 1.8896 56.8972 -3.0494 0.1975
Car -1 -1 -0.2358 633.0881 171.2616 677.7246 201.2945 1.5733 3.6067 1.6435 2.4133 1.4902 39.7144 -0.1760 0.1948
