Pedestrian -1 -1 -1.4363 671.8797 164.1523 692.5911 203.4556 1.8524 0.9081 0.6308 3.4099 1.4427 34.4161 -1.3388 0.3610
Car -1 -1 -0.9942 0.0000 198.8627 279.1924 375.0000 1.5345 1.7899 3.8462 -5.7011 1.9090 8.4497 -1.5737 0.7693
Car -1 -1 -2.0316 768.0191 179.5717 1081.9608 355.2905 1.5169 1.6473 3.8482 3.2082 1.6139 8.3806 -1.6789 0.7623
Car -1 -1 -1.7260 698.8922 173.4736 796.8879 246.6543 1.5388 1.6654 3.8021 3.0924 1.5555 17.1185 -1.5511 0.7385
Car -1 -1 3.3470 393.4987 177.0454 470.3546 230.5162 1.5694 3.8171 1.6655 -5.7212 1.7170 23.4120 3.1093 0.6947
Car -1 -1 3.2674 439.1805 178.0302 492.8174 220.6842 1.5445 3.6617 1.6233 -5.6535 1.7625 28.4628 3.0726 0.6903
Car -1 -1 -1.7968 675.2755 174.3975 758.5009 232.2986 1.6263 1.7235 3.7163 3.1543 1.6785 22.2929 -1.6588 0.6498
Car -1 -1 -2.5318 998.3900 194.8276 1242.0000 375.0000 1.5273 1.6541 3.9588 3.4171 1.6713 2.6576 -1.6752 0.5691
Car -1 -1 0.0771 216.4913 183.5817 283.0365 236.7872 1.4683 3.7575 1.5750 -11.3202 1.8375 22.7672 -0.3800 0.4316
Car -1 -1 0.0907 165.9211 175.3152 231.8993 224.1550 1.5848 3.6966 1.6924 -14.5656 1.6796 25.6482 -0.4215 0.3831
