Pedestrian -1 -1 1.8627 726.5174 171.4197 740.5864 198.1581 1.8181 0.8031 0.6380 8.4518 1.7209 49.5224 2.0304 0.5887
Pedestrian -1 -1 3.2583 398.9091 179.2890 419.7838 226.3494 1.6621 0.7837 0.6389 -7.2790 1.8986 26.0366 2.9878 0.5763
Pedestrian -1 -1 -0.6867 727.7166 163.5931 764.6467 223.6781 1.7824 0.8657 0.7165 4.0923 1.5080 21.9534 -0.5055 0.5144
Pedestrian -1 -1 2.4729 854.4209 166.7730 875.4374 204.3216 1.7592 0.7582 0.5985 12.0620 1.4746 34.2577 2.8084 0.4987
Pedestrian -1 -1 -0.6598 742.8676 163.4094 775.0240 220.3879 1.7530 0.7652 0.6581 4.6332 1.4628 22.6858 -0.4615 0.4450
Pedestrian -1 -1 2.5185 691.8484 178.7572 709.3605 209.8742 1.6666 0.6781 0.6768 4.8948 1.9921 39.2759 2.6409 0.4128
Pedestrian -1 -1 -1.3083 493.5577 176.4888 504.8965 202.4274 1.6486 0.5801 0.6135 -7.1360 1.8838 46.2873 -1.4608 0.3024
Cyclist -1 -1 -3.1806 635.9816 171.5461 648.8580 203.9660 1.8078 1.8909 0.6563 1.8072 1.7352 41.1787 -3.1375 0.3041
Cyclist -1 -1 2.4001 720.7354 172.2554 743.5834 198.1046 1.7464 1.6845 0.5539 8.3601 1.7063 49.6031 2.5656 0.2950
Cyclist -1 -1 -0.2667 729.0804 163.0988 762.1727 223.5022 1.7753 1.7578 0.5422 4.0892 1.4889 22.1024 -0.0867 0.2903
Car -1 -1 -1.8684 765.7959 175.4763 1027.4089 348.6401 1.5860 1.6634 3.9288 3.0231 1.6250 8.6519 -1.5441 0.8380
Car -1 -1 1.8968 228.5961 194.8912 399.2759 299.0595 1.4486 1.6321 3.7067 -5.0487 1.8952 12.7189 1.5253 0.7380
Car -1 -1 -2.1398 877.4891 114.7889 1242.0000 375.0000 1.6500 1.6717 4.1607 2.8005 1.5298 3.6157 -1.5202 0.6235
Car -1 -1 3.2362 503.3712 176.9810 546.4584 212.7898 1.6292 4.2161 1.7098 -4.1543 1.8444 35.4411 3.1198 0.6042
Car -1 -1 -0.9139 0.0000 200.1875 192.7072 375.0000 1.5180 1.6484 3.9738 -5.1319 1.8056 5.5436 -1.6371 0.5059
Car -1 -1 -0.7163 652.1223 174.8638 693.0822 193.4435 1.5533 3.4885 1.6545 5.3860 1.7334 62.6246 -0.6313 0.3323
Car -1 -1 -1.0507 868.6207 174.1888 951.2304 204.5041 1.5147 3.6247 1.7940 15.7945 1.5894 38.2033 -0.6618 0.3235
Car -1 -1 -3.1284 719.9808 175.4998 760.2908 212.6931 1.5730 4.0452 1.7032 5.9219 1.7021 32.9653 -2.9528 0.3068
