Cyclist -1 -1 3.0131 485.3795 180.2436 498.4312 207.0425 1.7274 1.8740 0.6209 -7.9003 2.2298 48.0359 2.8505 0.4761
Car -1 -1 -1.8724 734.0402 175.6583 924.2361 302.3532 1.5934 1.6773 3.6269 3.0535 1.6437 10.9984 -1.6096 0.8333
Car -1 -1 -2.0456 818.2593 181.0831 1242.0000 375.0000 1.5840 1.7585 4.2779 2.9871 1.6704 5.3956 -1.5642 0.8111
Car -1 -1 -1.2730 235.3680 196.2779 437.4963 328.6637 1.4742 1.7024 3.6223 -3.7881 1.8763 10.5288 -1.6114 0.7459
Car -1 -1 -1.0541 0.0000 205.8950 297.7548 375.0000 1.4587 1.5987 3.7260 -3.9166 1.7991 5.5018 -1.6508 0.6565
Car -1 -1 -1.8666 640.2787 178.2493 702.3997 216.0290 1.5572 1.6865 3.9538 2.6436 1.8160 32.4517 -1.7867 0.6425
Car -1 -1 -0.0961 596.1229 180.2712 628.5037 205.3410 1.5357 3.6208 1.7699 0.0818 2.0407 47.1991 -0.0949 0.5917
Car -1 -1 -1.6526 768.3329 174.3517 876.7210 224.6219 1.6245 3.3968 1.6854 7.0974 1.6782 24.5404 -1.3749 0.5260
Car -1 -1 -2.1535 1049.9204 149.4757 1242.0000 235.7651 2.0068 3.6626 1.7760 13.1566 1.4635 17.7507 -1.5240 0.4776
Car -1 -1 -0.7664 683.6793 174.2881 725.0103 192.2941 1.5770 3.5274 1.7593 8.5117 1.7113 65.4415 -0.6380 0.3932
Car -1 -1 -1.9214 546.8646 179.6253 592.0832 197.4602 1.4660 3.4926 1.7298 -3.5033 2.0614 61.9209 -1.9781 0.3819
Car -1 -1 1.4562 346.6903 173.9545 430.0059 209.3121 1.6693 3.7717 1.6901 -11.0028 1.7264 35.6869 1.1589 0.3581
Car -1 -1 1.9141 334.8904 172.4176 389.4980 192.2487 1.6182 3.9077 1.7854 -20.5270 1.5829 59.7934 1.5845 0.3456
