Pedestrian -1 -1 1.5100 278.1396 149.5235 363.9274 316.6359 1.7976 0.8741 0.6264 -3.3569 1.5470 8.2279 1.1330 0.3126
Pedestrian -1 -1 1.6568 290.1919 192.3746 325.2268 255.3905 1.7639 0.8772 0.7599 -8.8323 2.3457 20.9955 1.2626 0.2152
Cyclist -1 -1 2.0965 144.5187 193.1478 299.2654 321.8998 1.6840 1.7968 0.6375 -5.3511 1.9729 9.9017 1.6116 0.2407
Cyclist -1 -1 -0.1905 625.4183 182.7382 639.9498 209.4646 1.7569 1.8017 0.6549 1.5044 2.4424 49.0669 -0.1606 0.2285
Cyclist -1 -1 1.2308 800.0047 183.1484 905.5944 272.1353 1.6401 1.7953 0.6289 4.5429 1.8410 13.7135 1.5432 0.2270
Cyclist -1 -1 -0.8228 1060.2885 161.9032 1103.8469 200.6495 1.8035 1.8017 0.6159 22.5316 1.2942 34.5319 -0.2489 0.2154
Car -1 -1 -0.3197 726.6094 179.7787 894.2089 242.1613 1.5562 1.5734 3.9796 5.1805 1.7485 19.1010 -0.0596 0.6193
Car -1 -1 -0.3942 747.5350 182.6832 944.1213 254.6511 1.5097 1.5980 3.9291 5.2192 1.7464 16.3749 -0.0917 0.5956
Car -1 -1 2.8383 565.3754 184.0751 617.6962 215.8001 1.5458 3.8975 1.7145 -1.0852 2.1823 38.7780 2.8099 0.4988
Car -1 -1 -2.8893 686.5289 177.9999 757.7062 222.0114 1.5466 3.3574 1.9323 4.3232 1.7585 27.7264 -2.7369 0.3927
Car -1 -1 -0.3077 641.0914 177.1228 686.9517 205.8690 1.5605 3.6246 1.6097 3.0375 1.8191 41.6953 -0.2360 0.3078
Car -1 -1 3.0104 623.8877 178.7312 655.1017 201.5380 1.5111 3.9080 1.6926 2.0104 1.9423 50.8712 3.0492 0.3067
Car -1 -1 -2.2165 740.2825 176.8804 859.9707 232.0980 1.5432 1.7226 3.6728 5.7667 1.6803 22.4847 -1.9692 0.2465
