Pedestrian -1 -1 1.6949 296.0412 142.2051 408.7308 345.5796 1.8597 0.9588 0.5944 -2.5204 1.5798 6.9864 1.3595 0.5274
Pedestrian -1 -1 2.9633 358.8759 142.4068 431.4982 301.1949 1.8321 0.9898 0.6961 -2.7255 1.4812 8.9210 2.6741 0.5193
Pedestrian -1 -1 -0.3678 603.3025 169.7915 625.4576 213.4965 1.7835 0.8091 0.6719 0.1362 1.6589 29.9398 -0.3640 0.4658
Pedestrian -1 -1 1.0078 1108.0625 173.7152 1167.6770 254.2096 1.7311 0.7400 0.8134 11.6038 1.7510 15.9509 1.6273 0.3224
Pedestrian -1 -1 -1.5503 960.9579 169.5363 977.2506 204.1564 1.7656 0.7426 0.6820 18.5140 1.5967 37.2683 -1.0928 0.2472
Pedestrian -1 -1 3.0785 47.4947 158.9714 73.7008 218.0940 1.8557 0.7934 0.6232 -17.6753 1.4203 23.1482 2.4318 0.2324
Cyclist -1 -1 2.2832 930.6096 158.0485 972.7418 200.9827 1.7863 1.6984 0.5215 14.5728 1.1707 30.8993 2.7200 0.2675
Cyclist -1 -1 1.5473 809.3767 183.4170 917.9984 286.0114 1.6655 1.7175 0.6837 4.2791 1.8561 12.4107 1.8709 0.2014
Car -1 -1 -3.2205 691.4333 174.7704 915.5139 267.0027 1.5580 1.5453 3.7798 3.3892 1.5966 13.3017 -2.9773 0.6005
Car -1 -1 0.5454 171.4457 181.0417 219.8290 202.1503 1.4737 3.2449 1.6529 -30.5795 2.0975 53.2918 0.0264 0.3744
Car -1 -1 2.1127 238.9665 177.1597 285.7530 194.1772 1.5385 3.5089 1.7375 -32.1721 1.9435 66.7789 1.6650 0.3367
Car -1 -1 -0.0465 219.5311 173.9765 248.3057 197.1006 1.5692 3.6845 1.6427 -26.7203 1.6523 51.1620 -0.5258 0.3276
Car -1 -1 2.5775 564.0248 180.6217 606.0848 200.6122 1.5149 3.6420 1.7036 -2.0664 2.1632 58.2020 2.5417 0.2496
Car -1 -1 2.0815 243.6232 180.1821 295.6215 198.2012 1.5283 3.7280 1.7529 -29.7262 2.1790 63.0226 1.6422 0.2372
Car -1 -1 3.3637 107.8685 180.4426 195.5787 231.1415 1.5008 3.8243 1.6446 -15.1986 1.7760 24.0544 2.8050 0.1816
