Pedestrian -1 -1 -0.7009 1149.5632 99.7355 1242.0000 266.8270 1.9221 0.9262 0.6836 7.2003 1.0814 8.7704 -0.0299 0.5325
Car -1 -1 -0.2276 761.9988 171.3935 826.7491 213.3994 1.5771 3.8189 1.6782 7.2851 1.5226 29.0094 0.0155 0.6172
Car -1 -1 3.5200 81.6028 184.8309 184.3649 232.2223 1.5255 3.8694 1.8105 -17.3167 1.9977 26.3479 2.9430 0.6006
Car -1 -1 1.7395 341.8361 181.2005 414.3658 229.3314 1.5855 1.8780 4.0896 -8.5068 1.9193 26.6670 1.4331 0.5605
Car -1 -1 -1.7712 899.1998 162.1002 1182.7740 359.9274 1.5829 1.7044 3.9175 4.2421 1.4973 7.8878 -1.2941 0.5294
Car -1 -1 3.4290 247.5876 176.9429 331.5012 225.4231 1.6101 4.1220 1.6972 -11.6775 1.7727 26.4735 3.0170 0.4984
Car -1 -1 -1.6709 713.9655 172.8504 771.9901 216.8476 1.6060 1.8107 4.2418 5.1261 1.6062 28.5181 -1.4955 0.4757
Car -1 -1 3.1240 473.8287 172.7945 511.5972 208.5767 1.5640 3.7072 1.6375 -5.5191 1.5618 33.5061 2.9615 0.4700
Car -1 -1 -2.4645 976.5196 194.7817 1242.0000 375.0000 1.4950 1.6313 3.8356 3.0542 1.6292 2.4411 -1.6260 0.4384
Car -1 -1 -0.5041 566.2364 171.8700 619.5901 198.5803 1.5771 3.7968 1.6690 -1.1352 1.5194 44.6614 -0.5298 0.3796
Car -1 -1 1.0155 846.5298 159.3748 988.2721 218.1831 1.7173 3.6356 1.7686 9.3696 1.3240 22.2321 1.4092 0.3519
