Pedestrian -1 -1 -0.2809 54.8403 171.2857 84.6021 224.7776 1.7528 0.6446 0.6439 -18.0854 1.7018 24.0915 -0.9197 0.3442
Car -1 -1 -1.8870 735.7514 177.2916 1009.3856 355.2387 1.5650 1.6384 4.1599 2.6663 1.6308 8.5472 -1.5957 0.7956
Car -1 -1 -1.7868 692.0271 179.8287 821.6647 272.4315 1.5508 1.6493 3.9779 2.7044 1.7098 14.4009 -1.6060 0.7873
Car -1 -1 -1.7973 656.7438 177.0895 733.2736 228.9287 1.5307 1.6381 3.8508 2.6436 1.6816 23.6384 -1.6880 0.7244
Car -1 -1 -1.6935 644.1221 177.3937 684.3104 209.1101 1.5374 1.6258 3.6659 2.7221 1.7847 37.3804 -1.6220 0.6255
Car -1 -1 2.9889 470.0430 179.0230 517.3955 214.3943 1.5131 3.4682 1.6508 -5.4733 1.8156 33.4312 2.8274 0.5427
Car -1 -1 -2.4433 0.0000 181.3201 287.2848 331.1824 1.5973 1.6230 3.7821 -6.2263 1.7124 8.7880 -3.0458 0.5322
Car -1 -1 1.8117 338.0263 178.5751 476.6328 232.3050 1.5719 3.7965 1.7917 -6.2077 1.7563 22.2577 1.5423 0.4856
Car -1 -1 1.8117 378.3748 173.3756 480.8464 221.2926 1.7429 3.3908 1.9133 -6.7815 1.7636 27.2220 1.5693 0.4734
Car -1 -1 0.2675 8.4618 187.6477 323.9763 304.8193 1.5302 1.5936 3.7995 -6.5423 1.7819 10.9948 -0.2591 0.4115
Car -1 -1 -1.6841 821.0361 168.2305 929.4724 211.3366 1.6358 3.8643 1.6715 10.3912 1.4607 28.6352 -1.3397 0.3327
