Pedestrian -1 -1 2.2989 654.1865 166.2856 669.5273 195.3914 1.9011 0.7261 0.7035 3.3925 1.4724 47.6304 2.3692 0.1807
Pedestrian -1 -1 1.1765 733.6426 146.4011 775.5521 224.1583 1.8500 0.7965 0.6858 3.4672 1.2210 17.5803 1.3675 0.1381
Pedestrian -1 -1 1.5243 1120.8873 147.5094 1154.0054 216.7684 1.7974 0.6777 0.5850 13.9446 1.1400 19.1526 2.1461 0.1134
Pedestrian -1 -1 2.2417 663.3400 157.9965 682.9420 195.0393 1.9421 0.7954 0.6672 3.3186 1.1635 38.3413 2.3270 0.1114
Cyclist -1 -1 -1.6821 531.1581 172.3113 561.6729 201.4872 1.8417 1.8761 0.6813 -4.0944 1.8078 46.0634 -1.7707 0.1859
Cyclist -1 -1 -2.9956 526.1616 174.0422 539.1985 204.4042 1.7835 1.7837 0.5268 -4.6714 1.8567 43.3528 -3.1028 0.1827
Cyclist -1 -1 -0.4530 0.0000 2.5054 229.8631 375.0000 1.8108 1.7799 0.6238 -2.8680 1.0990 3.7100 -1.0775 0.1197
Cyclist -1 -1 2.9706 644.2474 177.6776 655.8374 199.9035 1.6634 1.8273 0.5819 3.0387 2.0401 55.3481 3.0247 0.1102
Cyclist -1 -1 -2.5104 246.4291 150.2790 367.2448 280.4801 1.6896 1.7645 0.6690 -4.3162 1.3970 10.2971 -2.8988 0.1034
Cyclist -1 -1 -0.5319 678.1262 162.4010 716.7386 208.4041 1.7288 1.7422 0.6979 3.3391 1.3363 28.0506 -0.4152 0.1001
Car -1 -1 3.0230 650.8849 177.4578 719.1776 232.5286 1.5130 3.6712 1.6170 2.1540 1.6655 21.9846 3.1186 0.7678
Car -1 -1 0.0029 539.3994 174.4947 565.0475 200.0113 1.6152 4.0634 1.6301 -3.8717 1.7295 48.0265 -0.0776 0.2075
Car -1 -1 2.9686 640.3387 171.2795 672.2264 193.4275 1.6958 3.6925 1.9069 3.6051 1.5756 57.1847 3.0308 0.1325
Car -1 -1 3.6245 0.0000 164.8749 248.9668 375.0000 1.5965 3.9671 1.7045 -4.2953 1.5607 5.3601 2.9726 0.1280
Car -1 -1 2.8809 631.0455 179.0405 660.7297 197.0794 1.5128 3.6283 1.7390 3.1202 2.0771 63.8073 2.9291 0.1205
