Pedestrian -1 -1 -0.5025 774.0536 155.8646 847.2621 277.6922 1.7865 0.8819 0.7400 3.1570 1.4119 11.0461 -0.2359 0.7864
Pedestrian -1 -1 1.6901 79.1360 158.3075 180.2784 334.3929 1.8204 0.8515 0.7114 -5.2218 1.5820 7.9299 1.1169 0.5121
Pedestrian -1 -1 1.4762 640.3395 151.4042 738.6891 317.0681 1.8323 1.0603 0.5893 0.9427 1.5008 8.2424 1.5806 0.4369
Pedestrian -1 -1 -0.8934 1085.2393 137.6954 1153.7717 238.3412 1.8393 0.7764 0.7150 9.7560 1.0400 13.5981 -0.2853 0.4253
Pedestrian -1 -1 2.0623 759.7965 157.8711 783.6979 202.2113 1.8791 0.7738 0.6816 7.3241 0.8787 30.9503 2.2878 0.2999
Pedestrian -1 -1 -0.5560 844.0203 160.9344 885.6580 232.7672 1.7895 0.7731 0.6901 6.6856 1.2783 18.3439 -0.2163 0.2974
Pedestrian -1 -1 3.0156 623.6437 163.6693 657.7496 235.1351 1.7922 0.8208 0.7708 0.9667 1.3462 18.4512 3.0619 0.2959
Pedestrian -1 -1 -0.5119 1038.9855 131.7791 1181.0214 354.4296 1.7951 0.8885 0.6399 4.3331 1.3956 6.2542 0.0691 0.2561
Pedestrian -1 -1 1.8002 231.6474 181.7204 306.2429 300.4924 1.6698 0.8552 0.7035 -4.8965 1.6745 10.5285 1.3684 0.2514
Pedestrian -1 -1 3.1596 384.0229 173.3851 404.3820 223.6824 1.7489 0.8048 0.6826 -7.3596 1.4678 25.4528 2.8756 0.2497
Cyclist -1 -1 3.1745 432.6383 163.4570 480.1175 273.8503 1.7889 1.8397 0.7588 -2.5587 1.4978 12.6082 2.9727 0.5591
Cyclist -1 -1 3.1743 341.3138 151.3252 395.7899 299.4157 1.8232 1.9254 0.6450 -3.2052 1.4531 9.8556 2.8619 0.5174
Cyclist -1 -1 2.2947 1000.6353 135.7518 1078.5681 206.2409 1.9140 2.0439 0.5411 12.4636 0.6730 20.5583 2.8291 0.3853
Cyclist -1 -1 -0.4500 834.1371 162.8057 890.8943 236.3138 1.7912 1.8109 0.6238 6.6348 1.3369 18.4368 -0.1144 0.3847
Cyclist -1 -1 -3.2509 678.8671 154.2198 751.1578 299.1003 1.7824 1.8428 0.7389 1.4522 1.4481 9.7663 -3.1129 0.3664
Cyclist -1 -1 3.4615 0.0000 163.7157 117.4149 374.0000 1.7649 1.8610 0.6647 -5.2284 1.6253 6.6798 2.8101 0.3451
Cyclist -1 -1 -0.3160 618.6331 164.1508 662.6176 235.3436 1.7438 1.8487 0.5721 0.9551 1.3201 18.5600 -0.2706 0.2564
Car -1 -1 -0.1085 557.2820 167.7890 588.8505 192.5320 1.5677 3.7148 1.6687 -1.9031 0.6997 47.4737 -0.1533 0.4119
Car -1 -1 -0.5585 1059.4972 176.1418 1238.0000 270.0207 1.4331 3.4554 1.6350 9.9041 1.3526 12.7547 0.0865 0.3623
Car -1 -1 1.2139 534.4824 176.6744 606.4490 203.5472 1.5077 3.7997 1.8019 -1.8083 1.2378 41.8758 1.1659 0.3221
Car -1 -1 2.6346 829.0345 178.4140 997.0785 261.9983 1.4845 3.4301 1.6018 6.0893 1.4310 14.5556 3.0190 0.3054
Car -1 -1 -0.1815 598.6602 162.1761 648.6014 198.2596 1.5382 3.5494 1.6164 0.9353 0.7154 32.4994 -0.1579 0.2880
