Pedestrian -1 -1 0.6829 136.1849 174.5498 178.9873 243.1578 1.7744 0.7183 0.6513 -12.0010 1.8205 19.0753 0.1274 0.1446
Pedestrian -1 -1 3.3010 190.1525 169.3617 213.5098 221.6293 1.7433 0.6592 0.5912 -13.8847 1.6272 24.4742 2.7893 0.1442
Pedestrian -1 -1 0.5978 891.9499 177.1655 961.6944 283.2273 1.6877 0.9600 0.6444 5.2406 1.7633 12.0530 0.9980 0.1364
Pedestrian -1 -1 0.5460 74.0581 165.5260 121.4321 241.4093 1.7385 0.6919 0.6367 -12.0332 1.5710 16.8938 -0.0656 0.1285
Pedestrian -1 -1 1.9544 1060.8864 145.4647 1179.8788 324.3023 1.7511 0.8523 0.6398 5.3046 1.4833 7.5946 2.5453 0.1274
Pedestrian -1 -1 0.2587 776.6575 188.7453 819.2462 266.2967 1.6922 0.8670 0.7532 4.2636 2.0692 16.5338 0.5056 0.1180
Pedestrian -1 -1 3.3498 21.4999 167.9671 67.9961 253.5469 1.7549 0.7770 0.6242 -12.0060 1.6550 15.2782 2.6921 0.1144
Pedestrian -1 -1 0.7629 913.6122 179.4074 992.1407 291.0734 1.6394 0.9367 0.6206 5.2197 1.7448 11.1062 1.1910 0.1132
Pedestrian -1 -1 1.9475 949.8005 157.2237 1034.6993 288.3147 1.7404 0.8852 0.6355 5.3011 1.5332 10.1184 2.4174 0.1011
Pedestrian -1 -1 2.2253 1122.5314 152.4142 1242.0000 355.9982 1.7371 0.8347 0.6507 5.3130 1.5631 6.6416 2.8778 0.1001
Cyclist -1 -1 -3.6909 1025.6495 141.6389 1191.5273 327.7091 1.7913 1.8587 0.5616 5.2840 1.4912 7.8794 -3.1181 0.1840
Cyclist -1 -1 3.6897 128.9261 174.3004 190.4693 244.7365 1.7874 1.8164 0.5165 -12.0272 1.8282 19.2540 3.1372 0.1472
Cyclist -1 -1 -0.4984 930.4596 161.2830 1039.9080 295.3821 1.7423 1.8485 0.5390 5.2377 1.5923 10.3062 -0.0406 0.1344
Cyclist -1 -1 -0.0324 509.6569 175.3125 516.7696 195.0703 1.7709 1.8498 0.5826 -8.8596 1.9989 65.8669 -0.1659 0.1325
Cyclist -1 -1 -0.5188 771.9031 190.6840 826.7224 267.6742 1.6428 1.5634 0.4985 4.2784 2.0735 16.5925 -0.2719 0.1142
Cyclist -1 -1 -0.1605 588.4765 173.9594 624.4900 236.1699 1.7434 1.7120 0.7857 -0.1695 1.7776 21.1603 -0.1693 0.1136
Cyclist -1 -1 -0.6499 904.1409 189.4947 996.2653 300.1439 1.6448 1.6565 0.4342 5.4810 1.9379 11.8362 -0.2268 0.1101
Cyclist -1 -1 3.4028 136.4718 161.2453 180.8983 222.9759 1.7384 1.7023 0.6861 -13.2998 1.4118 21.2303 2.8486 0.1014
Car -1 -1 -1.5400 576.5273 179.0384 633.6007 234.8264 1.5636 1.6361 3.8665 -0.1437 1.7745 22.6049 -1.5471 0.7482
Car -1 -1 2.4425 718.4369 183.8404 772.4977 207.8258 1.5098 3.5017 1.7792 9.1623 2.2888 49.1732 2.6251 0.2202
Car -1 -1 -1.5395 636.6705 185.4998 689.8915 208.8628 1.5367 3.5944 1.8532 3.6659 2.4287 49.7627 -1.4670 0.1207
Car -1 -1 1.6970 520.4185 186.2296 577.4072 209.5203 1.5305 3.7031 1.7365 -4.1844 2.4649 49.4400 1.6125 0.1140
Car -1 -1 1.8412 416.0931 169.9459 473.5049 194.5490 1.7217 3.6653 1.7127 -11.7737 1.5186 51.4304 1.6170 0.1114
Car -1 -1 1.5385 641.7452 183.8492 705.2971 210.0364 1.5014 3.7106 1.7150 3.7279 2.1734 43.1207 1.6235 0.1045
