Pedestrian -1 -1 -0.5025 749.9217 139.5970 790.3555 221.6364 1.8364 0.7427 0.6246 3.6264 1.0923 16.5941 -0.2916 0.2386
Pedestrian -1 -1 0.8888 873.1403 162.4718 919.5772 239.2528 1.7504 0.7615 0.6634 6.6442 1.5141 16.8795 1.2572 0.2328
Pedestrian -1 -1 2.3150 905.3372 122.2058 952.8583 223.1966 1.8531 0.5637 0.5997 5.9673 0.9241 13.6169 2.7199 0.2232
Cyclist -1 -1 -3.2290 719.6237 167.2197 731.6147 200.5760 1.8666 1.8729 0.5108 6.5799 1.5516 41.3251 -3.0727 0.3649
Cyclist -1 -1 -0.1337 828.0577 163.2556 865.4561 235.1832 1.7187 1.9695 0.6245 5.9181 1.4897 18.2625 0.1743 0.3053
Cyclist -1 -1 3.1304 422.7703 163.2232 446.7674 239.2286 1.7636 1.8743 0.5434 -4.3624 1.5405 17.7145 2.8918 0.2723
Cyclist -1 -1 -0.3266 578.3395 172.5193 591.8981 191.9684 1.8230 2.0945 0.6509 -2.3958 1.7919 68.7214 -0.3617 0.2150
Car -1 -1 -2.1551 880.8005 129.9684 1242.0000 375.0000 1.6418 1.6390 3.9734 2.8019 1.5472 3.6086 -1.5344 0.6956
Car -1 -1 1.4056 749.4777 168.6675 840.0599 205.4316 1.7656 4.0994 1.7725 9.0383 1.5649 35.6981 1.6512 0.3979
Car -1 -1 -0.5932 767.3522 176.8776 859.3490 213.5217 1.5489 1.6501 3.6508 9.0105 1.7362 32.1572 -0.3230 0.3376
Car -1 -1 -0.1091 657.3199 175.1513 685.9498 196.8074 1.5717 3.7756 1.7518 4.6076 1.7523 54.6799 -0.0259 0.2258
Car -1 -1 -0.3298 469.8031 179.5821 525.0689 213.7672 1.5269 3.4271 1.6093 -5.5209 1.8699 34.8596 -0.4862 0.2191
Car -1 -1 2.1063 184.0738 173.2506 337.2712 235.6381 1.7601 3.7533 1.6868 -10.3253 1.7727 21.3748 1.6608 0.2152
Car -1 -1 3.5813 0.0000 183.8243 221.8915 375.0000 1.5049 3.6969 1.6597 -4.8998 1.6300 6.2215 2.9346 0.2130
Car -1 -1 -3.1935 684.4194 177.8729 709.8671 198.0483 1.5316 3.4516 1.8259 6.8814 1.9439 57.4403 -3.0753 0.2107
Car -1 -1 2.9919 688.8206 177.9575 725.3380 204.0756 1.5383 4.0166 1.6784 6.0138 1.8734 45.3081 3.1225 0.2045
