Pedestrian -1 -1 3.2957 229.2158 170.1455 258.3754 233.3611 1.7483 0.8127 0.6172 -10.4099 1.6738 20.4338 2.8294 0.5608
Pedestrian -1 -1 1.7671 505.8787 175.1839 517.6469 197.2166 1.7933 0.8510 0.6225 -8.0729 1.9857 59.1339 1.6317 0.4064
Pedestrian -1 -1 1.5526 425.7628 174.0340 450.6963 225.1172 1.7105 0.8150 0.5896 -5.8960 1.7517 24.5624 1.3189 0.3896
Pedestrian -1 -1 1.6742 284.1723 173.8876 309.9086 225.6225 1.7729 0.7590 0.6577 -10.9544 1.8099 25.1679 1.2672 0.3455
Pedestrian -1 -1 2.4052 451.1272 174.6115 470.2594 207.9336 1.7706 0.7513 0.6820 -8.0827 1.8669 38.8866 2.2012 0.3250
Pedestrian -1 -1 1.7407 440.8168 176.8836 457.5711 218.2808 1.7547 0.6006 0.6549 -6.9440 1.9300 30.9892 1.5216 0.3084
Pedestrian -1 -1 1.9177 381.5347 176.7060 396.7130 208.9749 1.7783 0.6066 0.7015 -12.3424 1.9953 40.2125 1.6214 0.2944
Pedestrian -1 -1 2.4551 516.7918 175.7757 527.3405 196.1031 1.7831 0.5905 0.7149 -7.8064 2.0440 63.8851 2.3337 0.2872
Pedestrian -1 -1 1.9824 357.9243 177.7686 376.7756 213.9376 1.7557 0.6722 0.6562 -11.9651 2.0001 35.4742 1.6589 0.2641
Pedestrian -1 -1 2.7919 329.7329 175.6059 352.5318 218.3845 1.7617 0.7016 0.6987 -11.3223 1.8794 30.2692 2.4365 0.2640
Pedestrian -1 -1 1.2974 661.7020 180.0930 690.8561 234.6785 1.6782 0.7638 0.6477 2.0318 1.9099 22.6719 1.3848 0.2518
Pedestrian -1 -1 2.5669 485.0267 173.5176 498.3925 199.7341 1.7732 0.6696 0.6397 -8.1104 1.8193 49.2849 2.4043 0.2457
Pedestrian -1 -1 2.4013 626.0375 176.5054 643.4289 205.5121 1.6966 0.7610 0.7027 1.4345 1.9165 42.8483 2.4340 0.2126
Cyclist -1 -1 -1.4554 1163.0314 183.8596 1201.3914 215.0591 1.7341 1.6763 0.5396 32.8157 2.3784 41.4336 -0.7896 0.4622
Cyclist -1 -1 2.5834 502.7654 176.6216 519.6992 197.7646 1.7022 1.6585 0.5865 -8.1337 2.0160 59.2055 2.4471 0.2708
Cyclist -1 -1 3.0708 452.7858 174.3334 467.9024 207.2825 1.7278 1.7475 0.6739 -8.1023 1.8097 38.8490 2.8661 0.2505
Cyclist -1 -1 -0.6995 617.4161 174.0903 644.7238 203.1473 1.6929 1.8262 0.5868 1.2123 1.7685 43.0081 -0.6720 0.2413
Cyclist -1 -1 3.1789 330.0617 177.1333 349.5138 219.0701 1.6844 1.8739 0.6907 -11.3314 1.8697 30.1804 2.8222 0.2220
Car -1 -1 -0.1253 572.4401 175.5745 606.0099 201.9764 1.5653 3.6804 1.6428 -1.3708 1.7431 45.1211 -0.1560 0.5499
Car -1 -1 3.0648 544.5211 174.9284 569.7133 195.9428 1.5216 3.5531 1.6242 -4.0490 1.6840 54.4908 2.9906 0.4539
Car -1 -1 -0.1841 234.3624 175.4060 271.9467 199.7166 1.5806 3.6995 1.6551 -24.4392 1.7623 49.3010 -0.6424 0.2869
Car -1 -1 3.3341 414.9659 176.8469 447.7125 198.2041 1.5531 3.8468 1.7247 -13.6415 1.8696 55.1641 3.0925 0.2326
Car -1 -1 3.3759 11.1476 198.9825 99.2490 247.3209 1.4843 3.8485 1.7015 -20.3182 2.5218 26.5320 2.7270 0.2158
Car -1 -1 2.3564 1079.2122 178.6035 1145.6857 200.7721 1.5688 4.0678 1.7294 37.7251 2.0193 54.3325 2.9604 0.2143
