Pedestrian -1 -1 1.3716 529.6730 171.7547 582.4711 257.6124 1.7501 0.9916 0.6639 -0.9979 1.5527 15.0920 1.3011 0.8502
Pedestrian -1 -1 1.6898 728.1754 167.0868 813.3900 312.2677 1.6911 0.9563 0.6947 2.0502 1.5245 8.8495 1.9051 0.8179
Pedestrian -1 -1 2.7651 621.5375 168.6514 671.6517 255.7685 1.7535 0.9288 0.7501 0.8951 1.4961 15.0157 2.8181 0.7669
Pedestrian -1 -1 -0.2766 555.5936 164.2431 593.8326 242.3334 1.7700 0.8599 0.6790 -0.6682 1.3801 16.7944 -0.3211 0.7130
Pedestrian -1 -1 -0.3474 598.6987 163.7887 637.5079 239.4639 1.7215 0.8157 0.6662 0.3479 1.3198 16.8324 -0.3324 0.6488
Pedestrian -1 -1 1.3874 644.6784 156.0683 758.9755 339.9059 1.7923 1.0422 0.7058 0.9584 1.5457 7.3866 1.5059 0.5763
Pedestrian -1 -1 3.4412 331.5018 170.8835 366.5126 240.0840 1.7294 0.6182 0.6903 -6.4471 1.4652 18.2719 3.1011 0.4129
Pedestrian -1 -1 -1.9269 1134.0433 141.5290 1238.0000 320.6219 1.7667 0.8579 0.6624 6.1752 1.3738 7.5294 -1.2623 0.4091
Pedestrian -1 -1 -0.7740 958.1624 149.3416 1022.0825 244.6201 1.8600 0.8356 0.7717 7.8131 1.2334 14.5318 -0.2934 0.3858
Pedestrian -1 -1 0.0008 126.2036 144.5177 169.1062 259.2104 1.8478 0.8860 0.5927 -7.6838 1.2533 12.1033 -0.5604 0.3385
Pedestrian -1 -1 3.1596 318.8233 165.3523 339.2582 220.7488 1.8045 0.7235 0.6241 -9.0608 1.2796 23.8426 2.7949 0.3323
Pedestrian -1 -1 -0.5279 576.5477 168.6021 598.2680 206.8217 1.8368 0.8747 0.7147 -0.6965 1.2179 35.0801 -0.5527 0.3322
Pedestrian -1 -1 3.3276 195.2337 171.2006 230.4236 240.8399 1.7544 0.8725 0.6534 -10.0890 1.4962 18.6098 2.8314 0.2856
Pedestrian -1 -1 2.7296 624.5074 158.5615 649.7448 213.8046 1.8257 0.6537 0.6363 1.1724 1.0687 24.1566 2.7725 0.2337
Pedestrian -1 -1 0.0350 186.3543 173.4214 215.6747 236.7154 1.7272 0.7185 0.6928 -11.2138 1.5079 20.0772 -0.4741 0.2323
Pedestrian -1 -1 3.2261 369.7541 167.0663 392.2737 222.3101 1.8102 0.6877 0.6649 -7.3662 1.3384 23.9430 2.9255 0.2300
Cyclist -1 -1 -0.0824 579.7799 168.2693 595.2968 206.1564 1.8083 1.8332 0.5999 -0.6995 1.1777 35.2250 -0.1071 0.3519
Cyclist -1 -1 -0.1905 662.4485 170.7309 687.7105 224.1397 1.5221 1.6319 0.4291 2.1416 1.2164 21.3027 -0.0967 0.3295
Cyclist -1 -1 2.1619 149.7749 176.3079 239.8767 244.0362 1.7321 1.9594 0.7704 -10.6715 1.6005 18.8273 1.6469 0.2902
Cyclist -1 -1 -0.5197 922.9779 149.4922 995.4627 235.1437 1.8025 1.8481 0.5876 7.9175 1.1302 16.0577 -0.0733 0.2877
Cyclist -1 -1 -1.5646 497.0869 167.4369 519.3848 188.9883 1.7715 1.8215 0.6269 -7.6871 0.6160 59.4684 -1.6974 0.2871
Cyclist -1 -1 -0.6473 605.4698 159.5976 670.7278 233.6464 1.7777 1.7413 0.7379 0.8712 1.2531 18.1687 -0.6053 0.2600
Car -1 -1 1.3167 323.9586 165.1264 540.6850 300.6919 1.7189 2.5590 2.8566 -2.7246 1.5127 10.9716 1.0730 0.4998
Car -1 -1 -0.3386 0.0000 162.0769 146.0866 243.2079 1.6760 3.9197 1.6972 -12.4345 1.2760 16.6352 -0.9781 0.2845
Car -1 -1 2.7492 735.4834 170.0840 838.9229 226.4555 1.5306 3.7968 1.6219 5.4066 1.2218 21.5014 2.9875 0.2710
Car -1 -1 1.7245 348.7468 161.6397 485.3364 227.8704 1.8499 3.6689 1.6999 -5.3449 1.2963 21.0849 1.4740 0.2445
Car -1 -1 2.8545 434.7620 168.8566 505.6794 213.4771 1.6437 3.9330 1.7091 -5.3096 1.1790 28.5983 2.6674 0.2321
Car -1 -1 -0.2409 494.1518 167.8526 523.3054 186.7426 1.5559 3.5125 1.6523 -7.8835 0.4323 61.0988 -0.3735 0.2283
Car -1 -1 1.7642 506.2836 177.2265 562.3069 200.1515 1.4841 3.4263 1.7413 -4.4060 1.2081 47.5317 1.6673 0.2225
