Pedestrian -1 -1 2.3776 765.5842 165.7245 799.3696 223.4303 1.8615 0.7733 0.7599 5.6411 1.6319 23.7993 2.6069 0.1989
Pedestrian -1 -1 2.1093 1036.3448 128.1678 1082.7869 223.5095 1.8818 0.5801 0.5927 9.0645 1.0001 14.6333 2.6548 0.1533
Cyclist -1 -1 -1.0675 408.0466 172.9778 442.8892 204.6605 1.8085 1.8894 0.6161 -10.7040 1.8161 41.7222 -1.3175 0.4833
Cyclist -1 -1 2.2663 1107.9128 191.3228 1242.0000 327.6438 1.6138 1.7262 0.3952 7.5544 1.8843 9.6645 2.9140 0.2202
Cyclist -1 -1 -1.4054 411.1639 166.2420 473.5740 224.2000 1.8139 1.8558 0.6289 -5.3622 1.6073 22.9499 -1.6329 0.2150
Cyclist -1 -1 -0.6935 1007.1528 156.3339 1120.6597 266.4128 1.7802 1.8943 0.5897 7.8351 1.5134 12.6465 -0.1499 0.1984
Cyclist -1 -1 -3.1245 643.0190 183.4803 656.5884 232.1610 1.6705 1.7135 0.4652 1.3988 2.0667 26.0076 -3.0723 0.1834
Cyclist -1 -1 0.1501 504.8600 183.2605 518.7440 217.3134 1.6811 1.6629 0.4630 -5.0601 2.2266 36.9628 0.0144 0.1817
Cyclist -1 -1 0.5315 347.2386 161.7235 393.3532 221.8518 1.8098 1.8036 0.5313 -7.5459 1.4751 22.6522 0.2130 0.1664
Cyclist -1 -1 0.4181 476.7708 174.9290 503.5981 216.2905 1.6138 1.6819 0.4220 -4.8613 1.7004 29.1042 0.2535 0.1655
Cyclist -1 -1 0.2294 494.3194 181.3835 511.7866 219.2969 1.6610 1.6221 0.4295 -4.8931 2.0589 32.8054 0.0819 0.1554
Cyclist -1 -1 -0.3438 650.7910 174.9960 692.0040 232.8030 1.7136 1.9199 0.6619 1.8426 1.7837 22.4748 -0.2639 0.1550
Car -1 -1 -1.9530 771.0563 186.1212 1124.8792 375.0000 1.5619 1.7438 4.2768 3.0739 1.7451 7.7872 -1.5914 0.8714
Car -1 -1 -1.7850 638.2490 170.2496 718.5468 223.7266 1.6529 1.9027 3.7925 2.1609 1.5728 24.3006 -1.6981 0.5929
Car -1 -1 0.3100 195.7019 171.0078 346.0942 259.3928 1.5944 3.9019 1.6837 -6.9118 1.5614 15.0475 -0.1144 0.2295
Car -1 -1 -2.8160 517.0421 179.6997 551.0291 200.4979 1.5255 3.4529 1.6048 -5.8869 2.0749 56.0068 -2.9207 0.2283
Car -1 -1 -0.2362 664.6048 172.9175 695.0826 192.7925 1.5533 3.5639 1.6548 5.5827 1.5589 58.2804 -0.1415 0.1669
Car -1 -1 3.5398 0.0000 186.1417 207.1564 375.0000 1.4903 3.5901 1.6343 -4.8880 1.6390 6.1082 2.8857 0.1568
Car -1 -1 1.8395 410.9102 175.4245 475.0449 201.5636 1.4862 3.3097 1.7269 -9.7539 1.6400 42.1391 1.6131 0.1564
Car -1 -1 -0.6680 918.1637 190.2102 1213.8413 317.2997 1.4995 3.9254 1.7181 6.6170 1.8176 11.1408 -0.1446 0.1551
