Pedestrian -1 -1 2.6057 522.1578 179.0653 537.3756 204.1448 1.7152 0.7270 0.7904 -5.6049 2.1517 50.1344 2.4945 0.3427
Pedestrian -1 -1 3.5374 66.7803 154.4139 172.0947 329.1297 1.7743 0.8244 0.6685 -5.3207 1.5874 7.7923 2.9538 0.2044
Pedestrian -1 -1 -0.7651 656.5223 134.6479 695.1843 218.8812 1.8565 0.7383 0.4988 1.4386 1.0148 16.3439 -0.6794 0.1981
Pedestrian -1 -1 3.5723 169.3417 156.2956 240.4269 283.3076 1.7585 0.7843 0.6197 -5.8744 1.5296 10.4009 3.0687 0.1848
Pedestrian -1 -1 3.6200 107.0629 174.6137 198.5721 319.4276 1.6942 0.7776 0.6624 -5.6447 1.7172 8.8613 3.0659 0.1671
Pedestrian -1 -1 2.6931 388.1116 167.5918 407.3951 207.6944 1.8020 0.7551 0.5728 -9.7168 1.5659 32.8907 2.4077 0.1564
Pedestrian -1 -1 0.2972 1154.7618 216.8379 1227.2385 319.4966 1.6400 0.8269 0.7838 10.0600 2.4403 12.5607 0.9598 0.1535
Cyclist -1 -1 -2.0124 1112.7980 199.6036 1242.0000 307.2956 1.7601 1.6768 0.7029 9.8139 2.2456 12.5649 -1.3618 0.2823
Cyclist -1 -1 -0.6405 1051.7963 60.4921 1242.0000 375.0000 1.7873 1.7701 0.5435 3.5606 1.2145 4.5654 -0.0089 0.2206
Cyclist -1 -1 -0.5442 409.0816 171.7940 427.5437 194.0190 1.8852 2.0610 0.5481 -16.5306 1.7956 62.1133 -0.8035 0.1669
Car -1 -1 1.5812 421.9628 180.0510 487.1593 242.3562 1.5926 1.6873 3.9583 -4.5494 1.8238 21.0351 1.3701 0.6288
Car -1 -1 1.6590 485.2613 176.1377 542.1211 201.0662 1.7214 3.8453 1.8154 -6.8074 1.9588 51.0755 1.5268 0.3380
Car -1 -1 0.8599 1051.4062 168.0392 1242.0000 375.0000 1.5487 1.6920 3.9736 3.6748 1.5426 3.0427 1.6921 0.2263
Car -1 -1 -0.4216 542.1408 179.2621 596.9077 208.3386 1.5840 3.7001 1.8451 -2.4522 1.9782 42.2818 -0.4797 0.1890
Car -1 -1 2.9523 515.6198 187.8810 559.1129 217.4817 1.5291 3.8507 1.7880 -4.2606 2.4376 41.5040 2.8500 0.1802
Car -1 -1 -1.9693 956.7983 187.6543 1215.7102 301.9474 1.9269 3.6894 1.7328 8.7272 2.2300 13.6100 -1.4101 0.1641
Car -1 -1 -3.3969 736.4301 139.6599 1242.0000 375.0000 1.5517 4.0286 1.7146 1.8138 1.4300 4.7318 -3.0527 0.1398
