Pedestrian -1 -1 -0.4071 750.1608 159.3611 814.9999 272.7315 1.7465 0.9509 0.6899 2.7146 1.5390 11.6432 -0.1847 0.7568
Pedestrian -1 -1 1.3156 805.7233 152.0475 877.6686 268.0785 1.7974 0.9438 0.6995 3.6364 1.4754 11.5433 1.6126 0.6122
Pedestrian -1 -1 -0.5224 664.5472 176.8823 691.3344 217.3914 1.7470 0.9023 0.8360 2.9512 1.9282 31.8144 -0.4315 0.4523
Pedestrian -1 -1 2.4541 794.7651 173.3354 818.2599 212.4725 1.7205 0.8168 0.6382 8.7356 1.7427 32.2336 2.7159 0.4374
Pedestrian -1 -1 3.4469 239.4308 157.1654 378.1070 369.8149 1.7334 0.8605 0.9026 -2.6606 1.6059 6.3430 3.0634 0.3661
Pedestrian -1 -1 0.3079 866.5294 150.5403 921.3870 266.2462 1.7852 0.8799 0.5950 4.5430 1.4413 11.6595 0.6702 0.3639
Pedestrian -1 -1 0.5507 783.1360 181.6724 807.8392 223.5303 1.7250 0.8288 0.6794 7.7982 2.1045 30.4891 0.7981 0.3056
Pedestrian -1 -1 2.4045 925.2735 176.2972 975.8770 246.8528 1.6496 0.8943 0.6797 8.1759 1.7357 17.4469 2.8355 0.2618
Pedestrian -1 -1 3.1207 386.1717 163.3844 420.7752 252.7426 1.8214 0.8938 0.6830 -4.4186 1.6287 15.2321 2.8423 0.2438
Pedestrian -1 -1 -1.3999 571.1048 178.2354 579.5376 199.0735 1.6366 0.5680 0.6397 -2.7726 2.0662 57.2010 -1.4485 0.2331
Pedestrian -1 -1 2.4687 434.7140 168.7059 447.0226 191.7253 1.8667 0.7556 0.6510 -13.8538 1.5307 58.9986 2.2388 0.2259
Pedestrian -1 -1 -0.4306 419.0000 158.4783 444.4768 210.8119 1.8721 0.8458 0.6047 -6.5512 1.3582 26.3269 -0.6725 0.2213
Pedestrian -1 -1 2.4859 682.1747 174.4491 701.7997 206.1369 1.7383 0.7734 0.7740 4.5269 1.8286 40.1633 2.5968 0.2189
Pedestrian -1 -1 1.0747 726.1197 175.8763 749.9269 218.2781 1.6568 0.7243 0.6156 5.0395 1.7789 28.6551 1.2463 0.2134
Pedestrian -1 -1 3.0540 471.9700 178.9819 499.7975 235.4482 1.7768 0.6458 0.8282 -4.0427 1.9778 23.2102 2.8827 0.2082
Pedestrian -1 -1 -2.0880 510.3003 174.3707 520.6807 197.4552 1.6588 0.4766 0.6710 -6.8812 1.7700 52.3120 -2.2185 0.2080
Pedestrian -1 -1 1.8256 225.6611 167.1588 301.7050 291.8516 1.7235 0.8417 0.6718 -5.0147 1.6452 10.3785 1.3849 0.1949
Cyclist -1 -1 -3.4119 903.4341 171.3411 964.5621 266.4768 1.7235 1.8518 0.5873 6.2076 1.6964 14.0259 -3.0038 0.5459
Cyclist -1 -1 -0.4552 933.9927 169.9545 1002.8755 255.1090 1.7279 1.7621 0.5953 7.6193 1.6694 15.5210 -0.0071 0.4470
Cyclist -1 -1 -0.3893 926.8468 176.5196 976.2844 246.1697 1.5962 1.6055 0.4923 8.1757 1.6892 17.4306 0.0421 0.4465
Cyclist -1 -1 3.4389 230.1091 156.0521 377.0222 375.0000 1.7161 1.6637 0.7362 -2.7192 1.5856 6.4747 3.0546 0.2992
Cyclist -1 -1 -0.1486 680.8332 175.4768 697.4376 207.4841 1.7345 1.7255 0.6646 4.3552 1.8839 40.1183 -0.0418 0.2612
Cyclist -1 -1 -0.3380 664.3619 176.8753 692.6979 217.6872 1.7433 1.7654 0.6975 2.9788 1.9269 31.9442 -0.2465 0.2539
Cyclist -1 -1 3.1313 571.5635 178.3021 579.4687 200.4195 1.7148 1.7724 0.6064 -2.7676 2.1546 57.2867 3.0828 0.2012
Cyclist -1 -1 2.7573 876.1910 172.6945 913.4150 221.4418 1.7342 1.9283 0.5869 10.4461 1.7289 26.6352 3.1267 0.1997
Car -1 -1 1.8452 662.8857 175.0395 739.0287 207.5419 1.6488 3.6978 1.6624 4.7924 1.7697 38.2824 1.9683 0.3065
Car -1 -1 -2.7714 0.0000 0.0000 1152.6613 375.0000 1.5457 1.6867 3.9647 2.1066 1.6167 1.1917 -1.8171 0.2267
