Pedestrian -1 -1 0.9441 901.0395 157.3612 1016.8629 309.5496 1.7714 1.1244 0.6075 4.2547 1.5038 8.6249 1.3896 0.7368
Pedestrian -1 -1 0.9771 52.3242 192.0980 102.5449 254.6961 1.7379 0.8904 0.7575 -15.2292 2.0827 20.3737 0.3441 0.4718
Pedestrian -1 -1 1.6980 1118.6715 188.7605 1224.0000 370.0000 1.6645 0.7156 0.7206 4.3392 1.7347 5.3460 2.3527 0.3798
Pedestrian -1 -1 3.0305 16.2054 172.5517 70.4703 261.5519 1.7313 0.8397 0.7806 -11.4240 1.5783 14.3220 2.3698 0.3215
Pedestrian -1 -1 2.6192 652.3448 166.4361 711.6024 262.3492 1.6966 0.8559 0.7594 1.3675 1.4494 13.0470 2.7228 0.2764
Pedestrian -1 -1 2.4450 832.5266 172.2805 876.8157 241.7207 1.7057 0.7064 0.7817 6.2551 1.5054 17.8315 2.7784 0.2756
Pedestrian -1 -1 2.9881 255.4709 164.0872 306.1103 259.1300 1.7605 0.8831 0.7697 -6.3196 1.4581 13.6715 2.5657 0.2394
Pedestrian -1 -1 0.9920 967.4603 192.4982 1135.2299 370.0000 1.6517 0.7954 0.7269 3.2721 1.7504 5.3275 1.5183 0.2374
Pedestrian -1 -1 2.8096 516.5848 164.4352 567.5655 262.6935 1.7323 0.8771 0.6848 -1.2104 1.4507 13.0002 2.7208 0.2237
Pedestrian -1 -1 0.9189 813.2212 170.3474 872.7914 259.5520 1.7066 0.9329 0.6171 4.6551 1.5140 13.9670 1.2354 0.2143
Pedestrian -1 -1 -0.1398 90.0532 161.2100 139.1904 255.7284 1.7968 0.8415 0.6955 -9.7451 1.4317 13.9810 -0.7361 0.2071
Pedestrian -1 -1 2.2693 605.3118 166.0495 659.2539 253.7801 1.7511 0.8603 0.7140 0.5236 1.4643 14.6609 2.3060 0.2023
Pedestrian -1 -1 1.3321 557.6838 157.4977 612.0771 248.6422 1.8417 1.0188 0.5944 -0.4657 1.3785 14.7034 1.3029 0.1893
Pedestrian -1 -1 -0.9270 992.4468 163.8703 1069.3798 272.9450 1.7737 0.8933 0.6786 7.1931 1.5049 12.0358 -0.3982 0.1755
Cyclist -1 -1 -1.0378 1116.7056 144.0343 1224.0000 253.7171 1.7633 1.8847 0.5910 10.0692 1.1787 12.3473 -0.3646 0.2341
Cyclist -1 -1 0.2398 0.0000 173.7243 59.9973 266.0310 1.7399 1.8531 0.6086 -11.6936 1.6138 14.2907 -0.4334 0.2323
Cyclist -1 -1 -0.4793 643.7796 161.8343 719.3641 262.8115 1.7598 1.8548 0.6162 1.3570 1.4362 13.2930 -0.3782 0.2283
Cyclist -1 -1 0.6028 79.9458 196.8916 126.2449 253.1499 1.6759 1.5714 0.3562 -15.8413 2.2129 22.3031 -0.0067 0.2026
Cyclist -1 -1 0.0938 256.4406 161.8864 302.5345 259.3854 1.7701 1.8115 0.6354 -6.3629 1.4338 13.7915 -0.3279 0.1989
Cyclist -1 -1 1.9674 309.4696 176.4725 442.7130 288.4537 1.6894 1.8756 0.6708 -3.6119 1.6303 11.0813 1.6623 0.1980
Cyclist -1 -1 1.4336 683.1207 161.0199 759.6553 231.0461 1.7527 1.8549 0.6308 2.9132 1.2668 18.0281 1.5928 0.1942
Cyclist -1 -1 -0.1789 590.3669 199.5040 636.4268 297.9439 1.6955 1.5484 0.5932 0.0916 2.0766 13.3001 -0.1710 0.1660
Cyclist -1 -1 -0.0323 523.4909 161.3368 558.9087 264.8314 1.7679 1.8332 0.5869 -1.2406 1.4422 13.0188 -0.1232 0.1568
Cyclist -1 -1 -0.4174 855.7844 174.0266 943.6270 297.0919 1.6360 1.7386 0.4900 4.1833 1.5516 10.2724 -0.0397 0.1529
Cyclist -1 -1 0.2061 58.6244 191.6815 97.2481 254.5232 1.7087 1.7339 0.5406 -15.2513 2.0479 20.4420 -0.4260 0.1484
Car -1 -1 0.4478 17.2897 183.9427 126.6480 230.4367 1.5486 3.8879 1.6556 -19.4076 1.6864 25.9148 -0.1875 0.2215
Car -1 -1 2.5000 555.6423 172.4366 604.6527 194.4347 1.5459 3.7263 1.6846 -1.8416 0.9805 51.6617 2.4663 0.1871
Car -1 -1 -2.2762 1158.4086 183.1988 1224.0000 370.0000 1.5461 1.6941 3.9140 6.5936 1.5774 5.6810 -1.4425 0.1610
Car -1 -1 2.8095 638.9771 175.0353 715.2029 217.4258 1.5308 3.0381 2.0333 2.6859 1.3350 27.2405 2.9083 0.1562
