Pedestrian -1 -1 2.7890 676.4349 151.4268 710.2184 220.8887 1.8259 0.8205 0.6588 2.3377 1.0633 19.0557 2.9109 0.6007
Pedestrian -1 -1 2.7186 717.8498 154.1251 756.2911 226.7860 1.8452 0.8907 0.6785 3.4039 1.1770 18.4643 2.8997 0.5858
Pedestrian -1 -1 -0.4379 745.7568 148.8970 802.8227 245.9087 1.8125 0.9320 0.7496 3.2329 1.2237 13.7391 -0.2101 0.5616
Pedestrian -1 -1 -0.0575 1121.7166 126.2192 1224.0000 370.0000 1.7424 0.8126 0.6620 3.9322 1.4106 4.8621 0.5931 0.5128
Pedestrian -1 -1 2.4797 794.4062 162.4698 822.7197 214.1128 1.7329 0.6534 0.6682 6.9211 1.1294 24.1478 2.7571 0.4532
Pedestrian -1 -1 -0.3654 915.5314 153.7011 945.0143 212.3012 1.7967 0.6235 0.6514 10.0866 0.9766 22.0047 0.0607 0.3746
Pedestrian -1 -1 1.5205 671.8019 172.9145 699.7177 230.5576 1.6983 0.7945 0.7275 2.3831 1.4764 21.2136 1.6324 0.3448
Pedestrian -1 -1 2.7639 696.1030 154.1364 729.0011 226.3643 1.7978 0.8198 0.5659 2.7028 1.1432 18.0574 2.9118 0.3429
Pedestrian -1 -1 1.2452 805.2184 130.3302 959.6227 369.5581 1.7939 0.9924 0.6035 2.1152 1.4194 5.6081 1.5897 0.3109
Pedestrian -1 -1 2.1531 1152.7723 88.1134 1224.0000 255.6765 1.9376 0.6765 0.6847 7.2131 0.8710 8.5966 2.8351 0.2380
Pedestrian -1 -1 -0.5516 714.3917 165.1567 736.8003 206.6469 1.7646 0.7532 0.6560 5.1851 1.1135 30.5379 -0.3834 0.2192
Pedestrian -1 -1 3.1715 388.7835 163.1513 411.7091 222.9776 1.7818 0.8567 0.6432 -6.2655 1.2666 21.5466 2.8943 0.1843
Cyclist -1 -1 2.4971 862.3229 153.1782 898.8179 191.3026 1.8935 2.1156 0.5824 14.0765 0.5380 36.2085 2.8667 0.5027
Cyclist -1 -1 -3.5312 875.9805 146.9425 965.7727 275.9414 1.8314 1.8631 0.5812 4.7969 1.3567 10.9687 -3.1278 0.4685
Cyclist -1 -1 -0.5489 913.4897 158.7124 999.5165 258.4706 1.6585 1.7618 0.5165 6.1969 1.2980 12.6526 -0.1016 0.2419
Cyclist -1 -1 -0.1516 674.9844 174.4128 698.1670 228.7990 1.5713 1.5535 0.4565 2.4020 1.3970 21.2084 -0.0388 0.2180
Cyclist -1 -1 1.1955 793.9393 157.4064 875.8509 226.4709 1.7392 1.8692 0.7338 5.8742 1.1592 18.2284 1.5039 0.2162
Cyclist -1 -1 2.1493 1014.3618 152.5747 1058.7979 188.1468 1.7950 1.9490 0.6092 22.3586 0.3873 36.6842 2.6945 0.2084
Cyclist -1 -1 -0.7478 1144.1095 159.3036 1224.0000 272.1218 1.6480 1.6687 0.5783 9.4377 1.3400 11.1729 -0.0588 0.2035
Cyclist -1 -1 2.3589 961.7277 155.5982 999.2408 191.6676 1.8076 1.8760 0.5342 19.3000 0.5611 36.4031 2.8445 0.1939
Car -1 -1 2.9913 510.9075 173.9426 545.6116 198.9044 1.5452 3.9089 1.6729 -5.0206 1.1406 45.8648 2.8847 0.2957
Car -1 -1 -0.4342 497.4176 171.4828 530.5801 189.4820 1.5783 3.5627 1.6301 -8.2324 0.7888 63.9376 -0.5599 0.2619
Car -1 -1 1.3790 508.8915 175.4816 562.5883 197.0741 1.4907 3.5281 1.7167 -4.9187 1.1455 50.1300 1.2835 0.2224
