Pedestrian -1 -1 -0.0644 824.0345 169.8838 852.6111 232.3848 1.7599 0.6811 0.7356 6.5055 1.6766 20.7310 0.2349 0.4202
Pedestrian -1 -1 2.3396 975.4368 156.3096 1052.9235 265.7880 1.7900 0.8981 0.7315 6.8409 1.5199 12.3333 2.8352 0.3912
Pedestrian -1 -1 1.2815 900.9986 183.4412 936.9445 235.6990 1.7718 0.9520 0.8181 10.6957 2.1473 25.1054 1.6792 0.3472
Car -1 -1 -1.7214 752.8790 181.3510 839.8320 246.5289 1.5338 1.6592 3.9538 4.8797 1.7885 19.5528 -1.4812 0.7786
Car -1 -1 -1.7920 778.7247 185.8233 908.9866 276.4591 1.4733 1.5947 3.6720 4.3668 1.7621 14.1544 -1.4997 0.7216
Car -1 -1 1.9009 177.5189 196.5544 441.0743 361.8100 1.5078 1.8595 3.5359 -3.4327 1.8592 8.8898 1.5414 0.7202
Car -1 -1 1.6913 483.1803 183.7751 562.6140 244.4887 1.5630 1.8793 3.4424 -2.4779 1.9061 20.9171 1.5740 0.7089
Car -1 -1 -1.5035 529.4543 185.6322 583.7416 230.3411 1.4714 1.7574 3.4341 -1.9367 1.9707 26.4495 -1.5766 0.5143
Car -1 -1 1.6960 555.1270 186.1602 600.7627 222.5571 1.5143 1.6456 3.8781 -1.4678 2.1690 33.4779 1.6518 0.4276
Car -1 -1 0.0952 601.3928 182.4017 637.0612 211.6498 1.5186 3.7578 1.6661 0.5294 2.0835 40.6970 0.1075 0.4027
Car -1 -1 -1.6642 739.9368 179.9138 798.0651 227.0646 1.5483 1.6820 3.9607 5.6854 1.8269 26.3732 -1.4549 0.3967
Car -1 -1 0.0178 771.8618 174.2009 799.1025 198.5379 1.5467 3.7498 1.6983 11.6956 1.6407 48.1069 0.2545 0.3397
Car -1 -1 1.4541 727.7922 179.2265 773.6091 214.3245 1.4773 1.6004 3.8692 6.3474 1.7873 33.0743 1.6414 0.3113
