Pedestrian -1 -1 2.5286 728.3350 157.1922 762.7828 219.4879 1.7929 0.7850 0.6655 3.9425 1.3425 21.2591 2.7089 0.3151
Cyclist -1 -1 -0.6355 650.7190 175.9956 673.4150 201.4758 1.7418 1.8218 0.6215 3.6049 1.9661 50.4875 -0.5651 0.3406
Cyclist -1 -1 3.5141 0.0000 112.7975 92.3511 329.4153 1.7643 1.7511 0.5500 -5.5942 1.2755 6.7916 2.8441 0.2743
Cyclist -1 -1 -0.6551 660.3381 181.7728 683.0282 209.0086 1.7648 1.6301 0.6484 4.0803 2.3713 48.1759 -0.5717 0.2445
Car -1 -1 1.6627 464.5780 181.6815 526.0404 235.3711 1.5211 1.5919 3.7097 -3.6157 1.8257 22.9656 1.5076 0.7277
Car -1 -1 -0.9920 0.0000 205.2883 237.8460 375.0000 1.5025 1.6500 3.9802 -3.3080 1.7449 3.2801 -1.7418 0.6752
Car -1 -1 -2.9692 536.7878 178.6245 566.9781 200.1820 1.5107 3.6427 1.6308 -4.2970 1.9537 53.4601 -3.0495 0.5049
Car -1 -1 1.2870 456.5812 176.2348 516.0560 202.0235 1.5678 3.3229 1.9158 -7.9003 1.7906 45.8688 1.1170 0.4625
Car -1 -1 1.8277 91.2071 186.1617 289.2803 261.9585 1.5189 3.5099 1.7295 -9.2939 1.8416 16.1899 1.3133 0.4183
Car -1 -1 -1.9433 643.5945 172.2716 688.1921 191.9761 1.6779 3.4599 1.7756 4.8323 1.6287 62.7933 -1.8672 0.3633
Car -1 -1 3.2105 522.9623 181.1590 553.6093 206.1377 1.5212 3.7270 1.7392 -4.6709 2.0853 47.0835 3.1116 0.2698
