Pedestrian -1 -1 1.0954 801.8814 126.3843 887.9058 275.6262 1.8888 0.8728 0.6588 3.0346 1.3011 9.5302 1.3940 0.2475
Pedestrian -1 -1 -1.4736 496.5013 179.6879 511.7617 209.1682 1.7180 0.8331 0.6354 -6.2723 2.1245 42.5394 -1.6196 0.2472
Pedestrian -1 -1 3.0281 435.5659 164.3103 449.9151 201.3146 1.8603 0.7471 0.6309 -8.5545 1.4311 36.7282 2.8006 0.2394
Cyclist -1 -1 2.5899 866.4177 159.0291 899.8605 199.7218 1.7925 1.8409 0.5248 12.3334 1.1839 32.7352 2.9469 0.2943
Cyclist -1 -1 2.6534 728.8957 174.0630 745.4870 195.5505 1.6162 1.7326 0.4933 9.7084 1.7106 55.2684 2.8260 0.2897
Cyclist -1 -1 -0.1991 820.3433 170.5152 840.9639 205.3392 1.7091 1.8795 0.6269 11.0732 1.5947 36.3747 0.0937 0.2660
Cyclist -1 -1 3.0176 497.1621 179.9346 511.4145 209.0596 1.6636 1.7567 0.6181 -6.2817 2.0910 42.5904 2.8716 0.2448
Cyclist -1 -1 -1.8166 930.1379 161.2059 980.7872 206.2732 1.8394 1.7885 0.6552 14.2780 1.3644 29.9414 -1.3758 0.2112
Cyclist -1 -1 -0.5282 756.6567 164.7552 827.1364 249.6372 1.6259 1.7499 0.5791 3.6288 1.4712 14.7398 -0.2923 0.2007
Car -1 -1 2.8071 402.7203 174.4470 438.7068 195.1911 1.5829 3.7254 1.6337 -15.1014 1.7143 57.3638 2.5505 0.3505
Car -1 -1 1.7420 437.5929 176.7939 503.9916 203.7727 1.4733 3.4283 1.6594 -7.8120 1.6995 40.5116 1.5523 0.3289
Car -1 -1 -0.0044 608.7244 176.0110 628.9011 192.5722 1.5194 3.2500 1.8686 0.8085 1.8264 68.4490 0.0070 0.3063
Car -1 -1 -0.9655 343.6201 173.1340 408.6108 197.4403 1.5555 3.7895 1.6871 -15.4357 1.5748 47.5580 -1.2780 0.3043
Car -1 -1 0.4103 40.6203 177.6984 124.7056 215.8780 1.5311 3.6993 1.6001 -22.8851 1.7556 31.4122 -0.2154 0.2542
Car -1 -1 2.7134 761.8461 172.6691 801.3549 193.0128 1.5361 3.5919 1.6538 13.3457 1.5225 56.4034 2.9442 0.2176
Car -1 -1 -3.2924 767.5605 177.1773 809.3881 206.4626 1.5189 3.8684 1.6714 9.8038 1.7710 40.0096 -3.0543 0.2173
Car -1 -1 2.8098 498.3570 176.4893 535.1728 197.3884 1.5191 3.7140 1.6702 -7.1905 1.8078 55.1863 2.6805 0.2119
Car -1 -1 -0.2925 782.8340 178.4588 840.1650 211.9111 1.5178 3.7767 1.6623 9.7418 1.8071 35.2836 -0.0258 0.2092
Car -1 -1 -0.3450 646.0101 178.7815 689.6173 203.1467 1.5080 3.8231 1.6708 3.7443 1.9174 47.7232 -0.2677 0.2083
Car -1 -1 -1.6131 361.4365 171.4824 421.0491 196.2684 1.7138 3.9918 1.7952 -15.6188 1.6193 51.3938 -1.9070 0.2043
