Cyclist -1 -1 3.4709 1.0563 195.3079 41.3713 261.8762 1.6357 1.5744 0.3131 -15.2785 1.9104 18.6930 2.7923 0.3269
Car -1 -1 2.0345 50.1647 194.6013 263.7687 297.2562 1.4726 1.6593 3.6091 -7.6207 1.6614 12.5096 1.4966 0.6913
Car -1 -1 -1.4340 428.8798 184.1122 495.1261 230.8286 1.5233 1.7657 3.9688 -5.1113 1.4885 25.4702 -1.6304 0.6638
Car -1 -1 0.3997 281.5955 180.6493 386.8849 234.8472 1.4810 3.3221 1.7528 -8.0443 1.3574 21.3368 0.0430 0.5453
Car -1 -1 3.2743 363.2729 183.8460 416.3048 222.2041 1.4754 3.1921 1.6587 -8.8752 1.4238 29.3525 2.9828 0.5404
Car -1 -1 3.3212 205.0874 185.5342 277.9172 231.3531 1.5301 3.7561 1.6937 -13.2216 1.5437 26.0719 2.8557 0.5269
Car -1 -1 -1.7316 566.4909 180.4662 609.4708 210.4316 1.5243 1.7251 3.6876 -1.1392 1.2838 38.5375 -1.7614 0.5012
Car -1 -1 0.3137 229.8579 188.4511 453.2406 326.4936 1.5115 3.9306 1.6705 -3.4255 1.5662 9.9338 -0.0105 0.4943
Car -1 -1 -1.4256 59.3186 187.2766 162.8878 252.7206 1.5231 1.6918 3.6904 -12.9485 1.5843 18.8842 -2.0203 0.4420
Car -1 -1 2.9233 646.8985 179.0055 676.2874 198.1650 1.5382 3.7935 1.6434 4.4225 1.0407 59.7035 2.9964 0.3229
Car -1 -1 3.1799 393.8283 179.6119 422.1249 203.3322 1.5265 3.6678 1.6886 -13.3901 1.1670 48.2376 2.9102 0.2994
