Pedestrian -1 -1 2.8654 542.2356 163.8445 563.1089 208.2119 1.8321 0.8524 0.6657 -2.4537 1.4605 30.3086 2.7848 0.3395
Pedestrian -1 -1 0.1068 141.8400 152.8051 172.8553 218.1240 1.8713 0.8874 0.6790 -13.3460 1.2973 21.2151 -0.4492 0.3216
Pedestrian -1 -1 2.9763 131.6944 180.2178 150.8610 219.9071 1.7035 0.7263 0.5944 -20.5764 2.0312 31.6082 2.4029 0.2174
Pedestrian -1 -1 0.5136 421.3931 156.2611 483.8615 271.5041 1.8219 0.9084 0.6470 -2.6414 1.5600 11.9339 0.2995 0.2043
Pedestrian -1 -1 -0.0165 243.4157 155.2228 266.0581 214.6605 1.8549 0.7912 0.6368 -11.3808 1.3050 23.0120 -0.4714 0.1801
Pedestrian -1 -1 -0.7172 995.0231 145.7508 1044.1885 222.0099 1.8215 0.8660 0.6348 10.0006 1.1745 17.7215 -0.2108 0.1756
Pedestrian -1 -1 2.2127 1127.3267 159.8091 1191.1008 248.8622 1.7444 0.8034 0.6419 11.0574 1.4892 14.6080 2.8505 0.1554
Cyclist -1 -1 0.2917 390.6713 165.2402 410.6321 199.5449 1.8637 1.8777 0.5493 -11.6692 1.4504 40.1389 0.0103 0.1870
Cyclist -1 -1 0.1040 238.5047 171.9771 252.0770 198.8092 1.7876 1.9265 0.6254 -24.8298 1.7296 49.0800 -0.3623 0.1805
Cyclist -1 -1 -3.6541 1000.4417 153.4466 1061.5276 222.5746 1.7370 1.8250 0.5543 11.0244 1.2497 19.0412 -3.1363 0.1685
Cyclist -1 -1 -0.0184 547.0269 166.7805 561.7650 210.1254 1.7852 1.7966 0.5874 -2.4112 1.5354 30.6366 -0.0968 0.1615
Cyclist -1 -1 -2.6477 410.0089 167.4150 433.6604 198.9126 1.8119 1.8120 0.5537 -11.0912 1.4993 42.4486 -2.9021 0.1606
Cyclist -1 -1 -2.6824 264.5313 182.7166 292.5729 216.6298 1.7210 1.7604 0.6259 -17.4854 2.2532 38.0189 -3.1112 0.1478
Cyclist -1 -1 -3.6983 1042.2283 177.5931 1107.0808 256.3968 1.5562 1.5136 0.3839 9.6375 1.6607 15.0943 -3.1395 0.1473
Car -1 -1 -1.4978 597.2175 174.9085 644.8825 194.9200 1.5231 3.5929 1.7547 0.8582 1.6863 56.1585 -1.4830 0.2500
Car -1 -1 2.6489 498.2939 176.4363 539.4387 197.1041 1.5486 3.6638 1.6721 -7.2188 1.8404 56.7243 2.5225 0.2364
Car -1 -1 2.9365 618.9646 179.3775 659.2041 205.5294 1.4810 3.8362 1.6895 1.6879 1.8966 43.9029 2.9741 0.2349
Car -1 -1 0.5479 5.1602 178.2966 150.7398 238.7702 1.5117 3.6799 1.5846 -14.8054 1.6793 20.2705 -0.0768 0.2046
Car -1 -1 0.0991 144.5673 181.0659 192.0799 215.0352 1.5229 3.8250 1.6075 -21.6529 1.9500 35.4192 -0.4465 0.1931
Car -1 -1 0.0440 625.4962 174.7394 651.3615 196.7846 1.5173 3.4711 1.7074 2.0412 1.6576 51.7658 0.0828 0.1875
Car -1 -1 -1.0804 197.1290 181.4010 288.2234 210.9288 1.5172 3.9963 1.7156 -19.5835 1.9842 38.4948 -1.5484 0.1842
Car -1 -1 0.2251 478.2562 177.3441 518.8823 204.2264 1.5408 3.8500 1.6292 -6.7750 1.8272 43.9925 0.0727 0.1703
Car -1 -1 -0.2903 411.8840 175.8325 452.7050 200.0855 1.5323 3.7330 1.6406 -11.9129 1.7396 48.1067 -0.5321 0.1619
Car -1 -1 0.1527 145.4949 189.4170 217.1869 237.1297 1.4927 3.6785 1.6628 -15.3841 2.1360 25.9871 -0.3776 0.1493
