Pedestrian -1 -1 2.1116 1023.6483 156.2238 1067.4183 224.3651 1.7791 0.7871 0.6422 11.6184 1.3452 19.3345 2.6456 0.3654
Pedestrian -1 -1 -0.1412 415.7400 138.8291 448.9532 225.9829 1.8487 0.8140 0.5971 -3.9451 1.1273 15.7915 -0.3826 0.3417
Pedestrian -1 -1 -1.6301 817.5068 173.1092 828.7354 197.5428 1.7086 0.7223 0.6055 14.9850 1.7271 50.8375 -1.3454 0.2722
Pedestrian -1 -1 -1.4839 404.8569 181.0919 418.4305 205.3022 1.7868 0.9245 0.6642 -14.8515 2.4076 53.9370 -1.7517 0.2356
Cyclist -1 -1 -0.9751 1031.6663 153.8039 1110.5847 222.4065 1.8389 1.8646 0.5739 12.8920 1.3286 20.3070 -0.4163 0.2899
Cyclist -1 -1 -1.1461 401.5597 180.3976 428.3213 205.4201 1.8454 1.8208 0.6643 -14.6144 2.4150 53.9700 -1.4097 0.2697
Cyclist -1 -1 -0.0286 374.3077 167.3869 397.3441 224.1114 1.7249 1.8811 0.6459 -7.1843 1.5591 22.9331 -0.3293 0.2678
Cyclist -1 -1 -1.5155 584.0197 180.8790 609.5287 206.6294 1.8576 1.8275 0.6740 -0.9874 2.4476 52.6471 -1.5347 0.2583
Car -1 -1 -1.7778 687.9359 181.3419 805.7824 266.4604 1.4997 1.6090 3.7588 2.6438 1.6990 14.9987 -1.6077 0.7524
Car -1 -1 1.2341 723.2596 185.6287 982.0032 351.1146 1.5179 1.6299 4.1493 2.6333 1.7164 9.0658 1.5067 0.7449
Car -1 -1 1.4404 669.4732 182.6669 746.1020 244.6834 1.4832 1.5568 3.8493 2.5331 1.7790 19.7929 1.5649 0.7098
Car -1 -1 3.3908 244.5722 190.1536 445.8516 330.4537 1.4702 3.8059 1.6481 -3.4518 1.7575 10.0018 3.0657 0.6995
Car -1 -1 1.2647 728.1940 174.6860 813.5635 209.8802 1.5416 3.3669 1.9100 7.2323 1.6282 32.8237 1.4791 0.5205
Car -1 -1 -1.3419 402.0869 181.4950 458.9858 202.1776 1.5173 3.8912 1.6922 -13.5561 2.1812 54.5317 -1.5847 0.2666
