Car -1 -1 1.3785 687.9697 180.3539 763.8592 234.9041 1.4916 1.5785 3.7677 3.4184 1.7424 22.1692 1.5287 0.7808
Car -1 -1 -1.8717 732.2218 174.2029 907.3221 285.4798 1.5800 1.6325 4.1459 3.3076 1.6074 12.4023 -1.6180 0.7773
Car -1 -1 -2.0316 801.9805 188.9505 1225.7458 375.0000 1.4966 1.6643 4.1059 3.2528 1.6990 6.9660 -1.6122 0.7609
Car -1 -1 1.7579 334.8234 192.2182 430.3065 259.1262 1.4642 1.7320 3.3614 -5.7879 2.0106 18.5764 1.4593 0.7467
Car -1 -1 0.2258 428.5000 185.2019 498.4060 229.9497 1.5205 4.2059 1.7343 -5.5920 2.0333 27.8145 0.0286 0.7404
Car -1 -1 -1.6823 653.2603 177.5243 695.4947 210.8202 1.5789 1.6970 3.9658 3.1871 1.8303 36.7803 -1.5972 0.7018
Car -1 -1 -1.1844 171.1509 195.5584 373.1764 303.5717 1.5090 1.9084 3.7773 -5.7784 1.9726 12.8006 -1.6014 0.6843
Car -1 -1 -1.6604 676.0553 181.7549 728.9761 224.3894 1.4776 1.6511 3.9905 3.4567 1.8467 27.8685 -1.5390 0.5149
Car -1 -1 -1.8443 645.7536 176.7079 691.5289 205.0019 1.5539 1.7041 3.7559 3.3409 1.7903 42.1779 -1.7664 0.4674
Car -1 -1 3.2408 498.6417 179.8880 533.8934 207.6616 1.5380 4.0310 1.6938 -5.5736 1.9778 43.0268 3.1123 0.4601
Car -1 -1 0.7675 1087.4489 180.6989 1242.0000 375.0000 1.4982 1.5732 3.8691 7.1773 1.6034 7.6601 1.5007 0.3742
Car -1 -1 -0.8603 0.0000 202.7130 108.9889 375.0000 1.5115 1.6215 3.9256 -5.9303 1.8240 5.5150 -1.6579 0.3641
