Pedestrian -1 -1 1.9861 333.4019 182.1148 389.7653 269.9593 1.6451 0.8427 0.6407 -4.8407 1.8290 13.9403 1.6570 0.4511
Pedestrian -1 -1 -0.3676 817.7202 178.2796 856.2227 246.4257 1.6402 0.7562 0.6768 5.5508 1.7776 17.8289 -0.0714 0.3422
Pedestrian -1 -1 1.8868 1197.1254 138.6263 1228.1327 197.4627 1.8806 0.6129 0.6277 19.5713 0.7869 23.4870 2.5753 0.3408
Pedestrian -1 -1 -0.7084 833.2809 133.9001 873.5289 215.0347 1.8172 0.7017 0.5512 5.5407 0.9451 16.5875 -0.3916 0.3355
Car -1 -1 3.5831 109.3784 186.3244 265.9946 260.1425 1.5595 4.1358 1.7641 -10.4398 1.9384 18.1453 3.0670 0.7355
Car -1 -1 -1.6519 585.7223 173.0482 738.8642 318.3657 1.5761 1.6573 3.8240 0.4549 1.5797 9.7701 -1.6083 0.5998
Car -1 -1 3.3999 370.8394 183.4441 431.8040 218.5865 1.5108 4.0472 1.8019 -9.8702 2.0444 34.2886 3.1212 0.5995
Car -1 -1 3.3658 263.0027 179.9686 321.0855 216.6217 1.5515 3.6344 1.6729 -14.6080 1.8988 33.2348 2.9544 0.5538
Car -1 -1 -2.9387 726.3388 170.7923 803.8214 225.5599 1.6229 4.2051 1.6772 5.1216 1.5622 23.6406 -2.7286 0.4715
Car -1 -1 -1.7647 584.8662 175.8291 656.2065 224.5280 1.5436 1.8493 3.2420 0.2478 1.6537 24.8469 -1.7556 0.4284
Car -1 -1 -0.2565 453.9013 178.2850 492.9323 201.8982 1.5601 3.9049 1.7632 -9.6823 1.9590 50.7967 -0.4442 0.4125
Car -1 -1 -2.8953 412.0926 179.0685 459.5310 208.5951 1.5449 3.9488 1.6772 -9.7646 1.9117 40.5675 -3.1305 0.3840
Car -1 -1 -1.2408 964.6287 157.6746 1242.0000 375.0000 1.5867 1.5820 3.7736 4.5068 1.5054 5.5834 -0.5879 0.3610
Car -1 -1 -0.1735 629.6932 169.5538 654.8735 186.6662 1.5795 3.2527 1.8433 3.0131 1.2752 68.3284 -0.1299 0.3244
