Pedestrian -1 -1 -0.5962 798.2844 151.5231 833.6995 212.9802 1.8502 0.8452 0.6919 6.2940 1.2084 22.2307 -0.3242 0.4334
Pedestrian -1 -1 -0.8904 789.4219 165.1413 808.3567 200.9758 1.7642 0.6696 0.6247 9.3793 1.3848 35.9742 -0.6378 0.3616
Pedestrian -1 -1 -1.2457 0.0000 189.1310 38.9201 279.7737 1.6780 0.8111 0.6272 -11.7069 2.0029 13.9487 -1.9347 0.2895
Pedestrian -1 -1 1.5367 610.9208 169.7750 622.9483 193.4090 1.8726 0.9376 0.5897 0.5253 1.6290 57.4737 1.5454 0.2473
Pedestrian -1 -1 -1.7168 451.1217 182.1877 465.8246 210.7152 1.6606 0.7644 0.6576 -9.0088 2.2193 42.7261 -1.9238 0.2041
Pedestrian -1 -1 3.0514 563.5138 158.1439 576.7926 194.9434 1.9161 0.6854 0.6373 -2.1354 1.1505 37.9526 2.9952 0.1823
Cyclist -1 -1 -1.6014 733.7827 167.3099 758.3100 191.2056 1.8056 1.8164 0.6236 10.3305 1.3871 54.9660 -1.4169 0.3869
Cyclist -1 -1 3.3307 114.1436 166.5878 137.1049 205.5689 1.8865 1.9907 0.5818 -24.1544 1.5836 35.9461 2.7423 0.3337
Cyclist -1 -1 -0.4630 785.4814 165.9416 811.0187 202.2689 1.7763 1.7217 0.5189 9.3871 1.4387 36.1750 -0.2115 0.2989
Cyclist -1 -1 -0.9300 1070.4910 160.1789 1106.2026 189.3839 1.8654 1.9590 0.6184 31.1817 1.0561 47.1089 -0.3483 0.2632
Cyclist -1 -1 -1.1106 474.9023 168.2798 506.7157 199.2206 1.7956 1.7681 0.5873 -7.0395 1.5305 42.4096 -1.2744 0.2479
Cyclist -1 -1 3.8174 0.0000 171.4853 26.1106 201.5538 1.8928 1.9851 0.5235 -38.6457 1.8070 46.4147 3.1258 0.2172
Cyclist -1 -1 -0.4799 607.7398 173.0952 624.6866 195.6246 1.7660 1.7683 0.5998 0.4628 1.7859 57.5000 -0.4723 0.2082
Cyclist -1 -1 0.4671 0.0000 199.2910 46.9313 289.0252 1.5942 1.5895 0.3786 -11.7189 2.1418 14.1145 -0.2167 0.2050
Cyclist -1 -1 0.3493 159.7678 189.3536 195.8582 245.7916 1.5431 1.5768 0.3799 -12.6123 2.0425 21.0088 -0.1860 0.2049
Cyclist -1 -1 0.2114 371.3802 168.3156 396.5612 217.0776 1.7675 1.7773 0.5391 -8.5053 1.6033 27.0604 -0.0907 0.1951
Cyclist -1 -1 -1.7943 673.7604 170.1133 702.2876 198.7948 1.8628 1.7655 0.6127 5.0766 1.6851 47.2666 -1.6884 0.1911
Cyclist -1 -1 -0.2763 780.1940 178.9303 800.1212 211.0942 1.6874 1.6963 0.5999 9.6992 2.0237 39.0335 -0.0351 0.1887
Car -1 -1 -1.2136 500.0354 177.6075 595.1669 231.7802 1.5485 1.7806 3.8916 -1.9366 1.7150 23.1066 -1.2970 0.5740
Car -1 -1 -0.1145 673.9752 173.8583 705.3212 197.5217 1.5369 3.7285 1.6853 5.3268 1.6080 48.8902 -0.0071 0.3036
Car -1 -1 -2.6010 256.0416 173.2652 371.4791 228.6956 1.6763 4.0768 1.6757 -9.7469 1.6915 23.9937 -2.9834 0.2811
Car -1 -1 -0.7267 724.6495 177.4266 795.2386 207.1534 1.5297 3.8740 1.6527 8.1869 1.7960 39.8602 -0.5261 0.2617
Car -1 -1 3.3007 14.6076 188.5206 58.3872 213.2390 1.5241 3.7929 1.7508 -39.0812 2.6382 49.2083 2.6320 0.2513
Car -1 -1 2.4029 907.9266 178.9967 996.7718 212.3310 1.4286 3.7060 1.6759 15.8497 1.7329 33.6821 2.8389 0.2157
Car -1 -1 -0.6957 1093.1898 169.6836 1157.0161 192.4526 1.5426 3.5990 1.7431 36.1231 1.3282 50.7445 -0.0801 0.2150
Car -1 -1 1.9276 1153.9244 167.0469 1242.0000 198.1000 1.5223 3.5082 1.7988 30.5724 1.2380 37.3371 2.6096 0.1961
Car -1 -1 -1.0702 952.3893 172.8845 995.2974 189.5065 1.5171 3.1104 1.7979 34.0732 1.5204 67.6497 -0.6057 0.1837
Car -1 -1 -1.4412 0.0000 189.0539 21.3488 281.6799 1.5266 1.7253 3.6192 -13.2404 1.8984 14.5627 -2.1701 0.1821
