Pedestrian -1 -1 1.3624 1222.0055 157.2186 1242.0000 195.2875 1.8230 0.7893 0.6935 30.2866 1.0746 35.0435 2.0708 0.1942
Pedestrian -1 -1 -0.3576 709.8630 169.0694 729.5863 208.0144 1.7887 0.6991 0.7051 5.0596 1.6152 33.5513 -0.2098 0.1881
Cyclist -1 -1 -0.2871 714.7769 156.6564 762.9612 238.4678 1.8810 1.9259 0.6215 3.0604 1.5089 17.5794 -0.1184 0.7108
Cyclist -1 -1 -1.1801 1208.4546 157.5770 1242.0000 194.2668 1.7393 1.7192 0.5070 30.2193 1.0155 35.0835 -0.4734 0.2356
Cyclist -1 -1 -2.4479 0.0000 174.3255 52.0907 235.1731 1.7369 1.8200 0.6441 -17.7454 1.7831 21.5518 -3.1308 0.2283
Cyclist -1 -1 -0.5995 580.7413 173.4414 604.9059 200.5457 1.7253 1.7497 0.7033 -1.1557 1.7646 46.8812 -0.6244 0.1711
Car -1 -1 3.0111 505.8174 180.4203 533.8259 200.7927 1.5623 4.1718 1.7479 -7.4616 2.2072 59.2308 2.8859 0.4488
Car -1 -1 -2.9475 589.8143 174.8368 623.7208 198.5472 1.5129 3.2018 1.6749 -0.2126 1.6500 48.0548 -2.9523 0.2853
Car -1 -1 2.9863 302.4365 189.7786 349.1466 221.3517 1.5102 4.0336 1.7474 -15.4533 2.4774 39.0314 2.6112 0.2570
Car -1 -1 -0.3230 687.4766 172.1317 738.1487 201.1957 1.5555 3.9580 1.6452 5.7034 1.5172 40.7114 -0.1852 0.1746
Car -1 -1 3.0171 264.8145 186.8031 313.5865 221.5915 1.4870 3.7412 1.6807 -15.4216 2.1939 34.5073 2.5993 0.1685
Car -1 -1 -0.8206 334.2996 190.5173 417.5204 224.9524 1.5072 3.5592 1.7715 -11.3043 2.3959 34.7301 -1.1335 0.1667
Car -1 -1 -3.5823 1038.8073 170.8164 1242.0000 316.6848 1.5213 3.7526 1.6200 7.2275 1.5004 9.5194 -2.9483 0.1567
Car -1 -1 3.2462 463.5920 181.9666 498.9203 209.5586 1.4871 3.7306 1.6466 -7.4945 2.0430 42.0714 3.0705 0.1482
Car -1 -1 -0.2155 578.7947 179.6783 613.0288 202.3126 1.5401 4.0365 1.6597 -1.0958 2.0578 52.5484 -0.2368 0.1443
Car -1 -1 3.2586 394.7427 186.6584 422.7525 206.7940 1.5031 3.9697 1.7468 -16.3921 2.6691 58.8269 2.9877 0.1410
