Pedestrian -1 -1 2.6653 602.7347 172.1404 626.6301 215.1858 1.7528 0.8390 0.6803 0.1489 1.7241 29.9067 2.6696 0.5028
Pedestrian -1 -1 -0.1110 363.1220 136.0375 425.0070 293.3120 1.8251 0.9497 0.6327 -2.7414 1.3982 8.9310 -0.4015 0.5004
Pedestrian -1 -1 1.7485 292.6511 142.9626 412.0469 342.8477 1.8382 1.0059 0.5427 -2.5202 1.5636 6.9797 1.4128 0.4753
Pedestrian -1 -1 3.0989 53.8850 165.7607 77.9901 222.4146 1.7839 0.6900 0.5919 -17.5207 1.5609 23.1709 2.4569 0.3248
Pedestrian -1 -1 1.2604 961.8399 165.9951 986.9714 201.7661 1.8207 0.9976 0.6631 18.7075 1.4720 37.1264 1.7237 0.2889
Cyclist -1 -1 -2.3098 173.0155 172.2063 222.6820 214.1848 1.7552 1.7595 0.8305 -17.8008 1.7285 31.1316 -2.8258 0.2432
Car -1 -1 2.8566 695.0760 176.0271 736.7141 201.3933 1.5137 3.5693 1.6444 6.5848 1.7220 45.4076 2.9992 0.5824
Car -1 -1 2.9241 629.5025 178.4593 665.7623 202.5671 1.5103 3.5367 1.6744 2.4307 1.8979 47.9595 2.9740 0.5558
Car -1 -1 -1.9723 794.8545 161.9603 927.1235 232.0616 1.7493 1.8780 4.4267 6.8148 1.4778 20.2856 -1.6531 0.5049
Car -1 -1 2.9227 617.4165 173.7405 647.5200 193.6551 1.5512 3.7003 1.6626 1.7582 1.6257 58.3504 2.9523 0.3688
Car -1 -1 -0.0737 218.3970 175.1257 248.6719 198.2350 1.5614 3.6724 1.6389 -26.7333 1.7291 51.1342 -0.5535 0.3210
Car -1 -1 2.0778 239.7350 177.2209 286.4175 194.0829 1.5267 3.4907 1.7399 -32.1148 1.9372 66.8020 1.6310 0.2702
Car -1 -1 -2.4095 165.4577 180.4054 222.1688 202.4769 1.5263 3.5327 1.6834 -30.5961 2.1023 53.0995 -2.9303 0.2379
Car -1 -1 2.7794 401.5199 183.6737 443.0301 206.0558 1.5174 3.7497 1.7273 -13.8222 2.3415 52.9043 2.5246 0.2166
