Pedestrian -1 -1 -0.5887 752.5095 164.4771 788.8729 226.2040 1.8554 0.9530 0.6768 4.9022 1.6040 22.2531 -0.3753 0.3068
Pedestrian -1 -1 -0.0666 131.1401 175.4762 180.3315 270.7676 1.6840 0.7894 0.7211 -8.4359 1.7347 13.3084 -0.6228 0.3021
Pedestrian -1 -1 1.1262 745.7020 151.0070 826.3860 280.3230 1.7959 0.9300 0.6813 2.4842 1.4928 10.4511 1.3521 0.2960
Pedestrian -1 -1 1.3539 489.6800 188.2056 504.4584 215.0643 1.7288 0.8155 0.7658 -7.4714 2.7511 47.5227 1.1983 0.2660
Pedestrian -1 -1 2.1434 1130.9786 128.9111 1242.0000 307.3220 1.8181 0.8547 0.6767 6.2977 1.3707 7.8662 2.7999 0.2239
Pedestrian -1 -1 2.9939 231.6524 168.5836 271.3518 252.7224 1.7544 0.8629 0.6505 -7.7985 1.6657 15.5823 2.5363 0.2094
Pedestrian -1 -1 3.3271 214.6828 142.3287 282.9024 287.4815 1.8387 0.8754 0.6605 -4.8608 1.4524 9.6474 2.8709 0.1851
Cyclist -1 -1 0.1208 490.2100 187.1992 503.2092 214.8694 1.7578 1.7548 0.6426 -7.5036 2.7230 47.6424 -0.0351 0.3145
Cyclist -1 -1 0.1920 0.0000 157.2301 51.7955 271.0507 1.6900 1.8773 0.7481 -9.7794 1.4584 11.7146 -0.4925 0.2655
Car -1 -1 3.4054 281.6879 191.2778 455.3398 308.7831 1.4910 3.9420 1.6546 -3.7561 1.8434 11.7826 3.1024 0.8089
Car -1 -1 1.6943 404.4620 179.3783 499.4939 253.5759 1.5959 1.8305 3.6199 -3.8085 1.7736 17.7289 1.4850 0.7303
Car -1 -1 -1.5618 518.7148 181.0311 554.9305 215.5588 1.5328 1.6507 3.8526 -3.5679 1.9521 34.9679 -1.6633 0.5668
Car -1 -1 1.9160 362.5417 175.3118 454.5938 215.8193 1.6411 3.3695 1.6262 -8.4515 1.7478 30.2790 1.6457 0.3060
Car -1 -1 2.7513 805.7175 161.3267 1078.6044 320.0219 1.5618 3.7675 1.6362 3.7305 1.4487 8.9895 3.1323 0.2877
Car -1 -1 -0.8325 361.3246 174.7427 427.2583 203.8064 1.6644 3.5813 1.6650 -12.9035 1.7814 43.0427 -1.1224 0.2267
Car -1 -1 2.6903 478.6853 178.5886 523.1507 201.0098 1.5515 3.9348 1.6843 -8.0903 1.9905 53.0969 2.5394 0.2216
