Pedestrian -1 -1 0.9623 817.4220 170.6359 886.1212 275.3712 1.6907 0.8792 0.6459 3.9885 1.6553 12.0825 1.2729 0.3340
Pedestrian -1 -1 2.2876 1040.7567 161.7526 1078.2648 220.2163 1.7914 0.7679 0.6340 14.0082 1.4516 22.5679 2.8369 0.2209
Cyclist -1 -1 -0.6714 670.1105 166.2900 699.5170 200.9790 1.8221 1.8572 0.5300 3.9764 1.4776 38.8210 -0.5705 0.2529
Cyclist -1 -1 -0.1593 665.9840 175.0505 680.7228 203.9727 1.7615 1.8937 0.6197 3.9145 1.9020 45.0558 -0.0737 0.1993
Cyclist -1 -1 1.3416 939.4315 170.4170 986.8705 204.5400 1.7055 2.0104 0.9174 17.9185 1.5841 36.7286 1.7919 0.1977
Car -1 -1 -3.2591 721.3281 180.8519 860.5163 237.3137 1.5232 1.5625 3.7106 5.0577 1.7645 20.7382 -3.0240 0.5921
Car -1 -1 -2.6671 564.5052 181.5694 624.6154 211.2706 1.5038 2.7773 2.2549 -0.8452 1.9999 39.2937 -2.6891 0.5509
Car -1 -1 -0.3234 726.8709 185.2562 892.5347 248.2864 1.4745 1.5071 3.7144 4.8868 1.8009 18.0921 -0.0646 0.5076
Car -1 -1 -3.0923 691.8665 178.6745 780.3890 220.4304 1.5614 1.8825 3.3512 4.9822 1.8030 28.6198 -2.9223 0.4732
Car -1 -1 1.7422 620.6112 175.2712 670.5837 199.0762 1.6499 3.3295 1.6187 2.5220 1.8263 51.3932 1.7905 0.2911
Car -1 -1 -2.1734 727.6236 177.3577 836.4874 229.0473 1.5643 1.6848 3.7974 5.6334 1.7291 24.2704 -1.9487 0.2206
