Pedestrian -1 -1 3.0188 361.8843 143.3466 427.0000 301.0217 1.8257 0.9646 0.6587 -2.7358 1.4844 8.9259 2.7287 0.5403
Pedestrian -1 -1 1.6683 295.2557 147.8402 407.1327 347.8287 1.8277 0.9659 0.5607 -2.5295 1.5994 6.9781 1.3314 0.5180
Pedestrian -1 -1 -0.4167 602.5291 170.4204 625.9451 214.4893 1.7979 0.8098 0.7031 0.1306 1.6990 29.9461 -0.4130 0.4486
Pedestrian -1 -1 -2.1952 961.1288 166.3918 987.2648 201.8380 1.8040 1.0308 0.6225 18.6911 1.4755 37.1093 -1.7321 0.3572
Pedestrian -1 -1 3.0897 53.7023 157.5850 79.7912 216.0875 1.8434 0.6564 0.6392 -17.5083 1.3626 23.1896 2.4484 0.2724
Pedestrian -1 -1 2.8136 313.4752 170.0669 333.6085 208.5923 1.8268 0.9104 0.6434 -13.8445 1.6950 34.7670 2.4370 0.2707
Pedestrian -1 -1 1.1019 1109.5471 172.3036 1168.3204 252.8855 1.7271 0.7340 0.8564 11.6180 1.7157 15.9407 1.7223 0.2250
Cyclist -1 -1 -0.3916 1110.8051 171.2626 1164.2289 245.5307 1.5729 1.5095 0.3979 11.6633 1.5395 16.0583 0.2273 0.2950
Cyclist -1 -1 3.5325 33.2252 166.9628 83.9680 223.3277 1.7402 1.7088 0.6912 -17.7359 1.5587 23.1878 2.8850 0.2010
Car -1 -1 -3.2723 700.1652 180.5707 965.4281 276.3486 1.5698 1.6703 4.3819 3.8160 1.7231 13.1498 -2.9970 0.6693
Car -1 -1 -2.0285 0.0000 181.0359 112.5800 258.0678 1.5557 1.6480 3.7791 -13.4124 1.7601 16.4436 -2.7049 0.4181
Car -1 -1 -0.0773 218.0370 175.1654 248.5807 198.3444 1.5652 3.6887 1.6411 -26.7412 1.7357 51.1183 -0.5573 0.3116
Car -1 -1 2.0949 241.1973 176.7823 287.1471 193.6928 1.5307 3.4281 1.7343 -32.0009 1.9001 66.7729 1.6493 0.2860
Car -1 -1 1.9641 245.0330 180.3854 295.7893 198.4962 1.5402 3.6083 1.7937 -29.7096 2.2100 63.1501 1.5257 0.2142
Car -1 -1 -0.4616 702.6599 178.6714 741.9890 197.8518 1.5201 3.7768 1.7522 9.3538 2.0249 60.4986 -0.3094 0.2058
