Pedestrian -1 -1 1.9643 1119.3312 159.2446 1161.5201 223.4808 1.7700 0.7688 0.6594 14.9319 1.3954 20.3797 2.5894 0.3324
Pedestrian -1 -1 2.2473 1065.2023 163.6026 1110.2180 228.8053 1.7432 0.7721 0.6809 13.0294 1.4963 19.7613 2.8229 0.2815
Pedestrian -1 -1 2.7717 658.9214 178.3437 678.8488 212.5150 1.7255 0.7050 0.8189 2.9822 2.0111 37.0326 2.8508 0.2373
Pedestrian -1 -1 -1.1749 653.8486 174.1006 670.0291 204.4018 1.7518 0.7346 0.6938 3.0072 1.8259 42.2243 -1.1048 0.2281
Pedestrian -1 -1 -1.6350 976.4183 169.0248 1010.4537 230.5791 1.7586 0.8330 0.6432 11.1429 1.6496 21.0745 -1.1549 0.2243
Pedestrian -1 -1 -0.9854 363.2280 175.4039 375.8248 197.3589 1.8083 0.7401 0.6810 -20.0027 2.0221 59.9515 -1.3064 0.1991
Pedestrian -1 -1 3.1015 186.9988 148.7260 281.7259 373.3602 1.7702 0.8452 0.6821 -3.2992 1.5805 6.2188 2.6304 0.1963
Cyclist -1 -1 -0.5569 985.4125 142.7440 1114.9218 293.0164 1.8351 1.8935 0.5460 5.8201 1.4678 9.7640 -0.0332 0.5132
Cyclist -1 -1 -0.3371 362.0335 177.2908 376.5695 198.6381 1.7364 1.7046 0.6160 -20.0140 2.1105 59.9084 -0.6585 0.2127
Cyclist -1 -1 -0.2329 658.0571 175.4148 679.0933 210.2744 1.7468 1.8843 0.6609 2.9766 1.8829 37.2785 -0.1544 0.2090
Cyclist -1 -1 -0.1736 652.9052 175.6096 668.7062 205.3711 1.7029 1.7461 0.6288 2.9391 1.8685 42.3505 -0.1053 0.2056
Cyclist -1 -1 -0.8370 1065.5118 177.3646 1132.7522 239.0254 1.7248 1.8188 0.4166 14.3214 1.8638 21.2495 -0.2510 0.1952
Cyclist -1 -1 2.1044 1049.3303 158.4985 1129.6321 226.3732 1.7665 1.7822 0.5641 13.0075 1.3933 19.6997 2.6807 0.1853
Car -1 -1 -1.6389 571.3820 181.3320 701.7349 304.1186 1.5257 1.6819 4.0488 0.1851 1.6833 11.3145 -1.6245 0.5459
Car -1 -1 -0.2369 584.4145 172.9580 624.4114 199.5677 1.5915 3.5464 1.7071 -0.4234 1.5986 45.0941 -0.2467 0.4052
Car -1 -1 -1.5093 586.6842 179.5528 641.8542 226.3422 1.5438 1.7885 3.5078 0.1754 1.8036 26.1329 -1.5035 0.3079
Car -1 -1 3.3525 340.6782 186.7687 380.5037 211.2324 1.5302 3.9795 1.7895 -17.1118 2.5270 49.5821 3.0214 0.3050
Car -1 -1 0.7757 0.0000 148.3415 303.9861 375.0000 1.5579 3.2402 1.9760 -3.6812 1.4692 4.3299 0.1007 0.2147
Car -1 -1 2.8788 505.3166 181.2365 566.3296 219.8507 1.5306 3.9691 1.6800 -3.3637 1.9241 31.6859 2.7733 0.1942
