Pedestrian -1 -1 2.7014 753.7677 177.6499 776.9601 216.9467 1.7381 0.8297 0.7365 6.9575 1.9579 32.5187 2.9096 0.4297
Pedestrian -1 -1 2.2763 1132.8474 148.6985 1226.4779 282.2009 1.7838 0.7781 0.6718 7.8947 1.4614 10.0901 2.9257 0.3634
Pedestrian -1 -1 -0.1920 852.9083 167.4276 881.2992 226.4855 1.7972 0.8078 0.6838 7.9288 1.6324 22.4029 0.1434 0.3624
Pedestrian -1 -1 -0.7290 1005.1422 114.5623 1123.3837 313.6486 1.8060 0.7759 0.5991 4.3150 1.2776 6.9813 -0.1945 0.3486
Pedestrian -1 -1 -0.4158 765.0837 167.7943 788.9901 214.9953 1.7591 0.7775 0.6184 6.2789 1.5709 27.3292 -0.1929 0.3024
Pedestrian -1 -1 -0.1351 721.1243 164.2816 739.1606 207.2404 1.8814 0.7566 0.6905 5.2811 1.5063 31.9849 0.0265 0.2029
Pedestrian -1 -1 -1.7369 723.6376 170.4711 737.5164 197.9424 1.7727 0.7937 0.6357 7.7999 1.6193 46.8769 -1.5735 0.1869
Pedestrian -1 -1 -1.7147 407.6526 175.7082 416.3380 196.8955 1.7085 0.5903 0.6803 -16.1414 1.9429 58.7256 -1.9821 0.1820
Pedestrian -1 -1 0.8531 668.9017 171.1946 683.6812 193.2047 1.7574 1.0355 0.6184 5.3201 1.6252 58.1619 0.9435 0.1721
Pedestrian -1 -1 2.7312 556.0287 158.7267 584.1988 214.2229 1.7916 0.7952 0.6645 -1.3649 1.3359 23.7960 2.6740 0.1632
Cyclist -1 -1 -0.4928 731.2642 176.5974 761.3312 211.8231 1.7903 2.0514 0.6564 7.1187 1.9932 37.9733 -0.3095 0.3569
Cyclist -1 -1 2.7389 667.5005 170.2156 683.5295 192.4841 1.7690 1.8829 0.5967 5.2609 1.5597 58.3029 2.8281 0.2427
Cyclist -1 -1 -0.2825 753.2509 179.5971 776.7145 218.4811 1.6874 1.6822 0.5796 6.9212 1.9992 32.4676 -0.0750 0.2423
Cyclist -1 -1 -0.3236 403.5697 177.2760 418.7207 199.2656 1.7483 1.8838 0.6215 -16.2098 2.1143 58.7039 -0.5922 0.2317
Cyclist -1 -1 -0.4961 790.6735 179.9765 823.7441 221.4376 1.7265 1.7443 0.6208 8.4915 2.0447 31.2796 -0.2341 0.1905
Cyclist -1 -1 -0.7822 761.9190 167.4977 814.3675 214.7437 1.6712 1.7706 0.8720 6.4812 1.4821 26.5032 -0.5454 0.1798
Cyclist -1 -1 2.4487 1168.9551 178.2121 1222.0291 233.0478 1.7253 1.7109 0.3279 19.1778 1.9083 23.7257 3.1219 0.1751
Cyclist -1 -1 0.3689 1.6357 197.7744 35.7413 244.4760 1.6909 1.6561 0.4481 -22.8839 2.6844 27.8934 -0.3136 0.1694
Cyclist -1 -1 0.3051 212.7972 176.5343 228.9207 199.1277 1.7313 1.8077 0.5952 -30.5089 2.0249 56.5388 -0.1880 0.1671
Car -1 -1 2.0514 68.2439 190.5827 152.6279 226.9182 1.5283 1.8015 3.6188 -23.5452 2.4136 34.1089 1.4507 0.3324
Car -1 -1 3.6242 0.0000 194.6108 87.0042 236.7945 1.4899 3.8656 1.7720 -23.5612 2.4472 29.6715 2.9573 0.2899
Car -1 -1 -2.0822 698.5663 170.1418 740.8193 187.3278 1.5821 3.2905 2.1818 10.3104 1.3328 68.0215 -1.9327 0.2231
Car -1 -1 -1.7755 211.2443 189.8748 251.6896 213.1753 1.5360 1.9184 3.5852 -27.5771 2.8211 52.4685 -2.2576 0.2124
Car -1 -1 -0.1898 1060.5330 184.8951 1127.3092 223.9051 1.4960 3.5817 1.7004 20.5733 2.0446 30.8702 0.3930 0.2097
Car -1 -1 -2.2380 1108.7802 178.2692 1240.4519 224.6519 1.5086 1.6748 3.8394 20.0102 1.7174 25.8475 -1.5852 0.1969
