Pedestrian -1 -1 2.9727 488.2193 167.0341 508.6884 214.9658 1.8350 0.8484 0.6544 -4.3956 1.6126 28.1269 2.8186 0.5278
Pedestrian -1 -1 2.4834 916.9225 87.9721 1065.3948 353.8371 1.8429 0.7309 0.6765 2.7815 1.2549 5.4259 2.9349 0.3797
Pedestrian -1 -1 1.7965 223.4205 173.0625 300.1136 297.4531 1.6970 0.8752 0.5456 -4.9599 1.7004 10.2027 1.3536 0.3422
Pedestrian -1 -1 -1.8991 729.4639 177.2275 788.3359 269.8451 1.6633 0.8956 0.6778 2.7006 1.7473 13.3889 -1.7055 0.3235
Pedestrian -1 -1 3.2670 238.8724 120.7584 288.9630 238.3525 1.9149 0.9099 0.6561 -5.9257 1.0669 12.2812 2.8256 0.2193
Pedestrian -1 -1 -1.5749 785.1262 168.2783 795.5010 198.5879 1.6974 0.5640 0.6281 10.1530 1.4415 40.7758 -1.3330 0.2089
Pedestrian -1 -1 3.0687 321.6261 151.8347 364.2153 261.6949 1.8042 0.8713 0.6246 -4.6409 1.4593 12.3724 2.7163 0.2007
Pedestrian -1 -1 3.1376 442.9860 166.3882 463.7249 224.2025 1.7953 0.7729 0.6313 -5.0077 1.5948 22.8483 2.9237 0.2005
Pedestrian -1 -1 -0.0100 16.7487 146.5557 80.0658 279.9912 1.8155 0.8994 0.6948 -8.1278 1.4580 10.3825 -0.6620 0.1903
Pedestrian -1 -1 -0.2050 115.8808 169.8972 177.9973 280.3769 1.7597 0.8455 0.7202 -7.7862 1.7130 12.0443 -0.7691 0.1890
Pedestrian -1 -1 3.5436 156.5758 180.3980 193.8508 247.2167 1.7403 0.7417 0.6107 -11.6634 1.9466 19.2907 3.0056 0.1879
Pedestrian -1 -1 0.1234 85.6246 131.3202 148.1939 270.0905 1.8505 0.7832 0.6260 -6.9428 1.2970 10.1093 -0.4663 0.1732
Pedestrian -1 -1 2.7067 650.4832 164.8306 667.9182 202.2144 1.8096 0.6865 0.6199 2.3703 1.4216 35.3567 2.7727 0.1720
Pedestrian -1 -1 1.8879 249.6752 172.1589 297.9056 245.8380 1.7523 0.9059 0.6439 -8.2059 1.7361 17.5292 1.4555 0.1692
Pedestrian -1 -1 2.1158 817.8345 158.3592 840.5607 200.7808 1.8576 0.7544 0.6218 9.7056 1.2233 32.0816 2.4067 0.1667
Pedestrian -1 -1 3.3040 331.8182 165.5338 362.7248 232.0183 1.7738 0.8481 0.6646 -7.2210 1.5788 19.7252 2.9570 0.1647
Cyclist -1 -1 -0.1792 694.6677 161.9182 725.5818 228.6617 1.7923 1.8684 0.5264 2.7527 1.4990 20.3185 -0.0472 0.5302
Cyclist -1 -1 3.7259 0.0000 210.0476 102.3112 375.0000 1.4861 1.4155 0.2798 -5.0331 1.8448 6.2320 3.0669 0.2341
Cyclist -1 -1 0.1079 6.8762 153.8778 77.5108 290.3777 1.7936 1.7661 0.5938 -8.1852 1.5447 10.3870 -0.5472 0.2008
Cyclist -1 -1 -1.6198 681.2291 168.3545 703.4655 190.9981 1.8234 1.7602 0.6367 6.6439 1.4615 58.4740 -1.5076 0.1829
Cyclist -1 -1 -0.2335 781.0707 171.6702 799.3137 202.3159 1.6911 1.7701 0.5989 10.1186 1.6261 40.6997 0.0080 0.1816
Cyclist -1 -1 0.0513 164.7561 179.4755 187.2654 243.0314 1.6166 1.7096 0.4245 -11.6948 1.8027 19.3831 -0.4858 0.1761
Cyclist -1 -1 -3.2250 712.9460 169.0046 729.0306 203.1661 1.6881 1.8354 0.6492 5.5806 1.4982 36.5886 -3.0753 0.1644
Car -1 -1 -0.6166 861.4546 137.6984 1242.0000 360.8315 1.9554 1.5801 3.6002 4.5517 1.6477 7.2424 -0.0747 0.3738
Car -1 -1 2.3133 777.5976 175.4698 827.8278 196.0530 1.5221 3.5643 1.6601 14.8410 1.7318 55.7972 2.5716 0.2582
Car -1 -1 3.7571 0.0000 185.4022 108.5045 375.0000 1.5560 3.0247 2.2237 -6.7892 1.7031 6.7709 2.9901 0.2251
