Pedestrian -1 -1 0.3242 353.5055 163.3189 393.7498 238.8055 1.7949 0.8080 0.7100 -5.7919 1.5686 17.5615 0.0096 0.2101
Pedestrian -1 -1 2.5375 428.6275 182.2251 453.6568 225.2375 1.7443 0.6943 0.7519 -7.0606 2.1409 29.9935 2.3077 0.2044
Pedestrian -1 -1 -0.6431 479.5774 169.6254 498.5739 206.2702 1.7604 0.6602 0.6449 -5.9248 1.6057 35.1208 -0.8094 0.1926
Pedestrian -1 -1 0.6462 233.6256 171.2705 297.3493 274.8520 1.7179 0.7546 0.6682 -5.9616 1.6920 12.4013 0.2060 0.1901
Pedestrian -1 -1 2.3372 684.6664 165.6204 703.4402 201.0884 1.7985 0.7476 0.6043 4.2796 1.4320 37.0649 2.4508 0.1889
Pedestrian -1 -1 1.9662 0.0000 159.1360 93.5633 337.4980 1.7726 0.8152 0.7127 -6.1326 1.6366 7.6189 1.3053 0.1875
Pedestrian -1 -1 3.0851 414.0389 162.1819 428.6741 202.8789 1.9155 0.6825 0.6372 -9.0306 1.4136 34.3807 2.8298 0.1815
Pedestrian -1 -1 -0.4156 266.0013 168.6534 299.0089 228.7884 1.7940 0.6872 0.7001 -10.0383 1.6691 22.0130 -0.8393 0.1570
Cyclist -1 -1 -1.4195 538.6817 169.7171 567.5252 197.3451 1.7974 1.8126 0.6257 -3.7572 1.5936 47.3148 -1.4987 0.2718
Cyclist -1 -1 -0.6751 1040.7655 39.5334 1242.0000 375.0000 1.7423 1.7228 0.5605 3.4381 1.0789 4.4639 -0.0499 0.1728
Cyclist -1 -1 -2.9701 665.6221 167.9580 685.4819 200.2186 1.7463 1.7328 0.8163 3.6087 1.4816 39.9971 -2.8812 0.1586
Cyclist -1 -1 0.1575 267.9350 170.7323 298.7950 229.6639 1.7363 1.7246 0.5967 -10.0625 1.6741 22.1660 -0.2645 0.1566
Car -1 -1 1.7537 433.4849 181.6576 530.3496 253.1002 1.5613 1.7182 3.8076 -3.1446 1.8066 18.1527 1.5838 0.7263
Car -1 -1 2.7289 521.4212 176.0848 564.6697 200.3796 1.5551 3.5242 1.6206 -4.5774 1.7818 48.6299 2.6351 0.4054
Car -1 -1 1.5657 438.3870 175.2028 500.3060 205.2055 1.6987 3.4856 1.6675 -8.2492 1.8402 42.1913 1.3734 0.2682
Car -1 -1 -1.1601 569.8167 178.4281 614.8430 196.4286 1.4860 3.4256 1.8180 -1.5335 1.9766 61.9709 -1.1852 0.2223
Car -1 -1 3.0672 620.2739 175.2956 644.6926 195.1727 1.5773 3.8315 1.7314 1.8048 1.7863 59.6866 3.0969 0.1861
