Pedestrian -1 -1 1.3996 343.5803 162.3091 365.8770 199.7226 1.8638 0.9717 0.6151 -12.9335 1.3388 36.4469 1.0607 0.2346
Pedestrian -1 -1 2.2069 1100.8651 159.8147 1147.2683 229.1167 1.7642 0.7303 0.6719 13.3533 1.4326 18.8184 2.8162 0.2015
Pedestrian -1 -1 2.8583 272.6129 141.3149 357.8903 319.5684 1.8091 0.8379 0.6536 -3.2711 1.4894 7.8516 2.4746 0.1814
Cyclist -1 -1 -0.5349 916.7634 145.9368 1019.3366 272.4393 1.8678 1.9235 0.5519 5.6556 1.4707 11.6341 -0.0930 0.5650
Cyclist -1 -1 1.8096 586.3161 171.3145 709.6500 296.6942 1.7047 1.6647 0.6388 0.4976 1.6841 10.3473 1.8548 0.2563
Cyclist -1 -1 -0.9803 1139.4213 162.1112 1195.2556 203.5206 1.7651 1.9004 0.6512 24.4621 1.3076 31.7584 -0.3287 0.2203
Cyclist -1 -1 -0.2363 529.8228 175.9062 552.8676 217.2273 1.7315 1.7917 0.5893 -3.0325 1.8683 31.3139 -0.3327 0.1962
Cyclist -1 -1 -1.1124 1149.0942 153.9403 1242.0000 275.1783 1.6365 1.7355 0.6626 9.0646 1.3816 10.6642 -0.4219 0.1811
Cyclist -1 -1 -0.1721 660.0535 174.4292 679.1869 207.5747 1.6421 1.7478 0.6764 2.9867 1.7246 36.7304 -0.0922 0.1744
Car -1 -1 -1.6435 572.6049 173.7546 696.5614 288.3617 1.5858 1.7064 3.9710 0.1920 1.6037 12.0448 -1.6293 0.5826
Car -1 -1 -0.2621 578.2722 179.9545 642.2011 220.8671 1.4913 3.7579 1.6379 -0.1033 1.7973 29.0296 -0.2664 0.3628
Car -1 -1 2.8068 582.8939 174.9592 624.7974 198.9889 1.5500 3.5081 1.7752 -0.4858 1.6986 48.8330 2.7964 0.3109
Car -1 -1 0.2344 549.4555 181.9516 588.2433 206.6925 1.5268 3.8090 1.7433 -2.7245 2.1585 48.0442 0.1776 0.2405
Car -1 -1 0.3402 60.1777 154.1914 323.8207 305.4539 1.5284 4.0291 1.5993 -5.1146 1.3402 9.3978 -0.1468 0.2019
Car -1 -1 3.6141 0.0000 144.3988 258.1247 375.0000 1.5627 3.6429 1.8148 -3.6792 1.4680 4.3720 2.9439 0.1956
