Pedestrian -1 -1 1.4518 378.1577 190.9579 390.3605 212.6630 1.6300 0.8135 0.7482 -17.4043 3.0367 55.5392 1.1490 0.5163
Pedestrian -1 -1 -0.5959 818.5388 148.4018 890.6865 272.7101 1.8325 0.8535 0.6903 3.7088 1.4724 11.1400 -0.2833 0.5102
Pedestrian -1 -1 0.8574 353.4532 193.0271 372.3002 220.5638 1.7333 0.8480 0.7881 -16.0608 3.0581 46.8060 0.5281 0.3928
Pedestrian -1 -1 1.6734 317.3437 194.4649 334.9438 225.7910 1.6154 0.7976 0.7413 -15.1029 2.7772 38.3092 1.2998 0.3475
Pedestrian -1 -1 2.5576 731.1287 177.8235 760.5286 227.7552 1.6990 0.8253 0.6601 4.6870 1.8761 25.1587 2.7389 0.2037
Pedestrian -1 -1 1.4743 464.4264 169.8914 486.6981 209.3226 1.9139 1.0212 0.6152 -6.6472 1.7704 35.4555 1.2899 0.2037
Pedestrian -1 -1 2.4600 657.5634 179.8315 677.8501 212.3896 1.6788 0.7023 0.7994 2.9969 2.0510 37.9384 2.5375 0.1971
Pedestrian -1 -1 -1.2976 0.0000 199.5686 39.5385 272.1135 1.6384 0.8003 0.7543 -14.2427 2.2933 17.1712 -1.9825 0.1855
Pedestrian -1 -1 2.4173 555.0086 172.2060 570.8447 198.7576 1.8165 0.8149 0.7384 -3.2860 1.7725 49.9099 2.3515 0.1823
Cyclist -1 -1 -0.4565 804.2004 146.5674 896.4658 274.0903 1.8397 1.8594 0.5965 3.6794 1.4608 11.3703 -0.1520 0.3861
Cyclist -1 -1 -3.3130 733.5455 179.6458 757.7338 229.6628 1.6675 1.6761 0.5407 4.6643 1.9122 25.1209 -3.1323 0.3757
Cyclist -1 -1 -1.5523 642.8577 174.6864 678.1685 209.3362 1.8049 1.8410 0.6365 2.6285 1.9029 38.0215 -1.4844 0.2877
Cyclist -1 -1 -0.0005 357.5543 192.3652 367.3398 220.2657 1.7303 1.6409 0.5910 -16.1011 3.0208 46.8366 -0.3304 0.2744
Cyclist -1 -1 -1.8727 1042.6906 178.9347 1084.9612 213.7120 1.8534 1.8128 0.7174 24.6220 2.1892 39.2277 -1.3161 0.2219
Cyclist -1 -1 2.4975 551.5608 172.2912 573.0114 197.6959 1.7297 1.6529 0.6104 -3.3389 1.6917 49.9487 2.4307 0.1940
Cyclist -1 -1 0.5776 240.1416 195.8293 274.8217 238.4309 1.6173 1.6030 0.4532 -14.2427 2.5706 29.1009 0.1256 0.1776
Car -1 -1 1.3344 636.2664 180.7722 684.7042 209.4311 1.4697 1.9589 3.1742 2.6944 1.9246 39.6862 1.4011 0.5304
Car -1 -1 -1.2315 583.1229 181.3629 632.7148 210.1387 1.5364 1.6769 3.9082 -0.1012 2.0559 41.8985 -1.2345 0.2967
Car -1 -1 2.7440 679.5823 194.1526 744.5292 221.5354 1.6070 1.6550 3.7129 6.4043 2.9913 45.6046 2.8819 0.2832
Car -1 -1 -2.3099 774.8901 188.8035 819.8698 209.1465 1.6103 2.9060 2.3200 15.9369 3.0077 61.4922 -2.0581 0.2747
Car -1 -1 3.0919 522.3694 179.0359 562.5073 196.8322 1.6193 1.6794 3.6585 -6.3555 2.2074 67.5040 2.9980 0.2569
Car -1 -1 -0.9940 979.4776 183.0739 1042.2501 205.2895 1.5103 3.5596 1.9054 29.3297 2.2890 52.9268 -0.4908 0.2442
Car -1 -1 -2.1562 761.9095 188.9027 811.8752 211.3095 1.4920 1.7307 3.8433 12.9525 2.7215 53.1553 -1.9191 0.1987
Car -1 -1 -0.7864 1085.5177 175.9800 1144.0886 196.8091 1.4994 3.2918 1.8022 37.8715 1.7425 54.2515 -0.1798 0.1925
