Pedestrian -1 -1 0.5279 213.9792 184.7208 236.6633 221.2423 1.7433 0.7089 0.7120 -18.7190 2.3261 35.0463 0.0402 0.2356
Pedestrian -1 -1 1.4500 0.0000 203.2868 26.0437 258.7798 1.7887 0.9231 0.7947 -20.5561 2.8495 24.5302 0.7577 0.1988
Cyclist -1 -1 3.3821 359.6523 181.0816 372.3434 201.4329 1.7463 1.8686 0.6335 -21.5356 2.4833 63.6429 3.0567 0.5229
Cyclist -1 -1 0.3658 297.8107 183.6766 316.8601 209.2306 1.7354 1.7623 0.6445 -21.2618 2.5088 50.6434 -0.0301 0.2780
Cyclist -1 -1 2.8405 721.0879 181.7419 748.6296 227.5918 1.6492 1.6984 0.5345 4.6431 1.9950 27.1680 3.0072 0.2088
Cyclist -1 -1 0.2053 0.0000 200.5977 25.3248 255.7133 1.7458 1.7432 0.5669 -20.6079 2.7293 24.6641 -0.4856 0.1857
Cyclist -1 -1 0.0081 254.9692 184.0490 265.6281 210.2634 1.6963 1.7532 0.6278 -23.4849 2.4621 48.4051 -0.4417 0.1811
Car -1 -1 2.0442 157.1427 192.8761 250.3002 237.3461 1.5498 1.6249 3.9382 -16.2076 2.4085 28.9353 1.5372 0.6071
Car -1 -1 -1.6178 599.7038 175.6381 631.6133 202.4679 1.5364 1.7510 3.4755 0.2699 1.7112 43.4550 -1.6121 0.4390
Car -1 -1 2.9897 441.4458 182.9540 467.8282 201.8532 1.4986 3.6009 1.6633 -13.2485 2.3848 61.3042 2.7774 0.3787
Car -1 -1 -0.4304 675.9598 179.1993 727.8279 205.2773 1.5130 3.9975 1.6887 5.6491 1.9288 45.0728 -0.3071 0.3603
Car -1 -1 2.6796 757.8409 176.8784 796.1259 195.3375 1.5011 3.8304 1.6419 14.1954 1.8566 61.6230 2.9046 0.2487
Car -1 -1 -2.6912 331.8648 181.5633 368.9496 200.3650 1.5564 3.7740 1.5847 -22.8230 2.3470 63.5032 -3.0351 0.2045
Car -1 -1 0.2367 379.7504 177.0479 414.6422 199.2784 1.6304 4.1567 1.6588 -16.4418 1.9676 55.8313 -0.0487 0.1870
