Pedestrian -1 -1 0.8725 847.1562 141.1561 914.2242 256.4892 1.9005 0.8837 0.6183 4.5679 1.3785 12.3296 1.2189 0.3580
Pedestrian -1 -1 0.7429 999.1935 128.9861 1079.2158 260.7730 1.8710 0.9130 0.5455 6.2702 1.2485 10.6391 1.2630 0.3371
Pedestrian -1 -1 0.7144 690.4311 184.1880 714.8246 221.4722 1.7110 0.8797 0.7484 4.3300 2.2549 34.0285 0.8391 0.2818
Pedestrian -1 -1 3.2578 19.6456 135.3590 77.6157 252.4739 1.9338 0.8244 0.6924 -9.7136 1.3151 12.4426 2.6052 0.2796
Pedestrian -1 -1 3.4979 160.2800 173.4317 191.8204 227.2118 1.7665 0.7673 0.6783 -14.5591 1.7866 24.1459 2.9600 0.1946
Cyclist -1 -1 0.3289 294.4997 180.9867 326.2307 224.0866 1.7157 1.9712 0.6166 -12.5205 2.0666 30.1007 -0.0626 0.5383
Cyclist -1 -1 -2.1309 1142.1968 158.4199 1184.8156 190.6230 1.7895 1.8529 0.6198 31.0114 0.9878 40.4839 -1.4809 0.3260
Cyclist -1 -1 -2.4448 1209.5483 157.0626 1242.0000 189.8864 1.8283 1.8124 0.6217 34.8146 0.9491 40.6458 -1.7402 0.3052
Cyclist -1 -1 -2.1484 1099.6028 158.6010 1139.9471 191.1705 1.8135 1.8061 0.6206 28.5808 1.0202 40.5137 -1.5376 0.2359
Cyclist -1 -1 -0.9643 1173.5076 186.2075 1242.0000 265.0602 1.6536 1.5595 0.3565 13.5356 1.9686 16.1979 -0.2779 0.2004
Car -1 -1 1.6016 568.9107 176.3047 619.7193 224.4501 1.5554 1.6612 3.7268 -0.5415 1.6864 25.4464 1.5799 0.6400
Car -1 -1 3.1539 464.9381 181.5140 495.9697 210.0061 1.5126 3.7276 1.6784 -7.4563 2.0345 41.4793 2.9767 0.5478
Car -1 -1 2.7549 430.1937 183.6139 471.2571 205.5446 1.5108 3.7211 1.7044 -11.9105 2.3420 53.6961 2.5373 0.2483
Car -1 -1 3.1930 538.9286 178.2671 565.0783 200.0137 1.5294 3.5122 1.7534 -4.2881 1.9438 53.4085 3.1128 0.2333
Car -1 -1 1.0772 1145.1697 172.9100 1242.0000 202.6653 1.5035 3.7484 1.7608 30.4819 1.5069 37.6674 1.7534 0.2226
Car -1 -1 -2.1754 1094.0818 163.7349 1184.9175 192.2132 1.5869 3.8673 1.7511 30.0880 1.0791 41.1239 -1.5473 0.2193
Car -1 -1 -0.1123 411.5571 179.0155 438.3011 199.4196 1.5762 4.1550 1.6727 -15.2714 2.1023 59.3251 -0.3635 0.1921
