Pedestrian -1 -1 1.6443 182.2199 144.8174 315.8332 367.1210 1.8321 1.0102 0.6497 -3.1849 1.5397 6.3085 1.1985 0.8114
Pedestrian -1 -1 2.3176 830.2866 169.0882 878.2931 238.9494 1.7031 0.8848 0.7203 6.2298 1.4265 17.7914 2.6505 0.4876
Pedestrian -1 -1 1.6552 1119.0027 191.1397 1224.0000 370.0000 1.6580 0.7489 0.7287 4.3585 1.7483 5.3624 2.3106 0.4723
Pedestrian -1 -1 3.2117 265.2904 163.4336 305.5446 255.8928 1.7272 0.8602 0.6474 -6.2304 1.4100 13.7174 2.7959 0.4475
Pedestrian -1 -1 0.8126 812.8555 174.6076 871.7468 262.7491 1.6828 0.9078 0.6491 4.6478 1.5719 13.9816 1.1284 0.3084
Pedestrian -1 -1 2.7071 652.3813 163.2210 708.7170 260.7306 1.7298 0.8565 0.7406 1.3416 1.4249 13.0635 2.8087 0.2636
Pedestrian -1 -1 2.1532 1106.0026 158.4108 1209.9597 284.6404 1.7091 0.8859 0.7912 7.8491 1.4117 10.1182 2.7995 0.2366
Pedestrian -1 -1 1.1503 971.5339 191.5998 1129.0931 370.0000 1.6481 0.7679 0.7247 3.2753 1.7401 5.3511 1.6752 0.2214
Pedestrian -1 -1 2.3883 605.2802 163.7671 658.6724 252.0214 1.7609 0.8443 0.7245 0.5150 1.4286 14.6585 2.4244 0.1802
Pedestrian -1 -1 2.8355 518.3456 164.4923 567.8791 262.8633 1.7325 0.8693 0.6747 -1.1896 1.4522 12.9784 2.7481 0.1753
Cyclist -1 -1 1.1758 1045.9598 163.7753 1221.6953 288.3066 1.7320 1.9400 0.7322 7.6666 1.5010 10.4037 1.7980 0.3720
Cyclist -1 -1 0.1430 261.2308 163.7589 304.9371 258.8837 1.7309 1.7180 0.5215 -6.2811 1.4279 13.7580 -0.2748 0.3285
Cyclist -1 -1 -0.6662 1145.1482 145.4547 1224.0000 255.8267 1.7607 1.9299 0.5797 10.3250 1.2033 12.2456 0.0232 0.2393
Cyclist -1 -1 2.0169 250.2462 176.6723 394.6937 287.6328 1.6704 1.9565 0.8030 -4.4557 1.6145 11.1139 1.6470 0.2381
Cyclist -1 -1 0.3649 109.0544 166.7717 185.6387 266.3161 1.7800 1.9019 0.5815 -8.8129 1.5361 13.6272 -0.1969 0.2200
Cyclist -1 -1 -0.3910 854.1151 171.4018 940.3936 295.4018 1.6573 1.8116 0.4870 4.1801 1.5374 10.3547 -0.0162 0.2121
Cyclist -1 -1 -0.4459 644.6250 161.8975 717.1144 262.4182 1.7495 1.8425 0.6067 1.3422 1.4274 13.2707 -0.3457 0.2062
Cyclist -1 -1 2.6902 826.8083 166.7238 878.8403 237.1396 1.6898 1.6703 0.5543 6.1831 1.3608 17.8255 3.0202 0.1830
Cyclist -1 -1 0.7627 1066.8656 190.2330 1224.0000 370.0000 1.6452 1.7283 0.6273 5.1128 1.7404 6.3423 1.4185 0.1774
Cyclist -1 -1 0.2461 11.5814 165.9194 105.8598 301.7867 1.7814 1.8158 0.6301 -7.8869 1.5919 10.2248 -0.3943 0.1721
Cyclist -1 -1 -0.4262 836.0964 152.5996 914.2512 262.0323 1.7669 1.8193 0.5509 4.6232 1.3180 12.3384 -0.0743 0.1709
Cyclist -1 -1 1.4001 681.1976 162.9970 758.0760 232.1614 1.7313 1.8471 0.6757 2.8717 1.2948 18.0440 1.5570 0.1696
Car -1 -1 3.1859 0.0000 175.5497 129.2080 290.2276 1.5479 3.8990 1.6504 -8.8623 1.4828 11.6167 2.5492 0.3084
Car -1 -1 -0.5335 576.8826 186.9300 659.2896 225.8333 1.5039 3.8988 1.7714 0.4638 1.7991 30.1636 -0.5168 0.1783
