Pedestrian -1 -1 3.8143 0.0000 126.4243 61.9691 279.4335 1.8641 0.7350 0.5867 -7.5828 1.2988 9.1568 3.1368 0.5232
Cyclist -1 -1 -1.5222 611.5266 176.4551 636.3427 199.6722 1.8220 1.9334 0.7622 1.0853 2.1101 57.2052 -1.5038 0.4757
Cyclist -1 -1 3.3174 202.9353 179.5874 219.6082 206.9718 1.7372 1.8434 0.6406 -26.1179 2.1873 47.2244 2.8143 0.3141
Cyclist -1 -1 -0.8414 106.8755 180.9603 156.6271 223.8584 1.8589 1.8512 0.6851 -21.1903 2.2232 31.9169 -1.4239 0.3032
Car -1 -1 -1.8474 699.4374 183.4010 921.4297 334.1119 1.5420 1.6864 4.1174 2.3509 1.7158 9.7704 -1.6195 0.7955
Car -1 -1 1.9032 23.7670 203.3904 419.6433 375.0000 1.4515 1.6616 3.6573 -2.8480 1.7924 6.1503 1.4846 0.6927
Car -1 -1 -0.1528 627.4749 184.4476 665.8267 212.7984 1.5611 3.7652 1.7338 2.1187 2.2888 43.2970 -0.1049 0.5481
Car -1 -1 0.0426 452.1717 177.4310 530.5084 208.5960 1.6659 1.7886 4.1988 -6.5679 1.9275 40.0391 -0.1194 0.5323
Car -1 -1 -2.7349 245.0535 189.6666 425.9147 254.6405 1.4711 1.6722 3.8075 -6.7081 1.9066 17.7440 -3.0920 0.5283
Car -1 -1 -1.2235 93.6698 188.9490 350.4018 283.7671 1.4965 3.6581 1.6958 -6.7594 1.8071 12.8282 -1.7004 0.5020
Car -1 -1 -0.1155 303.2034 176.7976 342.0688 206.6903 1.6068 3.9526 1.6308 -16.5876 1.8454 41.4687 -0.4941 0.3526
Car -1 -1 1.9234 386.4041 184.6047 494.7547 225.1772 1.4658 3.7061 1.6710 -6.5107 1.9351 27.7347 1.6944 0.3490
Car -1 -1 3.0763 417.0924 189.8192 476.9151 240.3013 1.4729 3.9143 1.7258 -5.6695 2.1015 24.5972 2.8515 0.3331
Car -1 -1 -0.3306 439.5716 171.5461 476.5609 192.8933 1.5664 3.5641 1.6867 -11.6163 1.4708 54.9049 -0.5384 0.3189
Car -1 -1 1.4754 613.4957 180.6308 655.2227 199.5233 1.4691 3.1945 1.6607 1.9059 2.1025 57.8011 1.5078 0.3039
Car -1 -1 -0.4089 664.2795 183.3812 707.8047 207.2065 1.5531 3.5454 1.7710 5.2738 2.3221 50.7195 -0.3064 0.2962
