Pedestrian -1 -1 1.5579 339.2216 180.6631 360.6726 224.4415 1.6895 0.7872 0.6427 -10.2951 2.0024 28.4382 1.2132 0.3704
Pedestrian -1 -1 1.1423 693.4108 190.7345 709.3744 218.1545 1.6799 0.7609 0.7227 5.6982 2.8132 45.2587 1.2660 0.2041
Pedestrian -1 -1 1.9650 770.9968 173.1155 821.5450 251.4144 1.6394 0.8850 0.6385 3.9846 1.6456 15.6280 2.2093 0.1919
Pedestrian -1 -1 2.6505 447.5885 178.3651 462.1856 205.9846 1.8076 0.6009 0.7527 -10.3240 2.1772 47.8794 2.4389 0.1867
Cyclist -1 -1 2.6838 898.0517 184.4439 957.9530 262.6335 1.7369 1.7371 0.5811 7.4840 2.0273 17.1703 3.0876 0.2065
Cyclist -1 -1 0.2498 54.5891 169.1939 96.9430 227.3673 1.7825 1.9121 0.6299 -17.1293 1.6707 23.1101 -0.3826 0.1937
Cyclist -1 -1 -0.6898 883.0778 201.4949 985.1918 318.2084 1.7457 1.7820 0.5440 5.3644 2.2665 12.1778 -0.2853 0.1915
Cyclist -1 -1 3.2734 447.3746 179.8016 460.4054 204.5322 1.5970 1.6206 0.6385 -10.3856 2.0666 47.8929 3.0606 0.1807
Car -1 -1 1.6761 409.7218 180.6309 456.3057 216.4096 1.5094 1.6898 3.8483 -8.1515 1.8908 33.3339 1.4377 0.5239
Car -1 -1 -2.8016 486.7160 180.4969 523.4427 201.3711 1.5225 3.7369 1.6750 -8.1387 2.1381 56.0830 -2.9454 0.4334
Car -1 -1 0.1141 1.5325 195.8962 47.0602 222.6594 1.4785 4.1532 1.7786 -37.2449 3.0168 45.9273 -0.5646 0.3570
Car -1 -1 -3.3141 829.6041 176.4287 941.3452 259.6920 1.6222 3.8348 1.6549 6.0020 1.7132 16.2608 -2.9673 0.3176
Car -1 -1 0.3446 306.1465 184.8595 342.3631 203.9834 1.4994 3.8270 1.6454 -24.1082 2.5460 60.9388 -0.0309 0.2403
Car -1 -1 2.6009 589.3171 179.9894 639.7187 204.3968 1.5054 3.7467 1.6305 0.2264 1.9977 47.7122 2.6050 0.2152
Car -1 -1 -0.7239 701.4589 177.0849 793.5118 218.1759 1.5885 3.8441 1.6705 5.6736 1.7793 30.3966 -0.5417 0.2120
Car -1 -1 -3.0441 664.4139 178.8596 696.9496 206.1591 1.5847 3.7605 1.6567 4.3913 1.9744 44.7691 -2.9475 0.2047
Car -1 -1 2.9072 321.2877 181.2393 350.7382 198.8125 1.5298 3.7613 1.7228 -25.4057 2.3301 66.7946 2.5448 0.1835
