Pedestrian -1 -1 2.4784 1061.8639 157.4980 1187.8987 320.3250 1.7273 0.8697 0.7781 5.7000 1.5647 8.1118 3.0732 0.6137
Pedestrian -1 -1 -0.6379 746.0844 174.2439 771.6887 218.8431 1.7387 0.7744 0.6639 5.8661 1.7952 28.6488 -0.4386 0.6073
Pedestrian -1 -1 -0.6928 758.3132 153.6412 789.7554 214.2397 1.8016 0.7849 0.5573 4.9337 1.2307 21.9249 -0.4749 0.4449
Pedestrian -1 -1 2.4917 881.8447 166.4091 919.0724 228.3346 1.7707 0.7732 0.6783 8.4380 1.5868 21.0929 2.8668 0.3311
Pedestrian -1 -1 -1.6710 676.0652 178.4090 684.5374 200.1025 1.6431 0.5771 0.6918 5.3478 2.0709 55.1732 -1.5754 0.2455
Pedestrian -1 -1 2.0618 1135.6328 158.1471 1240.0820 294.3448 1.6858 0.8538 0.6782 7.5038 1.5041 9.4568 2.7169 0.2265
Pedestrian -1 -1 0.6032 1145.7030 195.7493 1175.7745 236.3183 1.8007 0.8578 0.7410 25.1925 2.8657 33.0605 1.2493 0.2201
Pedestrian -1 -1 -2.6400 731.0142 174.8285 743.1635 197.6137 1.7660 0.8380 0.6107 9.9333 1.9225 56.5302 -2.4674 0.2010
Pedestrian -1 -1 3.1463 290.1950 173.3313 298.2571 197.6565 1.7955 0.8264 0.5460 -23.5535 1.8317 53.7611 2.7350 0.1968
Cyclist -1 -1 -0.5912 670.0864 179.1587 689.0113 201.3006 1.6490 1.7073 0.5845 5.2801 2.1389 55.1311 -0.4967 0.5847
Cyclist -1 -1 -0.3820 677.3934 176.9828 702.3333 209.8582 1.7677 2.0216 0.6678 4.3909 2.0038 40.1247 -0.2744 0.5068
Cyclist -1 -1 2.3739 724.1309 176.5537 746.6509 199.0310 1.7204 1.8278 0.6460 9.7797 2.0152 56.4704 2.5440 0.4790
Cyclist -1 -1 -0.3981 693.0190 177.9882 707.1104 197.0087 1.7529 1.9076 0.6248 8.4664 2.2445 68.0357 -0.2753 0.2690
Cyclist -1 -1 -0.5277 872.9770 165.2228 924.2190 226.5422 1.7229 1.7992 0.5564 8.4047 1.5089 21.2026 -0.1556 0.2536
Cyclist -1 -1 0.1301 0.0000 174.8160 21.4866 216.1899 1.7120 1.7789 0.6211 -25.7515 1.7988 30.8595 -0.5612 0.1987
Cyclist -1 -1 0.8979 1088.7194 159.8356 1242.0000 294.1823 1.6905 1.9883 0.7850 7.4926 1.5271 9.4889 1.5506 0.1871
Car -1 -1 3.3733 196.5127 182.1721 242.2184 208.2345 1.5645 4.1048 1.7194 -25.4585 2.2016 47.0930 2.8798 0.5422
Car -1 -1 3.5875 128.0672 182.4673 197.0167 213.0828 1.5978 4.1557 1.7089 -25.4612 2.1754 41.1643 3.0362 0.4962
Car -1 -1 3.2420 468.9833 183.8215 503.9463 211.0189 1.5307 4.0930 1.7182 -7.5840 2.2379 44.3994 3.0733 0.3020
Car -1 -1 -0.1362 711.8101 179.4566 741.6794 200.8517 1.5497 3.6803 1.7647 8.8778 2.0728 55.2652 0.0218 0.2067
