Cyclist -1 -1 -3.3389 742.6152 172.7047 807.1495 280.0481 1.7184 1.8103 0.7231 2.7545 1.7163 12.4579 -3.1274 0.4077
Car -1 -1 -1.7007 714.6864 178.4446 784.3789 233.4463 1.5656 1.6505 3.8737 4.2904 1.7588 22.9144 -1.5187 0.7793
Car -1 -1 -1.7904 740.9209 179.2432 847.1702 251.4147 1.5354 1.6620 3.8636 4.3069 1.7092 17.6358 -1.5556 0.7610
Car -1 -1 -1.6127 599.5340 179.3805 661.6970 235.3896 1.4809 1.6601 3.7207 0.4850 1.6917 21.3891 -1.5911 0.7248
Car -1 -1 -1.8136 692.6538 168.4179 762.1816 213.4599 1.6321 1.7862 3.8142 4.4461 1.4717 28.1201 -1.6589 0.6069
Car -1 -1 -1.9571 791.1987 172.8278 1027.8186 302.0973 1.5705 1.7616 4.0330 4.1085 1.5706 10.8079 -1.6038 0.6037
Car -1 -1 -1.8268 168.5314 179.3432 395.7805 339.8526 1.5005 1.6414 3.6295 -4.2016 1.5975 8.8203 -2.2604 0.5868
Car -1 -1 -2.2783 1036.7677 192.8141 1242.0000 375.0000 1.5324 1.6761 4.0960 3.7281 1.6809 3.2250 -1.4659 0.5558
Car -1 -1 1.1681 754.3644 171.6150 827.4268 201.3003 1.5906 3.5426 1.6452 9.9053 1.5246 39.7552 1.4101 0.5306
Car -1 -1 -1.6731 448.6517 175.1629 517.7355 230.0006 1.5099 1.7144 3.3850 -3.9596 1.5863 21.8843 -1.8505 0.4761
Car -1 -1 3.5166 0.0000 182.9788 173.9673 305.6567 1.5213 3.2825 1.6084 -8.1714 1.7016 11.0298 2.8903 0.4625
Car -1 -1 2.7888 493.9808 177.5919 557.2839 214.3473 1.5689 3.7871 1.6982 -4.0026 1.8022 33.4030 2.6699 0.4560
Car -1 -1 3.4519 171.1425 176.8165 308.8158 260.8171 1.5938 3.3279 1.6870 -7.8962 1.6897 15.6263 2.9905 0.4530
Car -1 -1 0.4690 163.7117 177.1496 262.2217 223.9093 1.5152 3.5631 1.6006 -13.9611 1.6782 25.5123 -0.0276 0.4478
