Pedestrian -1 -1 3.0562 362.5239 145.9485 427.9135 303.3633 1.8197 0.9630 0.6946 -2.7230 1.5090 8.9134 2.7670 0.5539
Pedestrian -1 -1 1.7172 293.7872 144.8776 410.8602 346.3376 1.8412 0.9884 0.5819 -2.5150 1.5858 6.9701 1.3817 0.5429
Pedestrian -1 -1 2.7966 603.3942 170.1630 625.6552 213.9607 1.7862 0.8464 0.6756 0.1418 1.6768 29.9348 2.8006 0.5167
Pedestrian -1 -1 0.6116 961.9486 164.7021 985.1443 200.4051 1.8125 0.9999 0.6033 18.6719 1.3990 37.1304 1.0740 0.2884
Pedestrian -1 -1 0.8899 1108.3683 171.3643 1169.3329 251.0337 1.7130 0.7320 0.8188 11.6205 1.6814 15.9423 1.5104 0.2313
Pedestrian -1 -1 3.6123 42.8439 161.3688 77.5244 220.1820 1.8506 0.8232 0.5727 -17.6823 1.4896 23.1566 2.9655 0.1993
Pedestrian -1 -1 -1.8609 591.5424 171.2827 600.9232 192.5041 1.7520 0.6092 0.6832 -1.1693 1.6227 59.9851 -1.8807 0.1784
Pedestrian -1 -1 3.4648 317.8436 167.9302 336.3580 206.8254 1.8512 0.8410 0.5941 -13.6682 1.6172 34.7739 3.0926 0.1775
Pedestrian -1 -1 -1.1658 966.3478 154.9617 1001.6539 210.2010 1.8408 0.8950 0.6268 12.6968 1.2449 24.5857 -0.6942 0.1697
Pedestrian -1 -1 -1.3781 1032.2994 151.5919 1064.3837 207.5078 1.8319 0.8202 0.6021 14.6171 1.1357 24.1340 -0.8392 0.1686
Pedestrian -1 -1 2.6237 273.7701 181.9959 300.1578 223.8044 1.7157 0.7062 0.7643 -13.6289 2.1072 30.3507 2.2046 0.1677
Cyclist -1 -1 -3.6040 1108.0640 170.3115 1165.8810 245.1958 1.5864 1.5174 0.3880 11.6517 1.5329 16.0622 -2.9856 0.2374
Cyclist -1 -1 -0.0829 606.0021 169.6775 623.7470 213.5869 1.7809 1.7900 0.5908 0.1518 1.6524 30.1775 -0.0785 0.1781
Car -1 -1 2.0816 237.3928 176.8054 284.6133 194.5698 1.6094 3.5332 1.7462 -32.2982 1.9809 66.7847 1.6324 0.3643
Car -1 -1 -2.5234 170.4035 181.0707 222.3320 202.4146 1.4849 3.4529 1.6311 -30.5700 2.1136 53.3786 -3.0416 0.2668
Car -1 -1 -0.2138 880.2442 180.7558 929.9907 212.2562 1.5353 3.8355 1.6407 15.5228 1.9763 38.2095 0.1688 0.2407
Car -1 -1 2.0774 243.6799 181.2353 296.2076 199.3766 1.5355 3.7704 1.7588 -29.6874 2.2794 63.0012 1.6385 0.2172
Car -1 -1 -0.4185 703.7512 178.7660 741.6116 197.8924 1.5142 3.8108 1.7271 9.3774 2.0269 60.4612 -0.2658 0.1902
Car -1 -1 -0.2489 314.1341 182.5020 351.6393 204.6879 1.5227 3.8617 1.6915 -20.5582 2.2645 53.3815 -0.6151 0.1841
Car -1 -1 3.1336 79.9542 182.5918 110.6714 205.3933 1.5449 3.6643 1.7722 -37.5537 2.2822 52.5994 2.5158 0.1839
