Pedestrian -1 -1 1.1674 817.4970 166.9765 835.3378 192.9803 1.8610 1.0960 0.5670 15.5605 1.4407 51.9789 1.4564 0.3090
Pedestrian -1 -1 -1.0619 1179.6783 159.6690 1242.0000 247.1290 1.7749 0.9125 0.7772 12.7099 1.5077 15.2074 -0.3757 0.2073
Pedestrian -1 -1 0.5994 980.8573 186.7306 1013.2496 239.1478 1.7958 0.7406 0.7159 13.6144 2.2954 25.4655 1.0847 0.1987
Cyclist -1 -1 1.7366 590.0951 178.2499 619.5786 205.2527 1.7891 1.8865 0.7454 -0.3730 2.1562 48.5262 1.7284 0.2397
Cyclist -1 -1 -0.7462 1163.1698 158.9575 1242.0000 249.2593 1.7874 1.7694 0.7238 12.6685 1.5127 15.1845 -0.0608 0.2237
Cyclist -1 -1 3.4245 124.9053 168.7548 151.6914 208.4001 1.8494 1.8994 0.5652 -22.6724 1.6585 34.6471 2.8484 0.2206
Car -1 -1 3.2946 350.6278 182.2583 382.9198 204.0255 1.5191 3.8228 1.7310 -18.2319 2.2516 54.1382 2.9709 0.6013
Car -1 -1 3.0900 594.9479 177.8024 621.3253 200.9369 1.5260 3.6468 1.6434 -0.1914 1.8838 50.2563 3.0858 0.4887
Car -1 -1 2.3601 819.5993 178.6347 870.2150 198.9101 1.5865 3.9750 1.6693 19.4073 2.0834 59.8303 2.6719 0.4196
Car -1 -1 -0.9126 845.0096 170.7429 933.4396 207.1491 1.6077 3.6268 1.6200 12.9847 1.5148 33.8300 -0.5494 0.3868
Car -1 -1 0.5995 0.0000 209.9386 278.3577 375.0000 1.4715 3.9159 1.6914 -5.7348 2.0101 8.4938 0.0196 0.2594
Car -1 -1 3.0550 442.9542 181.2115 467.7596 201.1436 1.5166 3.7130 1.6523 -12.6118 2.2192 58.6068 2.8436 0.2307
Car -1 -1 -3.1435 846.0138 180.6337 874.3645 205.7966 1.5741 4.2126 1.7379 16.8787 2.1253 48.8137 -2.8129 0.2295
Car -1 -1 -0.6491 950.6738 178.7539 1029.9269 210.2036 1.5837 4.0675 1.6859 20.5691 1.9229 39.2846 -0.1703 0.2046
