Pedestrian -1 -1 -0.7215 1054.6780 164.3225 1115.7043 256.4511 1.7367 0.7537 0.6535 9.1706 1.5762 14.0206 -0.1524 0.3047
Pedestrian -1 -1 2.4991 902.8631 166.9031 956.9761 251.1209 1.6905 0.8583 0.6353 6.5763 1.5714 14.9727 2.9050 0.2897
Pedestrian -1 -1 -2.1062 290.8791 193.6243 312.4204 225.6394 1.7100 0.7873 0.8165 -17.0525 2.8727 39.8196 -2.5088 0.2597
Pedestrian -1 -1 -0.1844 574.7886 168.6779 595.8932 215.7500 1.8383 0.8437 0.6932 -1.0269 1.6756 28.6626 -0.2205 0.2246
Pedestrian -1 -1 0.9597 218.1975 189.1952 235.6496 217.6749 1.7968 0.7340 0.6865 -24.7488 2.8626 46.5572 0.4731 0.2235
Pedestrian -1 -1 0.0140 715.5105 167.1165 739.2162 227.6248 1.7626 0.7807 0.6834 3.4464 1.5958 21.4579 0.1704 0.2000
Pedestrian -1 -1 2.6708 793.7073 144.5111 873.2168 290.3827 1.7566 0.8250 0.6527 2.7620 1.4156 9.1520 2.9541 0.1904
Pedestrian -1 -1 -1.1515 196.3687 193.5713 219.2383 226.4710 1.6871 0.7791 0.8363 -21.2219 2.7921 38.0163 -1.6580 0.1828
Pedestrian -1 -1 0.1206 366.9284 144.6090 402.1213 233.7572 1.7836 0.8388 0.5960 -4.6961 1.2188 14.8991 -0.1801 0.1821
Pedestrian -1 -1 2.5118 434.3778 183.2365 451.5246 211.2616 1.7613 0.7585 0.7733 -10.7474 2.4355 46.2844 2.2845 0.1817
Cyclist -1 -1 0.0695 296.4848 193.6284 307.1795 224.3880 1.6214 1.5131 0.4385 -17.0632 2.7926 39.8792 -0.3328 0.2395
Cyclist -1 -1 -0.4491 899.9162 163.1288 971.5803 254.8900 1.7646 1.8377 0.5802 6.5881 1.5780 14.8022 -0.0385 0.2179
Cyclist -1 -1 -1.0327 1091.5363 157.1564 1191.2631 231.6053 1.6275 1.8055 0.5945 12.2152 1.2847 16.7171 -0.4104 0.2149
Cyclist -1 -1 -0.3189 505.0421 185.4989 525.2617 218.3263 1.7762 1.6682 0.6356 -5.3826 2.5039 40.6124 -0.4505 0.1949
Cyclist -1 -1 -2.8721 431.9971 184.9418 448.2366 212.3534 1.6997 1.6430 0.5992 -10.9254 2.4898 46.3050 -3.1030 0.1797
Cyclist -1 -1 -0.2178 572.3926 167.8350 596.6470 213.8484 1.7715 1.8245 0.5801 -1.0706 1.5786 28.7316 -0.2553 0.1644
Cyclist -1 -1 -2.5693 194.7295 194.6731 222.4205 227.2769 1.6353 1.6191 0.4757 -21.2266 2.8131 38.1124 -3.0749 0.1599
Car -1 -1 -1.5804 234.3228 190.6766 269.1235 221.5697 1.5239 1.6551 3.7008 -19.8825 2.5611 39.9495 -2.0399 0.5296
Car -1 -1 3.1262 149.3474 197.6948 195.4656 234.8003 1.4804 4.0059 1.7577 -20.5851 2.7205 33.8457 2.5829 0.2768
Car -1 -1 -2.4982 187.2952 184.1131 237.7787 204.5062 1.6241 4.0006 1.7378 -34.0492 2.6231 61.8867 -2.9996 0.2603
Car -1 -1 -0.2343 331.3118 188.0615 364.1241 208.4211 1.4938 3.3116 1.7399 -20.9762 2.7470 57.5782 -0.5825 0.1866
Car -1 -1 -0.4542 470.4367 181.0329 525.2689 210.5435 1.5732 3.7010 1.6609 -6.5340 2.0673 41.5593 -0.6097 0.1772
Car -1 -1 -0.3739 412.6785 182.0283 459.0980 206.7511 1.5173 3.8657 1.6976 -11.6219 2.1529 47.8865 -0.6111 0.1650
