Pedestrian -1 -1 -0.5122 728.4415 159.0372 757.6441 212.5492 1.8318 0.8102 0.6927 4.5959 1.3592 25.1930 -0.3344 0.4648
Pedestrian -1 -1 2.4734 716.6868 166.4810 744.6816 215.0151 1.8447 0.7889 0.7387 4.6286 1.6028 27.9452 2.6352 0.3891
Pedestrian -1 -1 1.1744 1015.7867 66.9354 1242.0000 375.0000 1.8013 0.7986 0.6456 2.0675 1.4485 2.7957 1.7618 0.2826
Pedestrian -1 -1 2.3059 1120.3969 126.5364 1242.0000 373.3474 1.7835 0.8807 0.6442 4.6403 1.4492 5.7017 2.9635 0.2042
Pedestrian -1 -1 0.5146 282.7245 176.9931 341.9431 277.6129 1.7055 0.8153 0.6456 -5.2816 1.7814 12.7096 0.1275 0.2039
Pedestrian -1 -1 -1.6669 678.2167 171.1403 690.7656 199.3042 1.7957 0.7446 0.6114 4.7470 1.6868 46.3096 -1.5659 0.2004
Pedestrian -1 -1 1.5463 648.9286 164.9741 669.7239 207.8854 1.8587 0.8911 0.6339 2.1141 1.5178 31.5859 1.6120 0.1768
Pedestrian -1 -1 0.2021 182.2070 174.3223 252.1791 307.7970 1.6709 0.8302 0.6534 -5.2205 1.6916 9.5311 -0.2878 0.1732
Cyclist -1 -1 3.5088 0.0000 130.7171 95.9918 344.9111 1.7412 1.7971 0.5568 -5.5740 1.3991 6.8035 2.8413 0.3200
Cyclist -1 -1 -0.5228 709.5978 164.6690 746.2242 212.0900 1.7852 1.8309 0.5632 4.5331 1.4774 28.1152 -0.3651 0.2268
Cyclist -1 -1 -0.8884 1136.3196 135.6326 1242.0000 291.7709 1.6379 1.7562 0.6476 7.2151 1.2478 8.4915 -0.2013 0.2155
Cyclist -1 -1 -0.5629 1082.8715 119.4625 1242.0000 375.0000 1.7906 1.8153 0.5729 4.6616 1.4198 5.9403 0.0781 0.2114
Cyclist -1 -1 3.5165 267.0669 173.5420 341.3123 282.3819 1.7504 1.7807 0.5641 -5.3086 1.7635 12.5080 3.1221 0.1711
Cyclist -1 -1 -0.8790 962.7442 9.0394 1242.0000 375.0000 1.7094 1.7357 0.8268 2.3175 1.2735 2.8613 -0.2469 0.1703
Cyclist -1 -1 2.7559 753.4720 163.3937 794.1663 225.8588 1.7921 1.8061 0.5394 4.8419 1.5210 21.6334 2.9725 0.1640
Car -1 -1 1.5932 474.8459 188.4529 539.3469 249.1961 1.5217 1.7069 4.1269 -3.0366 2.0297 21.3268 1.4526 0.7566
Car -1 -1 -0.0709 567.1592 176.0766 588.8129 193.5109 1.5426 3.5083 1.7407 -2.9885 1.8476 66.3621 -0.1161 0.2410
Car -1 -1 -0.5587 578.4412 179.4885 631.0980 203.2962 1.5546 4.0992 1.7805 -0.4410 2.0401 50.5498 -0.5679 0.2261
Car -1 -1 -2.4536 0.0000 0.0000 1075.1832 375.0000 1.5707 1.7480 3.9737 1.8482 1.6138 1.7419 -1.7197 0.2204
Car -1 -1 3.0344 521.5424 184.4309 556.3667 213.1647 1.5531 3.5953 1.6581 -4.2555 2.2661 42.4824 2.9346 0.2026
Car -1 -1 1.1867 629.7318 175.4179 705.0616 204.3689 1.5468 3.8225 1.7017 3.1491 1.6949 40.1824 1.2638 0.1865
Car -1 -1 -0.1222 641.3735 178.3859 691.1631 215.2684 1.5350 4.0516 1.7502 2.4432 1.8021 32.7136 -0.0489 0.1692
