Pedestrian -1 -1 -0.7554 1091.1174 111.5684 1184.7618 264.0139 1.8143 0.8311 0.5096 6.5322 1.0853 9.0323 -0.1448 0.3017
Pedestrian -1 -1 -1.7204 462.0833 186.6392 473.3613 209.6668 1.6887 0.7327 0.6820 -10.6547 2.7271 53.8865 -1.9151 0.2711
Cyclist -1 -1 0.4031 192.7496 184.4713 259.4568 266.9911 1.7584 1.9334 0.6436 -8.8589 2.0426 16.6402 -0.0799 0.7525
Cyclist -1 -1 -0.1929 783.3597 177.3701 801.4875 209.1909 1.7069 1.8518 0.6218 10.0436 1.9630 39.9095 0.0513 0.4887
Cyclist -1 -1 2.8941 555.0432 178.6646 570.2121 203.7175 1.7076 1.7485 0.6495 -3.3551 2.1225 50.5405 2.8277 0.2850
Cyclist -1 -1 -0.5630 679.7550 170.4449 708.1415 205.4980 1.7916 1.7954 0.6097 4.3502 1.6689 37.8177 -0.4499 0.2750
Car -1 -1 1.7429 349.6338 194.5640 416.6111 243.0972 1.4798 1.6346 3.8950 -8.0800 2.3194 25.8545 1.4424 0.7288
Car -1 -1 3.6553 57.4785 201.0340 214.9959 273.0087 1.4654 3.6111 1.7013 -11.6581 2.2405 17.9855 3.0867 0.6773
Car -1 -1 1.9691 257.4803 196.9285 347.6710 242.6925 1.5080 1.8550 3.7520 -11.6971 2.4928 27.6250 1.5715 0.6604
Car -1 -1 0.2856 270.2191 186.6295 326.4538 207.8905 1.5013 1.6803 3.4845 -23.0281 2.5400 53.3410 -0.1205 0.4668
Car -1 -1 0.1427 429.0117 180.1992 458.4647 202.8791 1.6642 3.9306 1.6964 -12.9543 2.2582 56.2850 -0.0829 0.4466
Car -1 -1 -1.9736 471.6636 185.6026 527.6587 216.0765 1.5434 1.7863 3.6768 -6.2368 2.2913 40.2747 -2.1268 0.3770
Car -1 -1 2.8018 522.1976 183.7058 574.1372 214.2442 1.5786 3.9530 1.7111 -3.5988 2.2277 40.9795 2.7142 0.3126
Car -1 -1 -0.3894 399.3961 180.4292 433.8896 198.6344 1.5438 3.6445 1.7383 -17.4098 2.2454 64.8064 -0.6511 0.2902
Car -1 -1 0.3414 474.3461 184.7310 505.5410 201.9548 1.5212 3.4961 1.8457 -11.3334 2.6753 68.2041 0.1769 0.2700
