Pedestrian -1 -1 -0.4667 738.8275 157.4414 873.6956 366.9127 1.7612 1.0151 0.8096 1.7999 1.5603 6.6199 -0.2172 0.8427
Pedestrian -1 -1 -0.2896 555.2477 166.8776 592.0030 235.7662 1.7834 0.9235 0.7410 -0.7814 1.4060 19.1512 -0.3351 0.7518
Pedestrian -1 -1 1.0832 591.9239 168.0733 628.1757 232.2593 1.7566 0.7968 0.6627 0.2083 1.3903 20.1350 1.0881 0.7502
Pedestrian -1 -1 -0.9553 1077.6021 141.7930 1196.6447 308.1992 1.7869 0.8441 0.7031 6.0655 1.3619 8.2262 -0.3405 0.6597
Pedestrian -1 -1 1.4629 481.6960 167.2345 512.4544 231.6807 1.7973 0.8012 0.6131 -3.0026 1.4006 20.4295 1.3135 0.6057
Pedestrian -1 -1 -0.3822 583.8907 164.4421 612.2021 214.6450 1.8554 0.9649 0.7600 -0.1542 1.2260 27.1366 -0.3930 0.5339
Pedestrian -1 -1 2.9931 608.8282 165.4763 636.6984 235.2984 1.8074 0.7569 0.6261 0.5258 1.3938 19.0065 3.0150 0.5336
Pedestrian -1 -1 2.6760 639.1574 168.4000 661.6016 213.8928 1.7492 0.7334 0.6075 1.8907 1.2465 28.0740 2.7375 0.5328
Pedestrian -1 -1 -2.0011 622.7135 169.2720 657.7542 231.2162 1.7759 0.8255 0.6542 1.1043 1.4265 21.0496 -1.9546 0.5067
Pedestrian -1 -1 -3.3289 961.9683 142.8892 1041.1981 301.2728 1.7831 0.7231 0.6843 4.6814 1.3498 8.5303 -2.8453 0.4986
Pedestrian -1 -1 3.0910 391.0923 167.0436 436.1544 274.1860 1.7334 0.8816 0.6888 -3.2276 1.5008 12.1437 2.8308 0.4685
Pedestrian -1 -1 -1.0825 1147.2997 135.3975 1238.0000 269.0689 1.8242 0.8704 0.6599 8.4878 1.1964 10.3314 -0.4123 0.4376
Pedestrian -1 -1 2.6147 646.4482 166.1161 668.2715 210.6635 1.7849 0.7378 0.5923 2.2565 1.1695 29.2409 2.6860 0.3764
Pedestrian -1 -1 -2.4331 1131.1672 133.9610 1238.0000 369.3454 1.8386 0.9168 0.6454 5.0655 1.4687 6.0115 -1.7597 0.3750
Pedestrian -1 -1 -0.5562 739.4250 169.0848 773.2323 230.1328 1.7381 0.7973 0.6338 4.4788 1.3858 20.9330 -0.3532 0.3643
Pedestrian -1 -1 2.6551 667.9550 161.8961 691.2664 211.8105 1.7913 0.6809 0.5930 2.8270 1.0888 26.2028 2.7564 0.3578
Pedestrian -1 -1 2.7108 457.6407 173.9026 476.9261 210.8815 1.7234 0.7469 0.6411 -6.3557 1.3703 33.9662 2.5221 0.3523
Pedestrian -1 -1 2.9290 316.3357 188.9674 382.4189 315.1526 1.6898 0.6781 0.7547 -3.6156 1.8019 10.1613 2.5891 0.3133
Pedestrian -1 -1 2.9523 487.9936 166.1653 529.5756 242.0404 1.7703 0.9419 0.8275 -2.2799 1.4137 17.3353 2.8181 0.3123
Pedestrian -1 -1 2.7452 674.2929 163.3872 704.7925 220.8723 1.8079 0.7654 0.7287 2.7966 1.2393 23.0577 2.8594 0.2912
Pedestrian -1 -1 2.5495 508.8853 173.5340 526.2328 205.5021 1.7585 0.7435 0.6550 -4.6741 1.3212 40.0078 2.4289 0.2880
Pedestrian -1 -1 0.6401 1106.9315 152.2100 1214.6151 297.4419 1.8270 1.0152 0.6561 7.3362 1.4599 9.4942 1.2793 0.2824
Pedestrian -1 -1 -0.4313 667.1647 156.2446 740.1565 284.0875 1.8050 0.9231 0.7502 1.4611 1.4497 10.6920 -0.3044 0.2546
Cyclist -1 -1 3.2158 427.9732 191.7676 459.5939 274.7035 1.6418 1.6564 0.5441 -3.3745 1.8738 15.2885 2.9964 0.4272
Cyclist -1 -1 -0.3022 580.1129 167.0880 609.8253 216.3902 1.8062 1.7642 0.6183 -0.2807 1.2792 27.2481 -0.3176 0.3577
Cyclist -1 -1 -0.3898 662.6990 161.0336 755.1445 292.9955 1.7593 1.8655 0.6558 1.4835 1.4878 10.5600 -0.2594 0.3530
Cyclist -1 -1 3.1895 344.7297 201.8593 379.4409 351.3148 1.6379 1.6486 0.3343 -3.0051 1.9164 8.9369 2.8674 0.3507
Cyclist -1 -1 3.2816 471.4384 167.3725 513.8391 243.7525 1.7604 1.7932 0.7850 -2.6519 1.4360 17.4559 3.1276 0.3067
Cyclist -1 -1 1.7578 326.4107 186.2818 477.3311 294.9184 1.5843 2.1029 0.9732 -3.0666 1.6632 11.0947 1.4883 0.2788
Cyclist -1 -1 -3.5068 945.9576 135.2944 1052.0916 302.6579 1.8032 1.7544 0.4786 4.6674 1.3067 8.6353 -3.0293 0.2781
Cyclist -1 -1 -0.2768 725.9189 177.7472 783.3487 284.7830 1.6514 1.7814 0.4393 2.4798 1.5948 11.9862 -0.0828 0.2674
Cyclist -1 -1 2.9963 509.6202 174.3749 523.5750 204.3377 1.6360 1.6601 0.5295 -4.7434 1.2478 40.0887 2.8743 0.2571
Car -1 -1 -0.0005 531.7248 176.2609 556.9750 198.6892 1.5324 3.5639 1.7226 -4.0432 1.1751 50.9261 -0.0844 0.3056
