Cyclist -1 -1 -3.3359 763.5916 175.0521 780.7585 205.6928 1.7353 1.8119 0.6152 9.8770 1.3709 41.5945 -3.1092 0.3680
Cyclist -1 -1 -0.7453 152.7754 170.6554 198.2332 211.2347 1.7781 1.8497 0.6656 -19.0203 1.3039 32.0561 -1.2823 0.3044
Car -1 -1 -1.6241 585.0200 177.8185 647.0163 229.9381 1.5394 1.7580 3.6955 0.3648 1.4318 23.0977 -1.6137 0.6889
Car -1 -1 -1.4092 414.0829 184.7377 523.3905 266.3156 1.4821 1.6913 3.4867 -2.6655 1.5586 14.9447 -1.5883 0.6859
Car -1 -1 -1.1339 0.0000 191.9676 406.7840 374.0000 1.5427 1.7322 4.1169 -2.7192 1.6467 4.9444 -1.6218 0.6751
Car -1 -1 0.6472 0.0000 192.2360 264.3685 349.8700 1.4970 3.2908 1.8818 -5.9321 1.6544 8.7482 0.0592 0.6425
Car -1 -1 1.5393 534.6877 177.8399 578.8667 217.6638 1.4990 1.6338 3.4646 -1.8614 1.3623 28.8415 1.4703 0.6169
Car -1 -1 3.0636 509.1621 179.2441 537.3696 201.9177 1.5039 3.5828 1.6391 -5.4122 1.3549 49.5575 2.9503 0.4682
Car -1 -1 2.9952 468.6886 171.3319 513.8644 204.4945 1.6125 3.8768 1.7312 -5.7356 1.1190 37.0344 2.8376 0.4181
Car -1 -1 0.3781 405.9109 181.2970 440.2007 199.1546 1.5192 3.7902 1.6546 -15.5944 1.5024 63.0955 0.1317 0.3195
