Pedestrian -1 -1 3.0529 273.5653 178.9440 286.7206 207.9547 1.7591 0.8212 0.6684 -20.3748 2.1394 44.4902 2.6254 0.3696
Pedestrian -1 -1 -0.5972 955.1865 120.3904 1081.5565 335.6287 1.8071 0.8376 0.6176 3.5943 1.3669 6.5057 -0.1121 0.3079
Cyclist -1 -1 2.5621 1003.3292 191.5750 1067.3866 278.3604 1.6953 1.5784 0.3405 8.8973 2.1117 15.2341 3.0812 0.2716
Cyclist -1 -1 -3.4949 868.7455 178.1838 897.6263 221.4683 1.6993 1.7447 0.5203 11.0778 1.9234 29.4127 -3.1386 0.2350
Cyclist -1 -1 0.6805 79.1045 175.3433 120.0581 214.7662 1.8088 1.8804 0.5121 -24.1928 1.9304 34.1784 0.0680 0.2243
Cyclist -1 -1 3.2461 405.6705 183.5974 416.9023 218.0517 1.6757 1.7005 0.3724 -10.0838 2.2325 36.5002 2.9780 0.1834
Car -1 -1 2.1124 0.0000 195.9050 172.6684 273.0731 1.5092 1.8830 3.8493 -12.5256 2.1257 17.2909 1.4925 0.7553
Car -1 -1 2.9328 563.4895 180.5006 617.1948 217.3870 1.5715 3.8789 1.7266 -1.0197 1.9510 33.6914 2.9021 0.4841
Car -1 -1 1.7728 304.1740 188.0187 360.3131 225.5857 1.5542 1.6662 3.9990 -12.9145 2.3062 33.6568 1.4086 0.4379
Car -1 -1 3.1347 514.8166 182.0558 540.0638 205.6193 1.5398 3.9286 1.6987 -5.8568 2.2143 50.8048 3.0200 0.3753
Car -1 -1 -1.1148 1111.1793 174.8525 1242.0000 219.2117 1.5966 3.7473 1.6228 22.0155 1.6807 28.1907 -0.4573 0.2542
Car -1 -1 -1.2578 217.9612 171.1322 285.6264 193.4189 1.5211 3.8649 1.8139 -25.0072 1.4040 50.4222 -1.7163 0.2214
Car -1 -1 -0.6645 636.0112 179.1761 677.8870 197.9565 1.5276 3.7161 1.6474 3.9836 2.0891 62.0322 -0.6011 0.2137
