Pedestrian -1 -1 1.4000 1127.8502 171.3498 1188.4690 258.7412 1.7251 0.8821 0.6427 11.1178 1.6957 14.7253 2.0365 0.2668
Pedestrian -1 -1 2.0399 1147.6230 151.2495 1207.9796 232.7008 1.8017 0.8611 0.7060 12.9258 1.3242 16.4985 2.6955 0.2584
Pedestrian -1 -1 2.1888 1062.8326 161.3116 1110.3832 229.6967 1.8087 0.8592 0.6520 12.8920 1.5038 19.6008 2.7632 0.2498
Pedestrian -1 -1 -1.9712 868.9012 180.1015 891.5688 218.6290 1.7917 0.7614 0.7697 12.7300 2.1387 34.1063 -1.6174 0.2472
Pedestrian -1 -1 2.7072 298.3891 175.2806 330.2834 231.1175 1.7797 0.8198 0.6835 -9.7058 1.8612 23.5709 2.3201 0.2189
Pedestrian -1 -1 1.7157 1200.1095 155.6642 1242.0000 253.8507 1.7529 0.7725 0.6622 11.4586 1.4463 13.3870 2.4124 0.1957
Cyclist -1 -1 0.2556 440.3941 175.6431 457.6664 206.2828 1.6982 1.6763 0.5523 -9.1701 1.8603 40.9902 0.0365 0.3211
Cyclist -1 -1 2.9978 689.9674 182.3831 708.7111 229.6924 1.5690 1.5907 0.4146 3.0472 1.9108 25.0499 3.1166 0.2689
Cyclist -1 -1 2.2936 1128.3942 202.7825 1242.0000 339.2511 1.7382 1.7590 0.4978 8.4843 2.2118 10.4969 2.9584 0.2441
Cyclist -1 -1 -2.8623 391.4980 180.2606 419.4046 224.3975 1.7575 1.8273 0.6348 -8.5152 2.0747 29.9498 -3.1375 0.2428
Cyclist -1 -1 -3.3063 870.1000 183.5189 890.6639 223.7991 1.8382 1.4340 0.6770 12.7288 2.3539 34.0985 -2.9526 0.2272
Cyclist -1 -1 -0.5310 703.6653 181.4057 727.4650 210.2817 1.7415 1.8442 0.6178 6.5482 2.2874 45.0583 -0.3882 0.2114
Cyclist -1 -1 -0.2480 854.7604 173.2561 886.9001 222.5629 1.7227 1.8388 0.6535 9.3954 1.7382 26.1675 0.0925 0.2091
Cyclist -1 -1 2.4439 1175.2244 157.0425 1242.0000 253.7258 1.6995 1.8125 0.5420 11.5782 1.4219 13.5876 3.1385 0.2043
Cyclist -1 -1 -3.6816 1160.4698 150.0168 1242.0000 264.3633 1.7524 1.9060 0.5747 10.0349 1.4027 12.0390 -2.9992 0.2001
Cyclist -1 -1 0.2030 200.3506 156.6765 231.0124 213.8356 1.7550 1.6910 0.5241 -12.6178 1.2586 23.0363 -0.2934 0.1966
Cyclist -1 -1 -2.8693 454.1119 174.0677 476.8560 210.2485 1.7475 1.7134 0.6706 -7.1930 1.8096 35.7861 -3.0666 0.1836
Car -1 -1 -1.4736 541.6012 180.6356 591.4568 218.8893 1.4842 1.7632 3.6939 -1.8244 1.8352 30.6350 -1.5332 0.6357
Car -1 -1 -0.4328 545.9718 174.1861 579.4520 191.7870 1.5402 3.4455 1.7384 -4.3290 1.6648 65.3589 -0.4990 0.2882
Car -1 -1 -0.7088 669.0743 180.9536 710.0193 198.9124 1.4854 3.5781 1.6346 6.9357 2.2188 63.3611 -0.6007 0.2688
Car -1 -1 2.4904 775.6034 174.5938 863.4869 214.2026 1.5766 3.8060 1.6347 8.8645 1.6567 30.9702 2.7661 0.2343
Car -1 -1 -0.2046 505.6205 178.2353 538.5773 200.6889 1.5415 3.8874 1.6258 -6.4773 1.9502 52.6431 -0.3268 0.2112
Car -1 -1 -0.3247 519.0214 177.0241 551.4959 195.9340 1.5607 3.8556 1.6536 -6.5350 1.9348 62.5698 -0.4287 0.1944
Car -1 -1 -0.2947 710.8140 179.4601 750.7345 202.3801 1.4840 3.8537 1.6637 8.2733 1.9597 49.8973 -0.1318 0.1831
Car -1 -1 1.6489 802.1633 175.3348 887.0261 211.1926 1.6467 3.7833 1.6215 11.2798 1.7718 34.8030 1.9593 0.1807
Car -1 -1 2.5250 704.0932 177.3284 745.8587 195.7736 1.5047 3.7803 1.6516 9.8065 1.9018 61.9176 2.6809 0.1762
