Pedestrian -1 -1 3.2404 165.4375 179.0193 221.4253 268.1078 1.7140 0.9755 0.8841 -8.4519 1.8443 14.5906 2.7229 0.8144
Pedestrian -1 -1 2.9494 362.1018 180.7579 381.3539 216.6995 1.7078 0.7685 0.7550 -11.6093 2.0976 35.0300 2.6312 0.3902
Pedestrian -1 -1 -1.1181 235.5186 180.2692 261.9197 220.5311 1.7404 0.8401 0.6387 -15.8735 2.0692 31.6301 -1.5801 0.2138
Pedestrian -1 -1 0.2488 133.8162 179.6632 165.8825 237.4807 1.7372 0.8383 0.6468 -14.2538 1.9526 22.2927 -0.3149 0.2013
Pedestrian -1 -1 1.8796 0.0000 183.4854 57.7843 290.6913 1.7045 0.8546 0.7021 -9.9139 1.8894 12.0460 1.2017 0.1485
Pedestrian -1 -1 2.3744 877.8651 171.7051 897.4961 207.8151 1.7609 0.6013 0.6758 13.6587 1.7053 35.5927 2.7376 0.1342
Cyclist -1 -1 0.1643 362.7260 179.6196 381.9306 216.6197 1.7392 1.8497 0.5950 -11.6286 2.0788 35.2226 -0.1527 0.2535
Cyclist -1 -1 0.2138 236.5779 181.6455 261.4209 223.2550 1.7501 1.8496 0.5950 -15.8977 2.1489 31.7246 -0.2477 0.2039
Cyclist -1 -1 0.3925 3.5697 181.0803 69.2402 254.7496 1.7497 1.8676 0.6313 -14.5845 1.9704 18.3386 -0.2724 0.1712
Cyclist -1 -1 0.2118 0.0000 177.1971 45.0191 283.6779 1.6530 1.8887 0.5304 -10.1968 1.7329 12.2387 -0.4722 0.1665
Cyclist -1 -1 0.3948 196.7256 169.6534 252.0983 243.8337 1.7854 1.7788 0.5924 -9.7819 1.7087 18.2761 -0.0909 0.1596
Cyclist -1 -1 0.4541 124.6068 180.8000 174.5677 238.4813 1.7287 1.7954 0.5991 -14.5657 1.9904 22.8021 -0.1093 0.1539
Cyclist -1 -1 -0.9153 146.3264 180.8678 246.3938 268.3797 1.7125 1.7393 0.6318 -8.4267 1.8802 14.6309 -1.4304 0.1490
Cyclist -1 -1 -1.5201 374.8410 169.3071 411.9212 203.5570 1.7757 1.8372 0.6459 -11.4137 1.5922 37.9386 -1.8107 0.1387
Car -1 -1 2.8023 625.7550 179.7812 661.9429 199.3886 1.5438 3.8472 1.8441 2.7715 2.1444 60.4059 2.8475 0.3301
Car -1 -1 -0.1656 669.7888 178.9346 707.1814 205.6970 1.5039 3.7634 1.6223 4.6345 1.8858 43.3463 -0.0603 0.2433
Car -1 -1 1.1061 709.5615 176.0181 781.4420 203.2997 1.5739 3.8863 1.7088 8.0846 1.7701 43.2992 1.2890 0.1814
Car -1 -1 2.9441 639.9828 178.2798 669.9929 198.4706 1.4864 3.0567 1.7367 3.4135 1.9173 55.6251 3.0046 0.1709
Car -1 -1 0.8644 844.1104 165.4809 903.6898 192.2301 1.7583 3.5027 1.7360 17.8310 1.2740 48.8540 1.2121 0.1441
Car -1 -1 2.8280 648.1625 178.4355 691.1851 202.9357 1.5426 4.1048 1.6945 3.9375 1.9361 48.6201 2.9078 0.1404
Car -1 -1 -0.1610 853.0575 167.4241 905.8879 203.3013 1.5472 3.8270 1.6575 12.2668 1.3134 33.1484 0.1902 0.1397
Car -1 -1 2.2849 1029.8232 172.3823 1132.0980 206.4118 1.5183 3.8775 1.7254 22.2317 1.4976 34.2926 2.8558 0.1357
