Pedestrian -1 -1 1.7443 301.5525 176.0644 333.1982 232.5239 1.7212 0.8130 0.6406 -9.1380 1.8232 22.4369 1.3613 0.3715
Pedestrian -1 -1 2.8965 440.6367 177.0394 455.6398 206.8652 1.7590 0.7468 0.7163 -9.7232 2.0127 43.1836 2.6760 0.3017
Pedestrian -1 -1 2.6293 623.0098 178.0891 633.3325 198.7392 1.7658 0.5115 0.7344 1.5467 2.2210 62.2950 2.6535 0.2858
Pedestrian -1 -1 2.7050 834.2211 128.8518 956.7774 345.5924 1.8201 0.9030 0.7022 2.4962 1.4509 6.5369 3.0538 0.2567
Pedestrian -1 -1 -1.6177 459.1336 174.8488 472.6857 199.0919 1.7685 0.9518 0.5767 -10.6319 1.9167 53.0918 -1.8147 0.2439
Pedestrian -1 -1 1.6557 393.4714 181.6991 412.0051 220.1679 1.7041 0.7487 0.6817 -9.3865 2.1085 32.5534 1.3767 0.2389
Pedestrian -1 -1 0.6864 1098.0206 187.7282 1117.2094 212.2439 1.7845 0.8806 0.7971 36.9636 2.9011 53.6385 1.2866 0.2163
Pedestrian -1 -1 1.0620 847.5240 212.5202 899.5309 288.9541 1.7489 0.8955 0.8183 6.3251 2.7368 17.4824 1.4023 0.2155
Pedestrian -1 -1 2.4110 630.8890 177.9976 642.1656 201.1625 1.7634 0.4929 0.7231 2.0161 2.1626 55.5308 2.4466 0.1929
Cyclist -1 -1 -0.9692 1089.0419 185.8436 1114.9137 210.3927 1.7764 1.4899 0.6471 36.7008 2.7613 53.8775 -0.3743 0.3830
Cyclist -1 -1 3.3268 462.4187 175.5444 473.4809 198.3323 1.6502 1.6612 0.5049 -10.5103 1.8523 53.2778 3.1326 0.3809
Cyclist -1 -1 -3.5519 1102.8053 170.0483 1123.2888 193.0254 1.7728 1.7975 0.6501 39.4318 1.5567 56.6112 -2.9462 0.2503
Cyclist -1 -1 -1.3303 410.1121 170.9610 432.3767 191.4903 1.8274 1.8309 0.6260 -16.9023 1.6592 64.5494 -1.5856 0.2308
Cyclist -1 -1 -0.3426 829.4368 135.2612 977.8953 369.2907 1.8060 1.8187 0.6041 2.4876 1.5163 6.4771 0.0078 0.2276
Cyclist -1 -1 -1.0595 1026.9614 167.9377 1056.3593 191.4884 1.8265 1.9464 0.5962 34.0322 1.4456 56.9490 -0.5234 0.2046
Cyclist -1 -1 -0.7330 1051.9982 177.5470 1077.9594 201.1703 1.7284 1.7935 0.5952 34.0698 2.0867 54.0938 -0.1738 0.1889
Car -1 -1 -0.1931 579.6101 176.3500 607.9922 195.8947 1.5215 3.5795 1.6497 -1.3745 1.8160 58.7794 -0.2167 0.3658
Car -1 -1 -0.1798 818.6259 189.5731 877.9938 214.2090 1.5796 1.7437 3.5578 16.0636 2.7378 48.8619 0.1353 0.3638
Car -1 -1 0.0342 403.9852 176.0658 424.1120 194.3061 1.5853 3.8421 1.6319 -17.7771 1.8864 65.4891 -0.2302 0.2856
Car -1 -1 2.6502 659.4143 179.4884 703.8353 201.5377 1.5007 3.7166 1.6406 5.1267 2.0011 52.3579 2.7468 0.2434
Car -1 -1 1.1064 926.7821 187.4323 980.7194 207.3410 1.5734 3.6357 1.6565 28.1353 2.7868 59.1650 1.5478 0.2406
Car -1 -1 -2.1224 1051.2192 180.2417 1115.5951 203.3800 1.7003 3.7321 1.6924 35.6817 2.2677 54.4823 -1.5455 0.2211
Car -1 -1 -1.0097 0.0000 180.6894 139.5338 236.5761 1.7249 3.7370 1.6912 -17.8389 1.9917 23.5417 -1.6528 0.1909
Car -1 -1 -2.6596 1028.2941 185.5147 1093.0516 208.2813 1.5025 1.8276 3.4905 32.2629 2.4458 51.7706 -2.1053 0.1870
Car -1 -1 0.8541 923.7811 189.6271 980.9066 213.5224 1.5860 3.0559 2.0800 24.2885 2.8118 51.2973 1.2934 0.1843
