Pedestrian -1 -1 2.3732 1047.5078 141.6412 1110.7361 242.9490 1.7723 0.7025 0.6514 8.4097 1.2266 13.0304 2.9358 0.2264
Pedestrian -1 -1 3.2383 390.3600 165.4617 413.3309 221.0221 1.7952 0.7566 0.6561 -6.8886 1.5567 23.7421 2.9585 0.2200
Pedestrian -1 -1 1.9137 106.3591 170.4377 189.2561 285.4367 1.7865 0.9461 0.6953 -7.4904 1.7493 11.6480 1.3523 0.2135
Pedestrian -1 -1 1.0744 839.3871 146.4144 912.2119 258.6891 1.8797 1.0234 0.5850 4.5229 1.4374 12.4457 1.4146 0.1993
Pedestrian -1 -1 0.3612 165.5621 173.5452 217.5435 262.7122 1.7376 0.8414 0.6475 -8.4631 1.7523 14.5314 -0.1586 0.1596
Pedestrian -1 -1 -3.6075 975.9818 162.3976 1019.0434 236.7110 1.7330 0.7484 0.6314 9.1800 1.4895 17.2032 -3.1250 0.1553
Cyclist -1 -1 3.3337 407.9073 173.5518 432.3887 218.4327 1.7088 1.9205 0.5779 -7.5195 1.7377 28.4768 3.0773 0.1836
Cyclist -1 -1 0.4043 155.2718 175.8595 224.3176 268.3129 1.7396 1.7881 0.5341 -8.4837 1.8045 14.5526 -0.1160 0.1794
Cyclist -1 -1 -1.7895 781.1182 182.5815 847.0239 246.3776 1.8459 1.7714 0.6786 5.9818 2.1397 21.3745 -1.5212 0.1760
Cyclist -1 -1 1.7681 350.6758 165.2378 411.6089 218.4104 1.7735 1.8743 0.6883 -7.8001 1.5198 24.5067 1.4627 0.1744
Car -1 -1 -0.2380 684.2631 179.5758 829.9323 232.6812 1.5288 1.6941 4.0496 4.3518 1.7423 21.9444 -0.0456 0.6438
Car -1 -1 -3.2272 640.1216 179.1942 708.2938 205.4063 1.5537 1.6558 4.0092 3.8432 1.9480 43.9958 -3.1412 0.5723
Car -1 -1 -0.0757 460.6089 182.7657 493.5281 211.2504 1.5308 3.7120 1.6104 -7.8390 2.1379 42.1650 -0.2589 0.3627
Car -1 -1 -0.4780 626.9766 182.9136 692.0380 215.3047 1.5409 4.0779 1.7136 2.4957 2.1006 37.9063 -0.4134 0.2451
Car -1 -1 -0.4115 485.4220 178.9011 525.8952 201.1199 1.6100 3.8237 1.6879 -8.0820 2.0927 55.4777 -0.5559 0.1638
Car -1 -1 3.0122 515.7969 184.7473 548.8036 208.9797 1.4725 3.8136 1.6944 -5.2279 2.2965 47.9100 2.9036 0.1411
