Cyclist -1 -1 0.2321 352.3855 182.1490 365.1487 202.7644 1.6930 1.7442 0.6341 -21.2423 2.4903 60.9628 -0.1022 0.3107
Car -1 -1 -1.5437 588.9901 177.6945 636.3973 224.0773 1.5899 1.6538 3.8239 0.1064 1.7849 27.0703 -1.5406 0.5559
Car -1 -1 1.7126 419.7956 184.5583 471.1140 223.0739 1.5312 1.6647 3.9943 -7.2629 2.0838 31.9893 1.4906 0.5552
Car -1 -1 0.1397 405.1724 177.8136 444.3346 206.6853 1.6331 4.2655 1.7208 -11.2152 1.9497 43.7857 -0.1100 0.5471
Car -1 -1 0.0685 383.0978 180.7402 411.0694 202.8756 1.4936 3.3077 1.7007 -15.2690 2.0794 51.7637 -0.2173 0.4811
Car -1 -1 -1.2776 740.5394 172.4741 863.9821 248.7266 1.5394 1.7358 3.7981 4.4833 1.5321 16.6358 -1.0196 0.4339
Car -1 -1 -1.2274 1000.4219 179.5170 1242.0000 375.0000 1.5203 1.5806 3.7461 4.8466 1.5879 5.6319 -0.5431 0.4230
Car -1 -1 2.9929 158.3856 183.5098 197.1789 208.9514 1.5237 3.4992 1.6558 -28.0070 2.2410 46.6623 2.4546 0.3936
Car -1 -1 -0.6830 676.2064 176.4084 799.7438 227.0784 1.5025 1.5405 3.7998 4.0950 1.6251 23.2183 -0.5113 0.3817
Car -1 -1 -1.3023 655.3263 168.8057 705.7259 201.2231 1.6061 1.7723 3.4487 3.6910 1.4059 37.6734 -1.2059 0.3461
