Pedestrian -1 -1 -0.7494 873.1921 161.3306 935.7753 254.0102 1.7378 0.8542 0.7455 5.6769 1.5221 14.0601 -0.3736 0.6790
Pedestrian -1 -1 -0.6812 78.1511 178.2336 98.4391 207.9146 1.7893 0.7736 0.6664 -31.8965 2.1214 44.0701 -1.3050 0.3008
Pedestrian -1 -1 -2.4099 799.8724 170.5569 816.1227 195.2718 1.7971 1.0712 0.5866 14.5174 1.6304 52.9996 -2.1444 0.2945
Pedestrian -1 -1 2.5515 897.0936 122.7315 1038.8423 366.7173 1.7790 0.8952 0.6023 2.7585 1.4139 5.7488 2.9783 0.2847
Pedestrian -1 -1 -1.2986 146.1386 174.6648 163.6348 203.1743 1.8457 0.8269 0.6363 -29.7899 1.9655 47.1852 -1.8594 0.2647
Pedestrian -1 -1 3.0864 0.0000 182.6161 31.5810 244.3934 1.7262 0.5376 0.7340 -17.1715 2.0133 20.7453 2.4012 0.2642
Cyclist -1 -1 -0.9918 0.0000 161.2912 119.6215 280.6685 1.7716 1.8565 0.5587 -8.7098 1.6004 11.0549 -1.6475 0.2959
Cyclist -1 -1 0.2176 32.9115 138.7551 93.4223 237.6484 1.8065 1.7841 0.5584 -10.7049 1.1840 14.1060 -0.4225 0.2904
Cyclist -1 -1 -0.1632 504.6793 178.3299 514.3616 197.2510 1.6935 1.6786 0.6112 -9.2135 2.2014 65.9844 -0.3018 0.2712
Cyclist -1 -1 0.1406 139.1449 178.5876 157.1457 210.2016 1.7058 1.8269 0.5921 -25.7755 2.0334 40.2288 -0.4264 0.2585
Car -1 -1 -2.4673 434.7816 177.9675 513.2963 212.9887 1.5073 3.5794 1.7404 -6.3116 1.7601 33.6220 -2.6519 0.5238
Car -1 -1 -2.8143 575.3797 177.8756 618.7797 203.7032 1.4667 3.3841 1.6198 -0.7721 1.7831 43.5529 -2.8324 0.5218
Car -1 -1 -0.7525 198.4722 179.0121 323.0482 230.3952 1.5791 1.8456 3.5056 -11.8468 1.8063 24.6115 -1.1973 0.4516
Car -1 -1 2.6036 507.0140 179.4830 557.1871 203.1552 1.5462 3.9475 1.6956 -5.5055 2.0286 50.3795 2.4948 0.3835
Car -1 -1 -0.0233 616.6029 177.4363 637.8818 195.6654 1.5400 3.5757 1.7869 1.4735 1.9559 63.6406 -0.0007 0.3340
Car -1 -1 2.9155 291.3978 172.8886 348.0583 208.3489 1.6072 3.9272 1.6981 -14.0843 1.6093 34.8012 2.5333 0.2903
Car -1 -1 -0.2898 243.0607 178.7857 274.1373 195.9915 1.5403 3.4979 1.6960 -33.0248 2.1129 67.7381 -0.7421 0.2833
Car -1 -1 -0.1622 234.7472 180.9516 263.5134 199.9997 1.5314 3.5433 1.6462 -30.8283 2.2441 61.5541 -0.6250 0.2810
Car -1 -1 2.1405 95.3376 180.4314 172.4127 207.4368 1.6586 3.7342 1.7283 -30.1389 2.1482 45.6940 1.5599 0.2663
