Pedestrian -1 -1 0.2819 898.2449 147.1349 931.5785 226.8468 1.8459 0.8059 0.5341 7.2187 1.2507 17.1880 0.6730 0.2888
Pedestrian -1 -1 1.5898 783.5309 166.8237 809.3994 222.3240 1.7581 0.7970 0.6722 5.9748 1.5675 23.2833 1.8373 0.2674
Pedestrian -1 -1 1.4228 613.5634 170.2346 626.1241 194.6279 1.8665 0.8817 0.6422 0.7302 1.6664 55.5842 1.4354 0.1974
Pedestrian -1 -1 0.3061 1216.0348 175.4182 1242.0000 225.8284 1.7381 0.8392 0.7228 21.9580 1.8308 25.4574 1.0117 0.1613
Cyclist -1 -1 0.5741 110.2059 171.2493 142.7350 206.1909 1.7963 1.8375 0.5041 -25.4920 1.7142 38.0136 -0.0135 0.2466
Cyclist -1 -1 2.5636 603.5522 172.5187 621.1894 193.4575 1.7808 1.8577 0.6046 0.1754 1.7527 62.3071 2.5661 0.1942
Car -1 -1 -1.5751 561.6795 175.2228 619.2975 229.8061 1.5515 1.6531 3.8565 -0.6724 1.6326 22.6319 -1.6052 0.6917
Car -1 -1 -0.9408 0.0000 170.7382 83.2549 198.5830 1.7152 3.9419 1.7766 -35.8143 1.5852 45.4002 -1.6060 0.3876
Car -1 -1 0.2306 425.5135 178.7377 453.8360 196.9533 1.5386 3.7280 1.6362 -15.0953 2.0762 64.0115 -0.0004 0.2832
Car -1 -1 1.6514 129.4325 181.5868 184.4642 203.8955 1.4859 3.1427 1.7882 -31.8442 2.1190 50.7590 1.0933 0.2649
Car -1 -1 3.4645 300.8314 179.8075 361.2100 212.4035 1.4950 3.9102 1.6402 -13.8468 1.8608 35.9270 3.0988 0.2266
Car -1 -1 -0.0786 364.7989 179.2700 395.0260 203.0530 1.4878 3.7651 1.6360 -15.4616 1.9359 48.2943 -0.3871 0.1957
Car -1 -1 -2.5203 199.0479 182.1412 261.7469 208.0175 1.5556 3.5750 1.8476 -24.4960 2.1807 46.6345 -3.0019 0.1898
Car -1 -1 -0.2187 207.6704 178.4395 244.5456 200.2878 1.5768 3.4952 1.7653 -29.2802 2.0172 54.9446 -0.7066 0.1660
Car -1 -1 -0.1803 421.6313 177.7508 453.6894 199.6466 1.5383 3.8422 1.6566 -12.8899 1.9175 53.7181 -0.4151 0.1653
