Pedestrian -1 -1 -0.2412 523.9805 159.4410 567.0631 243.6070 1.8080 0.9651 0.7444 -1.4967 1.5203 16.0749 -0.3334 0.4113
Pedestrian -1 -1 -0.4646 628.0795 165.0011 650.6544 208.5687 1.7927 0.8441 0.6315 1.1839 1.4699 30.2010 -0.4263 0.3263
Pedestrian -1 -1 2.4846 605.3157 169.3095 621.3746 198.9637 1.8816 0.7623 0.7131 0.1821 1.6571 46.3000 2.4880 0.3041
Pedestrian -1 -1 -2.4760 868.6448 169.6689 884.4208 194.5433 1.7902 1.0097 0.5762 19.3431 1.5613 52.4361 -2.1248 0.2793
Pedestrian -1 -1 3.4675 313.4076 154.5177 335.9523 205.9216 1.8636 0.6494 0.5928 -10.5161 1.1992 26.4942 3.0928 0.2544
Cyclist -1 -1 3.5748 101.4377 181.2219 122.0633 205.9062 1.7140 1.7212 0.5393 -35.6478 2.3231 51.5980 2.9725 0.4880
Cyclist -1 -1 -0.2095 523.8677 164.3963 570.2949 248.4894 1.7762 1.7932 0.6726 -1.4866 1.5979 16.1935 -0.3005 0.3301
Car -1 -1 1.1919 755.3152 172.5523 823.6750 198.6139 1.5591 3.6979 1.7108 10.9512 1.5414 44.2637 1.4325 0.5306
Car -1 -1 3.3875 224.6175 178.7046 261.6952 200.3703 1.6295 3.9617 1.7181 -29.2227 2.1136 57.5334 2.9192 0.4258
Car -1 -1 -2.2660 0.0000 178.5750 119.1812 231.7791 1.6088 3.9336 1.6545 -19.0378 1.8191 24.3663 -2.9241 0.4119
Car -1 -1 -2.1708 826.0317 166.5766 870.7925 187.5085 1.6248 1.8579 3.3089 19.0509 1.1379 57.8523 -1.8544 0.3986
Car -1 -1 -3.0724 1080.0156 165.6299 1120.4896 186.8079 1.6274 2.4832 2.4946 38.8413 1.0727 57.1905 -2.4784 0.3515
Car -1 -1 -0.9234 384.0486 178.1543 447.4364 201.7304 1.5020 3.8542 1.6748 -12.9893 1.8670 48.1393 -1.1859 0.3231
Car -1 -1 2.9327 325.9669 176.1772 373.3171 206.1543 1.5929 4.0804 1.7216 -14.8756 1.7922 41.0097 2.5864 0.3105
Car -1 -1 2.5029 1003.6575 169.6860 1054.0795 189.5451 1.4791 3.3302 1.6949 32.1341 1.2435 55.4894 3.0253 0.3028
Car -1 -1 1.6966 432.1759 179.9046 475.8970 199.7874 1.4751 3.0733 1.8023 -11.9467 2.0259 55.2904 1.4844 0.2708
Car -1 -1 -3.1748 653.5781 175.8522 674.8276 194.6303 1.5414 3.7764 1.6812 4.5893 1.8064 61.7594 -3.1014 0.2475
