Pedestrian -1 -1 -0.3114 737.3516 159.5668 789.2310 260.3761 1.7575 0.8685 0.6774 2.7062 1.5262 13.0459 -0.1123 0.8119
Pedestrian -1 -1 -0.5257 780.4882 157.4729 846.5970 263.5377 1.8221 0.9558 0.7598 3.5861 1.5582 12.9526 -0.2624 0.6919
Pedestrian -1 -1 2.7203 767.8138 181.3253 798.1417 229.0647 1.6982 0.9471 0.7541 6.2756 2.0148 26.3915 2.9504 0.5173
Pedestrian -1 -1 0.4421 265.4068 166.0130 330.0509 280.8428 1.7563 0.7932 0.6637 -4.9888 1.6520 11.4421 0.0388 0.4606
Pedestrian -1 -1 -0.4435 665.0413 177.4080 689.4563 215.6753 1.7122 0.8577 0.8202 3.0277 1.9240 32.9556 -0.3533 0.4119
Pedestrian -1 -1 -1.5083 574.1769 178.9298 581.4970 199.6854 1.6652 0.5522 0.6690 -2.6268 2.1603 58.4216 -1.5535 0.3229
Pedestrian -1 -1 0.9736 775.7571 184.3704 803.1855 225.9171 1.7706 0.8696 0.7900 7.8055 2.2830 31.5580 1.2132 0.3024
Pedestrian -1 -1 3.3707 293.2478 163.5771 406.2453 346.7282 1.7333 0.8604 0.8997 -2.6529 1.6459 7.3022 3.0326 0.2982
Pedestrian -1 -1 -0.6821 680.4721 173.4208 699.7670 204.6284 1.7656 0.8354 0.7381 4.5596 1.7989 41.3896 -0.5736 0.2796
Pedestrian -1 -1 1.3546 883.5378 171.7063 934.7687 249.9518 1.6396 0.8726 0.7555 6.3866 1.6159 15.5609 1.7367 0.2472
Pedestrian -1 -1 -1.5536 871.6234 173.7638 895.3002 219.2336 1.7180 0.8417 0.6597 10.4722 1.7539 27.7380 -1.1967 0.2372
Pedestrian -1 -1 2.5444 844.3646 155.1759 900.0032 257.4319 1.7485 0.7914 0.5779 4.5853 1.4466 12.7921 2.8805 0.2294
Pedestrian -1 -1 -0.5260 706.4211 157.9427 736.0067 213.4071 1.7919 0.8341 0.6292 3.6198 1.3105 23.8121 -0.3775 0.2228
Pedestrian -1 -1 1.0544 923.0965 165.4026 978.8925 239.0446 1.7088 0.9520 0.7483 8.0458 1.5363 17.1536 1.4857 0.2062
Pedestrian -1 -1 -2.6345 545.2435 175.3163 558.3580 199.3813 1.7587 0.9480 0.5807 -4.3313 1.9432 53.3933 -2.7155 0.2024
Pedestrian -1 -1 2.5347 428.0109 158.7613 455.2020 208.6183 1.8735 0.8820 0.6225 -6.4950 1.3443 27.6380 2.3056 0.1949
Cyclist -1 -1 2.7048 916.5005 169.7812 978.1643 246.8123 1.7266 1.7991 0.6005 7.8953 1.6581 17.0725 3.1307 0.4903
Cyclist -1 -1 -3.3682 891.3076 177.7740 937.2155 259.2629 1.6407 1.6915 0.5236 6.4619 1.7528 15.5069 -2.9810 0.4288
Cyclist -1 -1 0.5141 260.8505 164.2825 417.4834 355.8411 1.7136 1.7200 0.7303 -2.7341 1.6373 7.3611 0.1690 0.4276
Cyclist -1 -1 -0.2585 680.7438 175.8489 699.2891 206.3337 1.7012 1.6950 0.6392 4.5382 1.8768 41.3235 -0.1504 0.4086
Cyclist -1 -1 -0.3282 913.0298 179.1194 956.7524 243.7445 1.5909 1.6603 0.5150 8.3804 1.7617 18.7736 0.0850 0.3771
Cyclist -1 -1 -3.2331 721.9034 165.0504 743.3746 205.7803 1.7276 1.8448 0.7526 5.3081 1.3969 31.5489 -3.0684 0.2906
Cyclist -1 -1 2.7672 570.1143 179.2229 585.1597 200.8674 1.7068 1.7999 0.5976 -2.6508 2.2310 58.3949 2.7216 0.2604
Cyclist -1 -1 -0.4173 818.4535 169.9156 850.0550 212.3682 1.8076 1.8856 0.6050 9.7905 1.6828 31.6920 -0.1209 0.2582
Cyclist -1 -1 -0.4839 765.0471 181.6634 799.3154 228.5265 1.6384 1.5623 0.5468 6.2305 1.9707 26.3582 -0.2551 0.2341
Cyclist -1 -1 -2.7027 421.1147 161.1713 502.5434 277.1377 1.7488 1.7594 0.6132 -2.4333 1.5729 11.8053 -2.9026 0.2157
Cyclist -1 -1 -0.3699 661.9837 176.9253 690.5330 215.8723 1.7295 1.8337 0.6870 2.9957 1.9229 33.2192 -0.2815 0.2075
Cyclist -1 -1 3.2958 459.5712 169.6195 488.8445 223.0520 1.7513 1.8103 0.7102 -4.6493 1.6456 24.5618 3.1102 0.2048
Cyclist -1 -1 -0.1466 545.2174 176.9210 557.7393 200.9544 1.7376 1.8268 0.6628 -4.3700 2.0447 53.4543 -0.2282 0.1969
Car -1 -1 -0.2922 667.4090 180.8482 723.4099 215.7432 1.4638 3.4961 1.5868 3.8031 1.8502 32.9790 -0.1791 0.2489
Car -1 -1 1.6951 507.2738 175.9906 557.0573 197.6342 1.6784 3.7352 1.6998 -6.1554 1.9308 57.0886 1.5878 0.2354
