Pedestrian -1 -1 3.2152 346.3714 172.3167 383.6386 245.5114 1.7429 0.9465 0.7968 -5.9267 1.5496 17.3874 2.8939 0.8030
Pedestrian -1 -1 3.2689 143.3174 137.9680 270.4871 370.0000 1.7641 0.8810 0.7374 -3.0991 1.4678 5.4911 2.7812 0.3381
Pedestrian -1 -1 2.3354 627.5108 159.2939 645.5413 194.6725 1.9266 0.7369 0.6670 1.7287 0.7732 38.9961 2.3812 0.2672
Pedestrian -1 -1 -3.2994 705.3658 147.9702 736.4402 227.0671 1.7829 0.8404 0.5806 2.6330 1.0513 16.3530 -3.1409 0.2561
Pedestrian -1 -1 2.8347 398.6593 172.5711 421.5286 218.5839 1.7231 0.7787 0.6374 -7.4645 1.4277 26.9723 2.5694 0.2428
Pedestrian -1 -1 2.1389 140.9580 170.9568 220.4237 282.2123 1.7293 0.8604 0.6837 -6.8378 1.5826 11.3434 1.6105 0.2114
Pedestrian -1 -1 1.7196 519.3338 170.1094 537.4562 200.9777 1.7917 0.9708 0.6330 -4.4859 1.1900 41.3719 1.6141 0.1961
Cyclist -1 -1 3.1429 522.2211 172.5642 532.9623 203.4650 1.7635 1.8234 0.6099 -4.5247 1.3120 41.2843 3.0362 0.5366
Cyclist -1 -1 -0.2348 436.0114 180.1973 449.9225 203.5098 1.7093 1.6569 0.6462 -12.0818 1.6884 52.7244 -0.4572 0.3098
Cyclist -1 -1 3.3788 399.4446 171.9498 425.3099 217.0941 1.6636 1.7450 0.5514 -7.3472 1.3500 26.9294 3.1172 0.2742
Cyclist -1 -1 3.5412 122.6541 169.8489 214.1689 287.1464 1.6935 1.8951 0.5133 -6.8877 1.5414 11.1772 3.0033 0.2552
Cyclist -1 -1 -1.2791 8.5685 112.8838 297.0546 370.0000 1.7556 1.7222 0.6035 -3.3447 1.2977 5.3005 -1.8132 0.2265
Cyclist -1 -1 3.2189 441.3438 176.1516 456.7161 212.6064 1.6406 1.7506 0.5577 -7.2268 1.4463 32.7191 3.0052 0.2162
Car -1 -1 3.0229 583.3701 164.8352 643.9124 214.4226 1.6175 4.0523 1.6717 0.1975 1.1081 25.1638 3.0325 0.5696
Car -1 -1 -3.1252 579.3798 173.6815 622.7557 213.5791 1.5872 4.0633 1.7265 -0.1544 1.3174 30.1650 -3.1286 0.3270
Car -1 -1 -2.8693 437.4858 176.0523 472.6954 196.7646 1.5394 3.8788 1.6674 -11.5066 1.2101 54.5359 -3.0744 0.2662
Car -1 -1 3.1861 465.0607 178.1020 486.4225 195.4706 1.5007 3.7577 1.7017 -11.4783 1.2947 63.0628 3.0086 0.2383
Car -1 -1 3.0665 477.3330 176.0142 514.5837 207.0033 1.5008 3.5764 1.6208 -5.6322 1.2850 36.1614 2.9150 0.2350
Car -1 -1 0.1829 443.9142 177.7488 498.8686 215.6860 1.5102 3.6785 1.6359 -5.6163 1.4021 29.9806 0.0013 0.2080
Car -1 -1 -0.4465 467.9425 176.5716 507.1779 196.9086 1.5412 3.6105 1.6456 -9.2406 1.2448 55.5298 -0.6088 0.1956
