Pedestrian -1 -1 1.7338 381.5247 167.9171 399.0672 199.7461 1.8421 0.8915 0.6169 -12.8562 1.5568 42.1211 1.4391 0.2212
Pedestrian -1 -1 -0.6611 773.6655 165.0829 812.9824 232.5308 1.7855 0.8077 0.6815 4.9278 1.5801 19.6056 -0.4192 0.1980
Pedestrian -1 -1 -1.0710 0.0000 173.3283 35.2118 214.9422 1.7834 0.9983 0.6564 -25.7715 1.8046 31.3431 -1.7551 0.1723
Cyclist -1 -1 0.3881 0.0000 173.0758 36.2732 215.2823 1.7822 1.7985 0.6378 -25.8334 1.7926 31.4287 -0.2958 0.2437
Cyclist -1 -1 -0.1486 657.7300 175.1324 670.9082 200.5786 1.7862 2.0045 0.6506 3.8667 1.9535 51.8528 -0.0750 0.1943
Cyclist -1 -1 -0.7028 51.8158 169.0135 90.4999 204.3369 1.7911 1.7249 0.6302 -27.7323 1.5967 37.0864 -1.3416 0.1788
Cyclist -1 -1 3.1950 383.8766 169.8972 396.0536 201.6733 1.8152 1.8727 0.5816 -12.8940 1.6467 42.1947 2.8999 0.1667
Cyclist -1 -1 3.4736 240.5013 183.3206 261.9403 212.1801 1.6914 1.8147 0.6083 -21.8517 2.3423 43.9047 3.0139 0.1587
Car -1 -1 3.2841 330.4136 180.3054 367.7246 207.0664 1.5178 3.6054 1.6365 -15.8694 1.9918 43.9268 2.9390 0.5136
Car -1 -1 -0.1105 155.3670 180.2501 189.8153 204.1740 1.5336 3.5343 1.6379 -29.9555 2.0591 49.3263 -0.6541 0.2812
Car -1 -1 3.0293 281.9847 181.6362 331.8656 218.8022 1.5327 3.8946 1.6681 -13.8865 1.9587 32.8560 2.6319 0.2599
Car -1 -1 3.4832 151.3853 182.0828 206.4522 209.2054 1.5135 3.9020 1.6463 -26.0898 2.0999 43.7430 2.9478 0.2396
Car -1 -1 2.2466 186.3736 181.0255 246.2418 201.2385 1.4802 3.7236 1.7638 -30.0153 2.1170 55.0005 1.7489 0.2171
Car -1 -1 1.4158 180.2520 180.4929 214.2245 197.4497 1.4849 2.3598 2.5009 -38.0333 2.2068 66.4385 0.8974 0.2042
Car -1 -1 1.8038 224.6021 182.1453 293.8884 206.0871 1.5073 3.8235 1.7030 -23.1271 2.1371 47.6316 1.3537 0.2028
Car -1 -1 -3.3040 776.5026 190.8388 841.5176 237.7548 1.4996 3.4605 1.7161 7.1161 2.1994 26.2514 -3.0430 0.1723
Car -1 -1 2.3702 990.6492 151.7783 1242.0000 375.0000 1.5659 3.8870 1.6824 5.6837 1.4198 7.0386 3.0288 0.1715
