Car -1 -1 -1.8758 789.1497 178.6835 1080.4603 372.7770 1.5749 1.6458 3.8675 3.1248 1.6555 7.9473 -1.5150 0.8359
Car -1 -1 -2.2073 864.2010 192.3551 1242.0000 375.0000 1.4838 1.6010 3.7031 2.6295 1.6268 3.4056 -1.5918 0.7693
Car -1 -1 -1.4183 490.8505 179.9868 569.2083 235.0649 1.5803 1.9506 3.6435 -2.5039 1.8270 23.0464 -1.5261 0.6512
Car -1 -1 1.4260 697.7811 175.7151 756.5162 217.4066 1.5698 1.8405 3.4650 4.6195 1.6926 29.1454 1.5810 0.6505
Car -1 -1 1.8764 262.6281 180.9718 525.2810 361.1748 1.6220 1.8022 3.9994 -2.3116 1.7435 8.7203 1.6235 0.6234
Car -1 -1 -1.3984 440.5739 184.7867 535.9235 255.9347 1.5034 1.6829 3.7148 -2.9201 1.8280 17.7362 -1.5601 0.5663
Car -1 -1 -3.0494 554.8315 178.2725 597.7592 213.7530 1.5563 3.7655 1.6918 -1.5796 1.8275 34.1516 -3.0959 0.5383
Car -1 -1 -0.7039 914.6297 145.7162 1104.1006 230.1034 1.7061 3.8273 1.7170 8.9406 1.1578 16.6391 -0.2186 0.5033
Car -1 -1 0.7041 846.6447 170.0609 941.8677 213.8085 1.5860 3.1605 1.7865 10.8661 1.4851 27.6933 1.0739 0.4863
Car -1 -1 0.0521 573.7446 174.8630 609.8395 206.3419 1.6159 4.3642 1.7540 -0.9792 1.7325 39.5225 0.0269 0.3556
