Pedestrian -1 -1 -1.0809 331.8918 167.6065 360.8305 212.1279 1.8618 1.0003 0.5782 -10.8051 1.2818 30.3950 -1.4248 0.2930
Pedestrian -1 -1 -0.4049 564.0139 174.1142 581.6833 207.4168 1.7675 0.7286 0.7176 -1.5422 1.3764 38.6073 -0.4496 0.2891
Pedestrian -1 -1 2.1536 1001.3611 154.1392 1023.3884 195.4346 1.8389 0.6249 0.6215 18.5251 0.6215 32.4055 2.6645 0.2216
Pedestrian -1 -1 -0.6977 825.8676 110.6257 920.0036 270.0232 1.8949 0.9111 0.6816 3.3673 1.0537 9.0830 -0.3573 0.2169
Cyclist -1 -1 3.2090 337.2650 170.6909 354.3315 213.2519 1.7514 1.6881 0.5758 -10.8411 1.3076 30.4469 2.8646 0.4345
Cyclist -1 -1 -0.8223 1166.3306 153.1453 1238.0000 231.4759 1.6803 1.8285 0.6124 13.9308 1.0733 16.3528 -0.1297 0.3939
Cyclist -1 -1 -1.2406 0.0000 161.5225 54.4103 209.8853 1.8156 1.8128 0.6198 -22.2154 1.0666 27.5648 -1.9192 0.3051
Cyclist -1 -1 -0.0732 565.3230 173.4655 579.3510 206.2247 1.7216 1.8304 0.6112 -1.5794 1.3002 38.6937 -0.1188 0.2995
Cyclist -1 -1 2.6749 816.4382 152.1478 850.3520 196.6501 1.8489 1.9463 0.5545 9.9252 0.6304 30.8466 2.9788 0.2712
Cyclist -1 -1 0.2680 71.3356 166.7305 102.7064 212.5693 1.7436 1.7601 0.5599 -20.2258 1.1828 28.2431 -0.3541 0.2535
Car -1 -1 3.3881 348.0586 176.7257 454.0124 244.0996 1.6177 4.1097 1.7884 -5.2688 1.5042 19.3185 3.1199 0.7097
Car -1 -1 -1.5143 522.6970 170.6852 569.7856 212.1894 1.5825 1.7170 3.9479 -2.2092 1.1712 29.3795 -1.5938 0.6190
Car -1 -1 -0.2168 573.3579 168.5919 606.9937 191.3619 1.5728 3.6692 1.6433 -0.8305 0.6818 51.5903 -0.2377 0.4018
Car -1 -1 -2.9704 603.7613 170.1647 645.7167 197.3472 1.4843 3.3943 1.8633 1.3757 0.8662 41.0701 -2.9420 0.3745
Car -1 -1 0.6044 269.2664 181.5334 340.5287 211.0471 1.4494 3.6891 1.6114 -15.3025 1.4520 37.2492 0.2120 0.2171
