Pedestrian -1 -1 -1.7517 533.7761 173.7881 554.4880 213.2313 1.7220 0.8185 0.5921 -2.9563 1.7642 31.9123 -1.8439 0.1997
Cyclist -1 -1 -1.5458 560.0055 165.9765 731.2115 333.0306 1.7210 1.7750 0.6447 0.3281 1.6505 7.8084 -1.5073 0.2971
Cyclist -1 -1 2.3247 819.4572 162.5083 856.9398 199.8740 1.7150 1.7767 0.5639 10.7066 1.2405 34.0258 2.6267 0.2411
Cyclist -1 -1 -0.1252 345.4116 181.2492 365.6157 223.2865 1.6769 1.8382 0.5706 -10.6716 2.0387 30.1091 -0.4635 0.2263
Cyclist -1 -1 -0.3812 845.3914 166.8886 884.1403 219.1618 1.7549 1.9156 0.5944 8.8261 1.5550 25.1917 -0.0484 0.2011
Cyclist -1 -1 2.1224 1145.2905 147.6890 1209.7565 199.1880 1.8018 1.8090 0.5619 20.5229 0.9217 26.1879 2.7815 0.1985
Cyclist -1 -1 -0.9109 1112.6974 157.6800 1181.1702 210.6776 1.7442 1.8367 0.6948 18.3168 1.2451 24.7219 -0.2791 0.1923
Car -1 -1 1.7825 290.9326 181.3091 359.5824 223.8964 1.5422 1.8452 3.4643 -11.2892 1.9009 28.7208 1.4107 0.5756
Car -1 -1 0.2688 390.0629 181.0982 437.7478 208.2749 1.5210 3.2693 1.9427 -11.6703 2.0316 43.0133 0.0050 0.5318
Car -1 -1 -1.6499 565.6453 184.7811 727.6599 337.3381 1.4868 1.6718 4.0893 0.2043 1.6780 9.4474 -1.6307 0.3513
Car -1 -1 -1.3275 177.8272 184.6547 241.9962 208.3942 1.5859 3.6408 1.7322 -28.1417 2.4385 50.8020 -1.8314 0.2435
Car -1 -1 -1.4669 582.5223 173.6933 648.1998 229.8091 1.6313 1.7258 3.5452 0.2000 1.6604 22.8856 -1.4591 0.2311
Car -1 -1 -0.5500 132.1036 187.8202 187.8315 212.8836 1.7042 3.7571 1.7455 -32.8495 2.8296 52.6167 -1.1061 0.1771
Car -1 -1 2.9612 508.9925 184.9891 565.2014 224.2646 1.4863 3.8715 1.6992 -3.2057 2.0382 30.6936 2.8574 0.1698
