Pedestrian -1 -1 2.7087 594.0817 168.3589 606.2084 194.2524 1.8887 0.6650 0.6748 -0.7537 1.5612 53.0741 2.6942 0.2647
Pedestrian -1 -1 2.2890 653.1379 165.8686 666.6221 195.4262 1.8278 0.6161 0.5711 3.0811 1.3962 45.0362 2.3565 0.2011
Cyclist -1 -1 0.9777 1084.6320 157.0624 1242.0000 311.4424 1.7219 1.9391 0.7213 6.7371 1.5461 8.4648 1.6324 0.3165
Cyclist -1 -1 -0.4211 911.4612 143.2783 1032.1934 307.0256 1.8018 1.7518 0.6229 4.2952 1.4767 8.8182 0.0182 0.2299
Cyclist -1 -1 -0.1822 120.1357 161.0966 186.6792 250.7330 1.6690 1.7350 0.8248 -9.1504 1.4504 14.3504 -0.7417 0.2182
Cyclist -1 -1 -2.8930 463.7795 180.9380 490.1098 225.2047 1.7671 1.9368 0.6256 -5.5840 2.1163 30.1473 -3.0752 0.2113
Car -1 -1 1.6987 373.4870 179.2896 460.7752 246.6156 1.5930 1.7711 3.9825 -5.1497 1.7864 19.5559 1.4439 0.7491
Car -1 -1 3.6400 0.0000 180.9726 296.2257 375.0000 1.5720 3.8407 1.6465 -4.6417 1.6733 6.9954 3.0710 0.6652
Car -1 -1 3.4631 181.1197 163.9137 402.2524 302.8501 1.7421 4.3183 1.7852 -4.6813 1.6304 11.2570 3.0767 0.6165
Car -1 -1 1.5616 430.2661 176.0438 479.0474 220.0326 1.5939 1.7618 4.0396 -6.2191 1.7303 28.6188 1.3491 0.5690
Car -1 -1 1.6184 477.7513 168.7137 533.4083 193.9574 1.8418 4.0213 1.7828 -7.7602 1.5401 53.7207 1.4753 0.3159
Car -1 -1 1.1982 910.8026 170.6988 1130.1790 253.5994 1.6040 3.5937 1.6988 8.3365 1.5627 15.0248 1.6958 0.2771
Car -1 -1 0.1631 599.7870 181.0502 637.8671 207.9856 1.4675 3.9114 1.6403 0.5349 1.9757 42.6356 0.1750 0.2686
