Pedestrian -1 -1 1.4141 0.0000 205.3938 30.5739 259.7094 1.7724 0.9578 0.7668 -20.7215 2.9229 24.8884 0.7249 0.2656
Pedestrian -1 -1 1.8436 25.1890 197.0951 52.7174 235.2177 1.7183 0.8240 0.7941 -26.7120 2.8690 33.7118 1.1772 0.2140
Pedestrian -1 -1 1.4607 1151.7148 167.0183 1215.1606 262.6029 1.7327 0.8595 0.6594 10.7226 1.6273 13.5819 2.1179 0.1914
Pedestrian -1 -1 1.4228 284.9311 192.2744 301.1765 220.6432 1.7981 0.8630 0.7962 -20.7106 3.0807 47.0720 1.0100 0.1858
Pedestrian -1 -1 1.8923 1162.2961 165.5934 1222.2780 255.2960 1.7475 0.7734 0.6756 11.6976 1.6064 14.5624 2.5586 0.1678
Cyclist -1 -1 -0.4120 694.9769 167.2723 723.0167 208.9345 1.7981 1.8666 0.5267 4.3493 1.5575 32.1074 -0.2791 0.4947
Cyclist -1 -1 0.1889 0.0000 202.9072 24.3038 256.2706 1.7155 1.7166 0.4926 -20.8873 2.7955 25.0456 -0.5012 0.3526
Cyclist -1 -1 0.2777 284.9178 191.7697 302.7471 220.2309 1.7900 1.4603 0.6932 -20.6923 3.0473 47.1707 -0.1340 0.2700
Cyclist -1 -1 -0.7658 1117.5657 157.5421 1241.7428 262.6988 1.7934 1.9346 0.6081 10.3697 1.5326 13.2982 -0.1148 0.1989
Cyclist -1 -1 -0.6940 1154.3302 152.4001 1242.0000 277.4960 1.8039 1.8603 0.5837 9.5011 1.5093 11.3349 -0.0096 0.1968
Cyclist -1 -1 -1.0366 13.9194 194.3139 66.3087 235.8240 1.8842 1.8059 0.7237 -26.6554 2.9016 33.7181 -1.7019 0.1843
Cyclist -1 -1 2.4467 1129.1095 165.1951 1238.2966 261.9798 1.7462 1.8776 0.5652 10.9842 1.6084 13.9647 3.1024 0.1337
Car -1 -1 3.1901 503.0902 188.1090 534.4268 215.5767 1.5019 3.6900 1.6973 -5.4895 2.4617 43.4718 3.0647 0.2574
Car -1 -1 -0.1069 421.5155 190.5338 451.2415 211.6701 1.4943 3.5907 1.8831 -13.6196 2.9252 56.3743 -0.3434 0.2407
Car -1 -1 0.3078 0.0000 189.7003 54.0173 224.6049 1.4760 3.6449 1.6536 -28.2171 2.3271 34.4371 -0.3750 0.1722
Car -1 -1 3.4805 216.8882 194.3024 272.7650 222.3515 1.5109 3.8909 1.8482 -22.2444 2.8814 44.0409 3.0149 0.1688
Car -1 -1 3.2709 488.8333 190.8292 529.8638 221.7168 1.4655 3.5848 1.6993 -5.3042 2.4606 38.1263 3.1330 0.1548
