Pedestrian -1 -1 -0.9331 668.3482 170.2428 684.2357 198.8298 1.8152 0.7690 0.6683 4.2241 1.6497 46.3181 -0.8431 0.4299
Pedestrian -1 -1 2.6422 873.1591 164.7039 891.7584 202.5015 1.8210 0.6963 0.5837 13.2300 1.4287 35.1455 2.9991 0.2722
Cyclist -1 -1 -0.4722 708.5021 172.3770 732.1262 200.0222 1.7430 1.9264 0.7019 7.0674 1.7133 46.5149 -0.3228 0.3224
Car -1 -1 -1.6745 717.5415 178.6130 800.8696 248.3742 1.5731 1.6631 3.8969 3.6850 1.7381 18.6141 -1.4829 0.8383
Car -1 -1 -1.9799 828.2006 176.0084 1180.9777 375.0000 1.5382 1.5977 3.7570 3.5070 1.5790 7.3577 -1.5516 0.8009
Car -1 -1 -1.8587 738.7342 175.5555 902.5158 279.4455 1.5540 1.6411 4.0772 3.5036 1.6106 12.9601 -1.6014 0.7447
Car -1 -1 3.3699 351.7774 182.2239 452.0933 251.8134 1.4971 3.4839 1.6087 -5.0520 1.7514 17.7751 3.0963 0.6885
Car -1 -1 1.7186 412.4873 177.7628 487.4565 233.3944 1.5679 1.7646 3.5763 -4.9414 1.7339 22.5008 1.5043 0.6793
Car -1 -1 -1.3443 619.1917 175.1182 646.7825 192.7642 1.5601 1.8048 3.4427 2.1161 1.7740 66.1687 -1.3128 0.3340
Car -1 -1 -2.5860 0.0000 0.0000 1242.0000 375.0000 1.5517 1.6815 4.0016 2.7755 1.6634 1.8483 -1.6747 0.3037
