Cyclist -1 -1 -2.9885 717.7318 169.4401 731.9843 200.4250 1.7361 1.7896 0.5449 6.5573 1.5451 41.3599 -2.8328 0.3862
Cyclist -1 -1 -0.4561 1059.8376 146.2039 1242.0000 362.8284 1.7568 1.8481 0.6330 4.9643 1.5411 6.8104 0.1527 0.3584
Car -1 -1 1.8539 256.2977 202.3714 471.6769 349.6105 1.4765 1.7614 3.5218 -3.1046 1.9474 9.7228 1.5515 0.7827
Car -1 -1 -0.8820 0.0000 204.2657 273.9456 375.0000 1.5185 1.6431 4.0130 -3.2853 1.7533 3.3370 -1.6205 0.6779
Car -1 -1 -1.6117 742.3767 180.9017 844.8793 274.4641 1.5078 1.6724 3.7249 3.3756 1.6860 13.9539 -1.3802 0.6735
Car -1 -1 -1.4663 409.8820 190.0933 518.7138 279.2025 1.4746 1.7558 3.6386 -2.8485 1.8679 14.5562 -1.6571 0.6694
Car -1 -1 -0.0327 742.8755 173.8015 830.0961 212.4197 1.7287 1.6780 3.8471 8.1142 1.7747 33.5632 0.2020 0.6267
Car -1 -1 1.6734 484.6020 184.8016 543.6631 233.9796 1.4965 1.6323 3.7044 -3.2552 1.9375 24.7379 1.5432 0.5951
Car -1 -1 2.2919 947.8571 167.5894 1032.0765 203.3801 1.6990 1.6681 3.6984 18.7544 1.4495 35.6952 2.7719 0.4892
Car -1 -1 -3.6629 1097.0632 169.9603 1242.0000 375.0000 1.5397 1.5825 3.6206 6.5482 1.5199 6.2601 -2.8788 0.4621
Car -1 -1 -1.4119 747.1394 179.5407 841.1976 249.9093 1.5061 1.7162 3.5656 4.5780 1.6897 17.7930 -1.1649 0.4448
Car -1 -1 -1.5741 1012.6074 172.6140 1069.3086 216.7242 1.5286 1.7157 3.6589 16.0522 1.5206 27.0137 -1.0431 0.4122
Car -1 -1 1.3722 514.6534 176.1007 564.4206 198.5849 1.6675 3.4711 2.0255 -5.4534 1.9238 55.4101 1.2742 0.4091
Car -1 -1 0.4805 783.6901 177.8563 890.3876 231.4990 1.4842 2.7017 2.0974 6.8859 1.6487 21.9761 0.7797 0.3842
