Pedestrian -1 -1 -0.3709 859.9886 134.2811 975.9705 342.0010 1.7867 0.8567 0.7031 2.7422 1.4553 6.6334 0.0045 0.4850
Car -1 -1 1.7280 362.1790 191.3553 471.3336 274.2041 1.4763 1.7181 3.4183 -4.0501 1.9183 15.4350 1.4747 0.7694
Car -1 -1 1.9254 83.3806 193.9994 410.1598 375.0000 1.5588 1.9033 3.9885 -3.7249 1.8599 8.2089 1.5105 0.7643
Car -1 -1 -1.6235 648.9166 181.0138 695.0099 220.8908 1.4824 1.6605 3.8389 2.4346 1.8390 29.5563 -1.5428 0.7060
Car -1 -1 -0.2623 785.0797 175.6520 929.1012 227.3387 1.5483 1.5572 3.9957 7.6051 1.6397 22.5999 0.0578 0.5596
Car -1 -1 0.5075 348.0712 186.6082 449.4596 237.9537 1.4367 3.0380 1.8183 -6.6244 1.9034 22.7740 0.2270 0.4943
Car -1 -1 -0.8959 8.4618 183.4615 192.0144 250.6757 1.6569 3.7030 1.7339 -13.4404 1.9524 19.0863 -1.5031 0.4277
Car -1 -1 0.2149 441.6128 184.2519 496.3877 220.5056 1.5281 3.9367 1.7024 -6.5414 2.0915 33.6486 0.0239 0.4136
Car -1 -1 -0.2917 770.2474 164.0405 888.9109 216.2064 1.7975 1.6185 3.7278 7.7047 1.4942 25.6767 -0.0039 0.3909
Car -1 -1 3.5760 0.0000 206.2429 173.8763 375.0000 1.4309 3.3017 1.6135 -6.7600 1.9116 8.5926 2.9241 0.3732
Car -1 -1 3.1741 485.2510 182.9804 514.2931 209.2686 1.5163 3.8439 1.6736 -6.8927 2.1788 45.1693 3.0231 0.3193
Car -1 -1 1.4402 741.1564 171.5224 827.7961 211.1148 1.6814 3.4934 1.7295 7.5574 1.6252 31.6753 1.6718 0.2991
