Pedestrian -1 -1 2.3727 242.7573 175.3614 260.5302 203.7998 1.8143 0.7350 0.7190 -23.1604 1.9781 46.5721 1.9133 0.2300
Pedestrian -1 -1 2.2875 994.2806 159.6860 1020.5865 199.7924 1.8650 0.8307 0.7020 18.7188 1.2530 34.0609 2.7861 0.2189
Pedestrian -1 -1 2.1567 154.3199 194.8795 237.1196 313.1643 1.6775 0.7785 0.7678 -6.2320 2.0200 10.7940 1.6431 0.1568
Pedestrian -1 -1 2.7216 516.4747 179.3158 528.5811 203.9329 1.7152 0.6428 0.6420 -6.2057 2.1757 50.9424 2.6006 0.1564
Cyclist -1 -1 3.2227 316.7782 187.8864 344.4300 264.7129 1.5867 1.5715 0.4435 -6.2446 1.9382 16.0350 2.8563 0.3047
Cyclist -1 -1 0.1132 520.6323 180.0703 532.1355 203.5756 1.6911 1.8939 0.6381 -6.2128 2.2354 53.4391 -0.0024 0.2329
Cyclist -1 -1 3.3192 353.3490 181.5375 381.1201 244.5056 1.5179 1.5688 0.3989 -6.2308 1.7496 18.4178 2.9968 0.2081
Cyclist -1 -1 -0.6457 988.6924 159.2875 1025.8646 197.0362 1.7328 1.7297 0.6115 18.6728 1.1104 34.0196 -0.1476 0.2024
Cyclist -1 -1 3.2497 484.8074 181.0565 500.8768 214.3258 1.6971 1.8467 0.6457 -6.2302 2.1425 38.2068 3.0887 0.2010
Cyclist -1 -1 3.4328 172.9586 197.5880 231.4740 308.2874 1.5185 1.4712 0.3590 -6.2351 1.9216 10.9900 2.9265 0.1997
Cyclist -1 -1 3.0009 420.7473 164.3869 445.5553 214.8365 1.7832 1.8014 0.6362 -6.5408 1.4843 26.4549 2.7605 0.1981
Cyclist -1 -1 3.2887 265.5155 189.8734 299.1758 279.7018 1.5594 1.5434 0.3498 -6.2160 1.8996 13.6128 2.8671 0.1776
Cyclist -1 -1 0.0551 405.7666 182.8896 414.4438 205.0288 1.7393 1.8546 0.5774 -16.2336 2.5672 58.5279 -0.2147 0.1769
Cyclist -1 -1 -0.5849 948.7006 153.6668 1012.9829 228.4003 1.8071 1.7581 0.5645 9.3474 1.3435 18.3515 -0.1207 0.1751
Cyclist -1 -1 -0.6067 816.2921 157.7646 858.3464 204.9873 1.8359 1.9780 0.5857 9.0956 1.2496 29.0803 -0.3068 0.1709
Cyclist -1 -1 -0.2449 791.5828 159.5250 809.5449 192.3382 1.8186 1.8314 0.5509 10.7581 1.0802 40.9061 0.0102 0.1661
Cyclist -1 -1 -0.8077 997.5436 163.6307 1044.2485 206.7468 1.7449 1.8265 0.5349 17.1032 1.3720 30.1486 -0.2962 0.1653
Cyclist -1 -1 0.1882 364.2273 183.5029 377.6428 209.5363 1.6972 1.8098 0.5305 -16.1681 2.4305 48.7306 -0.1309 0.1625
Cyclist -1 -1 -1.3920 236.3245 172.2921 267.7460 200.6382 1.8125 1.7468 0.5686 -23.1641 1.7769 46.6477 -1.8509 0.1583
Car -1 -1 -3.1135 797.0356 178.4180 835.1045 212.3196 1.4802 3.8182 1.6431 9.7842 1.7606 34.2466 -2.8380 0.3944
Car -1 -1 -0.5357 748.0642 174.5145 802.3553 199.2695 1.5371 3.9184 1.6880 10.7183 1.6510 47.2073 -0.3142 0.3048
Car -1 -1 0.1473 509.7929 180.7031 539.9194 203.2207 1.4572 3.5164 1.5637 -5.8601 2.0178 49.7143 0.0301 0.2180
Car -1 -1 3.4554 298.0248 179.0448 406.6463 241.5596 1.4973 3.8120 1.6579 -6.8970 1.6822 19.5823 3.1205 0.2155
Car -1 -1 3.2218 381.3545 180.6024 407.1215 201.1707 1.5335 3.7031 1.6667 -17.1165 2.1702 57.2724 2.9323 0.2076
Car -1 -1 -2.8299 370.1502 186.5522 411.6332 210.5480 1.5298 3.8088 1.6665 -15.1923 2.5180 50.1091 -3.1232 0.1822
Car -1 -1 3.1594 521.2428 179.2795 543.6427 200.1718 1.5005 3.6211 1.6306 -5.8932 2.0061 54.8494 3.0525 0.1740
Car -1 -1 3.0852 469.4684 181.0952 503.8947 210.7305 1.5047 3.6940 1.6565 -6.8637 1.9815 39.7235 2.9147 0.1737
Car -1 -1 0.3563 329.9831 192.7255 405.9229 235.4721 1.5048 3.7914 1.6788 -9.7109 2.3600 29.1123 0.0365 0.1631
Car -1 -1 2.3161 751.2648 175.9075 795.2414 193.8612 1.5723 3.6260 1.8416 14.8592 1.8601 65.8881 2.5366 0.1558
