Pedestrian -1 -1 -0.3938 836.6598 155.5515 907.1902 282.8634 1.7680 0.8203 0.6832 3.8534 1.4089 10.4004 -0.0526 0.6649
Pedestrian -1 -1 2.9749 473.2881 176.7649 501.9370 229.4355 1.7147 0.9294 0.7957 -3.8267 1.5617 23.9514 2.8129 0.6029
Pedestrian -1 -1 -0.1967 653.7406 175.7794 692.1256 253.5610 1.6801 0.7867 0.7003 1.5411 1.5578 15.9426 -0.1074 0.4628
Pedestrian -1 -1 -0.7463 812.5320 164.8814 870.3330 251.4823 1.7445 0.8738 0.7506 4.9723 1.4109 15.0219 -0.4372 0.4293
Pedestrian -1 -1 1.5386 599.8199 178.8392 625.1936 226.7181 1.6611 0.8656 0.6960 0.3607 1.5699 25.2779 1.5474 0.4207
Pedestrian -1 -1 2.9598 641.3391 173.7988 675.7754 239.7185 1.7003 0.8567 0.7583 1.4692 1.5028 18.9932 3.0306 0.3741
Pedestrian -1 -1 -0.4540 714.2797 141.3032 797.0740 293.4910 1.8162 0.8920 0.6939 1.8863 1.3379 9.0905 -0.2608 0.3647
Pedestrian -1 -1 2.5597 555.1483 178.1317 574.1230 208.1937 1.7165 0.8151 0.7748 -2.1303 1.5250 41.5718 2.5037 0.3395
Pedestrian -1 -1 1.0803 524.2519 183.7405 543.4847 212.5666 1.7436 0.8938 0.8200 -4.1477 1.8838 44.1282 0.9819 0.3088
Pedestrian -1 -1 3.1370 436.9100 172.5624 458.2952 226.0134 1.7499 0.8290 0.6870 -5.1669 1.4584 23.9939 2.9219 0.3024
Pedestrian -1 -1 2.3527 737.1746 149.6667 763.9386 198.9173 1.8876 0.7965 0.6481 5.7998 0.6686 28.0405 2.5499 0.2910
Pedestrian -1 -1 -0.7490 760.2569 155.4867 792.7873 211.5780 1.8016 0.8583 0.6163 5.7213 0.9672 23.5950 -0.5187 0.2715
Pedestrian -1 -1 1.9943 46.7936 173.6063 152.0060 347.1351 1.7285 0.6823 0.6889 -5.2994 1.6513 7.5522 1.3926 0.2714
Pedestrian -1 -1 2.3953 682.6646 171.0317 699.8705 203.9312 1.7343 0.6589 0.6304 4.7870 1.1833 38.3155 2.5137 0.2611
Pedestrian -1 -1 3.1263 0.0000 179.0498 22.2625 245.5142 1.7375 0.8302 0.6349 -16.0159 1.6746 19.2980 2.4350 0.2600
Pedestrian -1 -1 3.4131 275.9073 165.0065 305.5614 224.9626 1.8198 0.6571 0.6911 -9.6117 1.3203 22.1738 3.0032 0.2551
Cyclist -1 -1 1.3869 678.6331 190.9865 938.2154 374.0000 1.6119 1.9630 0.8481 1.6072 1.6996 6.0534 1.6295 0.5842
Cyclist -1 -1 3.2557 471.4518 176.7390 495.7086 230.5588 1.7280 1.7936 0.6080 -3.9430 1.5762 23.9725 3.0891 0.3204
Cyclist -1 -1 0.2796 406.0797 166.6894 441.4262 230.3802 1.8107 1.7953 0.5515 -5.2825 1.3908 21.3256 0.0344 0.3156
Cyclist -1 -1 0.1746 325.2770 178.4345 342.7602 211.9333 1.6109 1.6414 0.5368 -13.1759 1.4644 35.3963 -0.1844 0.2993
Cyclist -1 -1 -2.8461 519.9829 185.3038 538.7839 215.6851 1.8142 1.6951 0.6911 -4.4008 2.0528 44.0153 -2.9504 0.2919
Cyclist -1 -1 -0.2593 553.4137 180.9993 572.4017 210.9072 1.6954 1.7320 0.6680 -2.2424 1.6678 41.6452 -0.3179 0.2629
Cyclist -1 -1 -0.5484 690.4036 161.6903 747.4863 223.8569 1.7300 1.7554 0.8400 3.3742 1.1799 20.9598 -0.3959 0.2565
Cyclist -1 -1 -3.4520 862.0868 149.0435 935.2769 264.4655 1.8201 1.8342 0.5902 4.9843 1.3096 12.2587 -3.0787 0.2561
Car -1 -1 2.0027 0.0000 198.7414 388.2671 374.0000 1.5128 1.8635 3.7319 -3.3091 1.7095 6.2310 1.5251 0.7141
Car -1 -1 1.4320 557.2172 181.4734 620.3870 208.0383 1.5255 3.5072 1.7854 -0.7702 1.5248 42.4122 1.4088 0.3420
Car -1 -1 3.0386 644.3945 174.3489 710.2169 229.1185 1.5538 3.7308 1.6071 2.2377 1.3521 22.2488 3.1325 0.3163
Car -1 -1 2.6872 0.0000 190.9093 222.1929 312.9141 1.5022 3.6512 1.5804 -7.5517 1.6638 10.6604 2.0767 0.3107
Car -1 -1 -0.2386 653.1117 184.0732 761.0429 254.6248 1.4257 3.4855 1.6145 2.2628 1.4924 16.4666 -0.1096 0.3073
Car -1 -1 -0.2228 701.9601 200.1976 961.1902 374.0000 1.4316 3.6621 1.6143 2.0243 1.6766 7.5107 0.0257 0.2839
