Pedestrian -1 -1 -0.2759 683.0318 148.5607 706.7274 203.0693 1.9077 0.8249 0.6352 2.9746 1.0579 25.7086 -0.1624 0.1925
Cyclist -1 -1 3.5411 0.0000 177.1546 32.9304 225.0030 1.7534 1.9679 0.6006 -22.9898 1.9248 27.6521 2.8522 0.1814
Cyclist -1 -1 0.1059 355.9641 173.6937 364.7825 193.1695 1.8131 1.9449 0.5859 -23.6313 1.8940 68.2681 -0.2264 0.1711
Car -1 -1 1.5871 430.1258 180.4961 509.6116 247.4723 1.5624 1.8812 3.1923 -3.6945 1.7820 18.9604 1.3966 0.7424
Car -1 -1 3.5472 179.6348 178.8796 249.6906 212.6925 1.6495 4.1663 1.7320 -20.8181 1.9862 38.1168 3.0500 0.5770
Car -1 -1 -1.6634 579.8071 178.3349 626.2524 215.8951 1.5578 1.7410 3.6435 -0.4083 1.8186 32.3820 -1.6765 0.5343
Car -1 -1 2.4988 625.1553 184.3367 679.8011 209.4129 1.5332 3.7924 1.6893 2.7554 2.3306 48.0348 2.5551 0.2927
Car -1 -1 -0.4138 703.7355 187.3093 756.1423 214.7376 1.5074 3.7646 1.7649 7.1979 2.4272 43.8480 -0.2528 0.2492
Car -1 -1 1.8058 515.8893 177.1963 569.8959 199.7959 1.5857 3.5987 1.6518 -4.8535 1.9061 52.1074 1.7130 0.2224
Car -1 -1 3.0152 493.7735 186.2116 526.9619 210.6894 1.5061 3.6907 1.7577 -6.7770 2.4435 48.5993 2.8769 0.1734
