Pedestrian -1 -1 0.5039 1057.6841 208.0970 1098.9938 258.4385 1.6518 0.9243 0.8714 16.2583 2.9088 25.1210 1.0719 0.4299
Pedestrian -1 -1 1.4156 416.6474 182.5371 431.8241 211.7437 1.6470 0.7523 0.6516 -10.7032 2.2094 41.4300 1.1639 0.2969
Pedestrian -1 -1 1.9042 605.9692 172.7120 619.5627 196.5528 1.8719 0.8944 0.7084 0.1958 1.8611 57.1328 1.9072 0.2053
Pedestrian -1 -1 1.3997 461.6589 180.7725 472.2357 203.6000 1.6828 0.6691 0.6809 -10.7211 2.2799 53.9298 1.2040 0.2046
Cyclist -1 -1 -1.6547 596.7521 170.6085 620.1901 193.8776 1.8297 1.8090 0.6234 -0.1498 1.6535 57.1228 -1.6577 0.5222
Cyclist -1 -1 -0.7644 922.1103 180.2850 962.4540 220.2345 1.7967 1.8396 0.6049 15.4948 2.1549 33.7753 -0.3382 0.3172
Cyclist -1 -1 -2.2416 1048.7173 201.7021 1107.1139 256.0349 1.8289 1.6446 0.6822 16.2632 2.8523 25.1600 -1.6741 0.2304
Cyclist -1 -1 -0.7225 990.9526 193.6453 1033.2568 237.8313 1.7846 1.5930 0.6910 17.1010 2.6969 30.7939 -0.2205 0.2282
Car -1 -1 3.4461 320.7758 184.1905 368.9007 211.5720 1.5373 3.6955 1.7185 -16.1233 2.2578 43.9520 3.0961 0.4395
Car -1 -1 2.9373 741.8207 180.5826 768.3575 197.8209 1.5075 3.8341 1.6538 13.3671 2.2433 66.7422 3.1337 0.3301
Car -1 -1 -1.7435 579.7647 188.2509 625.4573 220.9343 1.5356 1.8025 3.4187 -0.4688 2.3753 37.4843 -1.7566 0.3280
Car -1 -1 -1.5813 534.4763 183.4852 562.6996 209.4316 1.5394 1.7287 3.4047 -3.9699 2.2443 46.0404 -1.6674 0.3116
Car -1 -1 -3.6881 1019.6530 189.1425 1133.7800 236.0753 1.5191 3.9642 1.7105 17.0920 2.1680 26.7326 -3.1249 0.2873
Car -1 -1 -3.1464 681.2903 188.6104 710.2134 209.6313 1.5006 2.7710 2.1442 6.5270 2.7400 55.2436 -3.0301 0.2281
Car -1 -1 2.1592 1019.0555 190.6826 1122.3214 225.3543 1.4824 3.9411 1.7351 22.3440 2.4062 35.2146 2.7201 0.2166
Car -1 -1 -0.5974 936.8313 181.3651 1028.2258 219.1757 1.5406 3.9807 1.6795 16.5788 1.9479 32.4146 -0.1289 0.1942
