Pedestrian -1 -1 1.2583 807.3638 135.3911 934.2472 322.0084 1.8593 1.1122 0.5445 2.7161 1.4013 7.4378 1.5914 0.5816
Pedestrian -1 -1 1.1057 902.6921 142.5279 1055.8777 350.5952 1.8559 1.1262 0.5746 3.4449 1.5096 6.6985 1.5592 0.4271
Pedestrian -1 -1 3.1197 175.2811 169.4736 191.3136 211.0360 1.8189 0.7307 0.5978 -18.5867 1.2936 31.9024 2.5907 0.3627
Pedestrian -1 -1 2.8383 376.5487 182.5648 400.3951 225.1874 1.6982 0.6794 0.7574 -8.6569 1.7431 29.1352 2.5467 0.3507
Pedestrian -1 -1 2.5518 667.2916 175.8577 689.4357 218.3777 1.7658 0.5350 0.7571 3.2224 1.5324 30.2425 2.6518 0.2982
Pedestrian -1 -1 2.3702 764.9581 168.3507 777.4754 193.0338 1.7976 0.6399 0.6250 12.4839 0.8406 52.7480 2.5965 0.2960
Cyclist -1 -1 -0.2890 632.0171 166.1925 650.7339 195.3623 1.8065 1.9293 0.6495 2.5252 0.8592 45.4985 -0.2388 0.3364
Cyclist -1 -1 0.3201 113.5039 179.8787 145.0775 220.0650 1.7204 1.9084 0.6007 -20.8614 1.6520 31.7494 -0.2626 0.3338
Car -1 -1 3.1034 531.9655 174.7596 567.5876 206.7806 1.5975 3.9260 1.6971 -2.7750 1.2621 37.8822 3.0257 0.5993
Car -1 -1 -2.7407 316.4263 179.5608 380.7228 210.0237 1.5522 2.9870 2.2409 -13.3737 1.4543 38.1589 -3.0808 0.4244
Car -1 -1 -0.1076 586.1088 171.1440 618.7495 197.0769 1.5663 3.5869 1.6569 0.0304 0.9416 45.2590 -0.1119 0.4126
Car -1 -1 1.9050 393.6066 175.6565 445.3281 195.4537 1.6416 3.8898 1.6956 -15.2911 1.1576 60.5700 1.6537 0.3975
Car -1 -1 -0.3074 554.7376 173.3296 587.8411 192.8542 1.5486 3.6655 1.6659 -2.4821 0.9011 58.9789 -0.3542 0.3882
Car -1 -1 -1.5049 5.9279 174.7347 117.4663 212.5846 1.6064 3.9026 1.7861 -24.1414 1.3202 32.2974 -2.1479 0.2898
