Car -1 -1 -1.8390 748.5572 182.4574 985.1365 340.5085 1.5606 1.7242 4.1238 2.9724 1.7147 9.4588 -1.5448 0.8385
Car -1 -1 -2.1711 871.1742 186.0841 1242.0000 375.0000 1.5221 1.5937 3.7879 3.1325 1.6416 4.5760 -1.6016 0.7884
Car -1 -1 1.0532 229.2239 163.1114 500.8075 304.7619 1.7094 2.9541 2.4823 -3.6138 1.5921 10.6326 0.7323 0.6438
Car -1 -1 2.0758 0.0000 210.1583 304.3006 375.0000 1.4360 1.6385 3.4318 -3.5730 1.7857 4.9689 1.4768 0.6332
Car -1 -1 -1.6641 740.6474 180.4517 836.0981 262.4350 1.5162 1.6119 3.7272 3.6919 1.7021 15.6578 -1.4377 0.6118
Car -1 -1 -1.5926 484.1779 177.8262 519.3737 206.8622 1.5302 1.8731 3.4103 -6.1457 1.8223 40.4921 -1.7427 0.6114
Car -1 -1 3.2650 427.5541 174.6720 466.7711 205.3747 1.6364 3.9059 1.6881 -9.1702 1.7445 40.7196 3.0445 0.5401
Car -1 -1 -3.0018 760.1935 169.6662 839.5840 229.7599 1.5918 3.9449 1.7413 5.6320 1.5077 21.2651 -2.7470 0.4619
Car -1 -1 0.8015 808.6354 173.9906 921.0046 221.3568 1.5174 3.3609 1.7506 8.6683 1.5590 24.6874 1.1349 0.4453
Car -1 -1 -1.7292 723.1818 174.1588 764.0810 202.4057 1.5412 1.7015 3.9188 7.6004 1.6202 41.5241 -1.5499 0.3887
Car -1 -1 -0.2646 549.9843 170.0395 589.3884 193.9928 1.5036 3.4103 1.7355 -2.7040 1.3273 47.1826 -0.3219 0.3426
