Pedestrian -1 -1 3.0951 501.8696 163.6239 526.4750 229.8092 1.8071 0.7079 0.6461 -2.7228 1.5554 20.1035 2.9615 0.3178
Pedestrian -1 -1 3.2251 267.2454 152.7621 326.1430 299.3653 1.7684 0.8070 0.6180 -4.0223 1.5264 9.1808 2.8220 0.2511
Cyclist -1 -1 -3.1078 599.9382 176.7399 608.0493 199.0833 1.7195 1.8188 0.5794 -0.4926 2.0305 56.7617 -3.1169 0.3283
Car -1 -1 -1.8015 750.9816 170.8521 947.4438 308.2490 1.6077 1.7055 4.0187 3.1463 1.5846 10.4907 -1.5189 0.7656
Car -1 -1 -3.0131 456.4358 175.0712 575.2859 273.5363 1.5569 4.1097 1.6672 -1.6525 1.6053 13.5607 -3.1330 0.6928
Car -1 -1 -3.0020 521.9830 179.1233 607.4882 246.2547 1.5183 3.9461 1.6729 -1.1110 1.6991 18.7297 -3.0613 0.6623
Car -1 -1 1.3822 705.8428 172.8162 760.9316 210.9850 1.5666 1.6961 3.6330 5.2692 1.5654 31.4489 1.5461 0.6310
Car -1 -1 -1.7528 733.9083 179.5432 846.3682 262.0314 1.5367 1.6395 3.8988 3.7268 1.7015 15.7456 -1.5255 0.6234
Car -1 -1 -0.0764 615.7319 174.0750 645.7550 199.4294 1.5275 3.6679 1.6082 1.2394 1.6080 45.5181 -0.0498 0.4928
Car -1 -1 -0.1940 698.5486 172.6035 739.1808 199.4701 1.5677 3.8228 1.7353 6.5611 1.5534 44.0502 -0.0475 0.3954
Car -1 -1 -1.3340 517.8304 171.4875 579.6130 196.8577 1.5990 3.6745 1.7278 -3.9650 1.5132 46.6052 -1.4188 0.2625
