Pedestrian -1 -1 1.3961 699.4420 172.1758 731.6754 229.7659 1.7057 0.8531 0.6730 3.1240 1.6859 21.7184 1.5363 0.2989
Pedestrian -1 -1 -0.2116 742.0209 149.3975 763.2516 201.0222 1.8936 0.8068 0.6169 5.2636 1.0336 26.8729 -0.0206 0.2903
Pedestrian -1 -1 0.7354 1133.7303 108.0404 1242.0000 332.0033 1.8709 0.9982 0.5668 5.2645 1.3299 6.3881 1.4020 0.2665
Cyclist -1 -1 0.2759 0.0000 197.7331 35.2008 258.0888 1.7602 1.8544 0.4595 -18.7710 2.5778 22.7584 -0.4082 0.4799
Cyclist -1 -1 2.2970 1192.8929 156.5323 1242.0000 217.6460 1.7984 1.8543 0.6128 19.0249 1.3184 22.1911 2.9989 0.4422
Cyclist -1 -1 3.5760 61.7086 198.3459 96.7118 249.3059 1.6799 1.6668 0.3191 -18.7697 2.6105 25.4799 2.9459 0.4095
Cyclist -1 -1 3.3448 289.0981 184.2842 305.9241 217.5084 1.7417 1.9140 0.4666 -17.1252 2.3831 39.4834 2.9377 0.3171
Cyclist -1 -1 -1.8394 448.7545 178.3875 470.8969 199.1400 1.8272 1.8360 0.6451 -13.4659 2.3285 64.6085 -2.0444 0.2748
Car -1 -1 1.4145 689.8397 179.5350 763.6891 229.0731 1.4858 1.8652 3.4665 3.7251 1.7230 23.8431 1.5669 0.6721
Car -1 -1 -1.5485 597.2740 179.5347 654.1340 234.7580 1.5114 1.5948 3.7064 0.4702 1.7338 22.0868 -1.5284 0.6578
Car -1 -1 -0.5370 1008.7074 170.4579 1104.7814 209.1745 1.5923 4.0774 1.7236 19.4632 1.4941 31.7178 0.0089 0.5171
Car -1 -1 2.4110 1079.2321 162.7116 1220.8430 211.9351 1.6419 4.1818 1.7558 19.3964 1.3039 26.2324 3.0420 0.5083
Car -1 -1 -1.3452 303.1869 187.2282 369.9017 212.3571 1.5842 3.8499 1.7313 -18.1255 2.5607 47.8785 -1.7056 0.3829
Car -1 -1 -0.2218 908.5314 171.8104 949.1595 197.6835 1.5581 3.5319 1.5813 19.9487 1.4956 45.3334 0.1900 0.3708
Car -1 -1 3.0389 446.5560 180.0595 468.4695 197.4714 1.5095 3.5698 1.6048 -14.0126 2.1895 66.1052 2.8305 0.3337
Car -1 -1 0.3247 462.6790 179.3182 491.5693 196.0133 1.5068 3.5284 1.6558 -12.5872 2.1369 68.4270 0.1432 0.2806
