Pedestrian -1 -1 2.8353 128.3855 166.9401 158.6286 225.5808 1.7791 0.6864 0.6097 -14.4922 1.6000 22.3417 2.2651 0.4741
Pedestrian -1 -1 0.3589 315.6128 153.8696 345.8341 215.5297 1.8446 0.8987 0.5812 -8.5663 1.2770 22.0337 -0.0081 0.4202
Pedestrian -1 -1 2.6554 942.3413 157.3185 968.1130 206.1886 1.8269 0.6892 0.6293 13.0281 1.2465 27.3289 3.0958 0.3601
Pedestrian -1 -1 -0.2576 752.6391 159.5040 773.8914 205.9560 1.8584 0.8314 0.6508 6.1756 1.3247 29.2957 -0.0523 0.3285
Pedestrian -1 -1 -1.9441 16.8349 175.8189 33.8818 206.1204 1.6821 0.5225 0.7097 -32.8796 1.8507 40.5332 -2.6226 0.3037
Pedestrian -1 -1 0.1271 38.7193 131.1164 94.8418 254.1305 1.8720 0.7769 0.6134 -8.6683 1.2372 11.4661 -0.5092 0.2735
Pedestrian -1 -1 2.9921 125.4934 165.1595 144.9727 211.9152 1.8146 0.6522 0.5518 -18.7503 1.5163 28.4276 2.4131 0.2536
Pedestrian -1 -1 2.7387 457.2400 169.7312 471.6945 199.2739 1.8326 0.8054 0.6228 -9.1639 1.6392 45.2634 2.5397 0.2528
Pedestrian -1 -1 -2.8094 777.4614 172.4286 787.8888 194.7025 1.7425 0.7565 0.5866 13.5983 1.7095 56.9186 -2.5765 0.2504
Pedestrian -1 -1 -1.5308 837.6714 163.4705 849.1597 192.3307 1.8338 0.6772 0.6558 14.9382 1.2379 46.2672 -1.2206 0.2258
Pedestrian -1 -1 3.4404 303.8107 171.9328 326.7202 218.2475 1.7934 0.7442 0.6418 -11.6121 1.7581 28.3361 3.0544 0.2090
Cyclist -1 -1 0.3659 55.1485 177.1981 133.8732 271.9728 1.7709 1.9764 0.6182 -10.4330 1.8655 14.6081 -0.2459 0.3919
Cyclist -1 -1 -0.5469 689.7058 176.7801 706.8561 196.6421 1.7342 1.8641 0.6398 7.8464 2.0901 64.3645 -0.4266 0.3348
Cyclist -1 -1 1.2130 855.5742 193.7920 986.0535 305.5720 1.6615 1.7517 0.6233 4.7372 1.9964 11.1887 1.6028 0.3344
Cyclist -1 -1 2.6571 772.6384 175.2873 790.8201 197.4065 1.7105 1.8030 0.6246 13.5210 1.9061 56.9544 2.8886 0.2760
Cyclist -1 -1 -0.3265 680.2485 178.2445 696.8165 202.8090 1.7015 1.7586 0.6373 5.5474 2.0921 51.3104 -0.2199 0.2456
Cyclist -1 -1 -0.3353 677.0167 188.7330 696.2947 220.3167 1.7559 1.5295 0.6376 4.3926 2.6931 41.7508 -0.2320 0.2326
Cyclist -1 -1 -3.3151 908.4366 158.2249 953.5070 229.3799 1.7463 1.7400 0.7585 8.2152 1.3876 18.6395 -2.9063 0.2310
Cyclist -1 -1 0.9063 1012.3092 156.9370 1163.6512 263.1288 1.7017 2.0277 0.8536 7.9186 1.4470 12.0818 1.4748 0.2280
Cyclist -1 -1 0.2624 10.7085 179.7512 34.5335 211.1745 1.7035 1.7108 0.6088 -32.9233 2.0989 40.4155 -0.4181 0.2255
Cyclist -1 -1 2.7835 839.6558 184.7644 869.7261 229.3315 1.7208 1.7368 0.5712 9.8448 2.2177 29.2038 3.1048 0.2220
Cyclist -1 -1 -0.1442 697.4917 172.0243 706.7699 190.9290 1.7634 1.8022 0.6142 8.6855 1.6864 68.2070 -0.0185 0.2117
Cyclist -1 -1 0.3877 146.2381 167.8045 205.5251 244.8731 1.7992 1.8848 0.5769 -10.7301 1.6817 17.8167 -0.1481 0.2100
Car -1 -1 1.3253 659.0659 176.9993 704.7003 195.4478 1.6050 3.7489 1.7051 6.3768 1.9817 64.3911 1.4232 0.4858
Car -1 -1 1.8413 546.0767 182.6876 584.5441 205.6422 1.5645 1.8925 3.7192 -3.2619 2.3135 52.9157 1.7796 0.2959
Car -1 -1 -0.5313 949.1075 167.8606 1018.6104 197.8590 1.5820 3.9215 1.6501 20.6283 1.3191 40.0550 -0.0590 0.2956
