Cyclist -1 -1 2.4431 917.3249 163.1846 950.3367 198.2850 1.8541 1.8886 0.5376 17.4912 1.3437 39.0927 2.8607 0.4003
Car -1 -1 1.5030 585.8999 178.4753 653.8402 240.9694 1.5424 1.6106 3.7210 0.1417 1.7139 20.0551 1.5091 0.7312
Car -1 -1 3.4935 194.8163 181.4576 305.8017 244.1300 1.6302 3.8765 1.6796 -10.5274 1.9089 21.3318 3.0397 0.7054
Car -1 -1 1.8602 379.4083 183.2805 469.3538 235.0975 1.5816 2.0082 3.6378 -6.2706 1.9647 24.6281 1.6128 0.6480
Car -1 -1 -1.1237 31.4179 191.9844 207.2599 276.2133 1.4874 1.6816 3.6450 -10.3787 1.9504 15.5293 -1.7052 0.6464
Car -1 -1 3.3067 347.9475 182.3449 405.4606 221.9085 1.5640 3.5668 1.8066 -10.0941 2.0013 31.3239 2.9970 0.5889
Car -1 -1 2.1368 0.0000 193.1182 171.0727 375.0000 1.5877 1.6950 3.7888 -6.5006 1.8577 7.6121 1.4470 0.5787
Car -1 -1 -1.2579 761.5142 176.1387 888.8347 256.1727 1.4612 1.5575 3.6069 4.5930 1.5398 15.2575 -0.9716 0.5429
Car -1 -1 -1.4343 509.9210 181.0428 549.8213 209.1908 1.5429 1.8525 3.6798 -4.7033 2.0467 42.4955 -1.5443 0.5284
Car -1 -1 -0.8535 695.9611 178.3554 822.4277 234.5078 1.5306 1.5362 3.9499 4.5193 1.7112 21.8286 -0.6527 0.4841
Car -1 -1 2.9854 644.9479 175.8228 671.2244 194.9178 1.5517 3.7240 1.6556 4.0213 1.8116 61.1604 3.0503 0.3425
