Pedestrian -1 -1 -1.2819 0.0000 208.1917 28.1948 281.7328 1.7752 0.7602 0.7385 -15.4645 2.6995 18.3735 -1.9746 0.3140
Pedestrian -1 -1 2.8424 209.0865 182.6806 230.2909 216.4133 1.7636 0.8663 0.7792 -20.9401 2.2981 38.6399 2.3484 0.1475
Pedestrian -1 -1 -2.3538 763.4316 172.4105 776.0557 194.2542 1.7953 0.8542 0.5897 13.2113 1.7592 59.7770 -2.1377 0.1445
Cyclist -1 -1 3.4064 208.0415 184.6600 230.6077 218.5659 1.7430 1.7962 0.6131 -20.9728 2.3920 38.6922 2.9123 0.2434
Cyclist -1 -1 3.5008 289.7657 180.7011 308.2060 206.2432 1.7162 1.9512 0.5214 -21.6004 2.2718 50.0704 3.0952 0.1615
Cyclist -1 -1 -0.5107 757.5872 172.0127 774.8107 193.2942 1.7402 1.7579 0.6141 12.9419 1.6718 59.9290 -0.2994 0.1466
Cyclist -1 -1 0.5305 0.0000 205.8293 39.0447 280.1229 1.7486 1.4295 0.7084 -15.4633 2.6257 18.4186 -0.1609 0.1432
Car -1 -1 3.3402 340.0322 185.4510 387.2339 216.3081 1.4483 3.6150 1.6231 -12.7148 2.1332 37.3084 3.0135 0.7067
Car -1 -1 -2.1995 586.2997 177.8587 641.1820 204.0545 1.5318 2.1855 2.7618 0.1805 1.8538 44.6195 -2.1960 0.5843
Car -1 -1 2.7290 746.7039 174.9460 784.2466 193.7154 1.5379 3.9818 1.6733 13.2290 1.7233 61.7092 2.9388 0.2364
Car -1 -1 -1.2274 0.0000 190.1658 15.6829 269.5189 1.5323 1.6436 3.9019 -15.7746 1.9907 16.9706 -1.9685 0.1983
Car -1 -1 -0.2442 765.2925 182.6022 840.7487 230.2474 1.4717 3.7033 1.6388 6.5211 1.8337 24.9042 0.0083 0.1910
Car -1 -1 3.4079 184.5063 184.7128 236.6173 213.8118 1.4619 3.5497 1.6259 -21.9590 2.1467 39.7243 2.9055 0.1741
