Pedestrian -1 -1 1.9993 386.1617 194.1866 419.0638 241.7305 1.7926 0.9903 0.7952 -8.1092 2.6372 28.0873 1.7201 0.4335
Cyclist -1 -1 -0.5066 806.9091 170.0878 846.7068 217.1616 1.7145 1.8289 0.6211 8.1193 1.6142 27.2377 -0.2205 0.2305
Car -1 -1 1.5598 509.4933 179.4349 543.1927 211.0685 1.5238 1.6557 3.7608 -4.4122 1.8846 37.5448 1.4431 0.6109
Car -1 -1 1.3920 721.7260 173.1257 828.9031 214.5256 1.5394 3.7739 1.6689 6.2477 1.5506 27.7479 1.6106 0.5312
Car -1 -1 -0.3768 648.1136 172.3605 687.4405 194.1902 1.6124 3.7320 1.7483 4.3633 1.5763 55.3325 -0.2989 0.5158
Car -1 -1 -0.3801 567.7029 175.5721 604.4073 195.4103 1.5762 3.8131 1.7561 -2.0498 1.8105 59.9991 -0.4145 0.4445
Car -1 -1 -1.4936 985.1929 167.5396 1057.0344 197.1728 1.5245 3.2247 1.9696 22.0879 1.2515 38.8337 -0.9799 0.3027
Car -1 -1 -1.6401 619.4760 175.7486 641.6118 193.0012 1.5465 1.8217 3.3193 1.8622 1.8222 66.9395 -1.6128 0.2816
Car -1 -1 -2.1555 974.9302 157.6190 1052.1370 188.3206 1.7103 3.4176 1.8156 22.9863 0.8620 41.2335 -1.6501 0.2726
Car -1 -1 -0.0084 1108.6511 171.1650 1242.0000 219.0168 1.4869 1.6264 3.8267 19.0693 1.4348 24.2253 0.6522 0.2667
Car -1 -1 0.0881 1101.3562 164.8231 1192.6901 204.9544 1.6096 2.3085 2.9455 22.8606 1.2879 30.7768 0.7222 0.2577
Car -1 -1 -2.7422 972.7158 170.2471 1081.5072 206.5182 1.5613 1.6818 3.9862 19.0446 1.4494 33.1494 -2.2249 0.2479
