Car -1 -1 -1.7290 690.0565 180.7907 783.1520 248.9819 1.5205 1.6963 4.0374 3.0813 1.7475 18.5777 -1.5681 0.8097
Car -1 -1 -1.8105 750.9700 185.0008 971.4489 339.1644 1.4676 1.6116 3.9018 2.8349 1.6558 9.1682 -1.5209 0.7640
Car -1 -1 3.1977 547.7885 179.6280 586.1375 213.6893 1.4603 3.6111 1.5770 -1.9872 1.7918 33.4593 3.1383 0.7393
Car -1 -1 1.4204 655.9827 174.5766 701.6475 208.6001 1.6449 1.7672 3.8072 3.4363 1.7384 37.0312 1.5117 0.6659
Car -1 -1 0.4073 3.1253 175.6573 352.4458 302.5317 1.6295 1.7638 3.9456 -6.0217 1.6745 10.3999 -0.1069 0.5963
Car -1 -1 -2.9110 381.9200 179.8253 498.7207 230.0370 1.6489 1.6751 3.6150 -5.8023 1.8967 24.7676 -3.1394 0.5559
Car -1 -1 -2.7606 253.9537 183.1803 460.7159 258.8047 1.5381 1.5783 3.9745 -5.4875 1.7774 15.8054 -3.0902 0.5334
Car -1 -1 -2.8162 306.4021 179.4338 472.6704 244.8206 1.5750 1.5991 3.7431 -5.5910 1.7512 18.4139 -3.1076 0.5132
Car -1 -1 1.7185 483.0164 178.3575 550.3727 206.6357 1.5367 3.5373 1.6445 -5.2228 1.8518 40.3980 1.5903 0.4988
Car -1 -1 -2.5422 121.7950 177.2833 371.9682 271.7271 1.5801 1.5815 3.8937 -6.6227 1.6682 13.2284 -2.9988 0.4849
Car -1 -1 2.9749 418.9931 183.9461 495.1419 239.2566 1.4466 3.5333 1.6545 -4.6952 1.8089 21.5967 2.7627 0.3989
