Pedestrian -1 -1 2.9548 359.1154 143.9355 431.8530 302.4850 1.8270 0.9767 0.6911 -2.7164 1.4941 8.9041 2.6660 0.5474
Pedestrian -1 -1 1.7487 294.2107 143.2713 410.1009 344.3722 1.8481 0.9686 0.5734 -2.5247 1.5766 6.9874 1.4128 0.5430
Pedestrian -1 -1 -0.2961 603.9850 169.6962 625.7811 213.6846 1.7946 0.8493 0.6846 0.1564 1.6661 29.9387 -0.2916 0.5177
Pedestrian -1 -1 -1.0310 962.1313 167.4462 985.6419 202.6765 1.7861 0.8690 0.6515 18.6816 1.5123 37.1202 -0.5683 0.3099
Pedestrian -1 -1 1.5864 186.7545 167.3666 211.5345 211.6941 1.8759 0.9153 0.6180 -17.6984 1.6440 31.0218 1.0714 0.2601
Car -1 -1 -1.9985 864.3270 192.4330 1242.0000 375.0000 1.4842 1.5846 3.7037 3.5898 1.7124 6.4970 -1.5140 0.8370
Car -1 -1 -1.8179 719.2181 175.8272 849.9075 261.1565 1.5448 1.6627 4.1199 3.4646 1.6167 15.2884 -1.6001 0.7282
Car -1 -1 -1.6373 651.1896 176.7829 690.8995 210.2172 1.5574 1.7015 3.9617 2.9591 1.7650 36.0680 -1.5567 0.6331
Car -1 -1 -0.9072 843.3115 177.2766 918.8568 207.6517 1.5120 3.4105 1.7374 14.3307 1.7593 38.3766 -0.5528 0.5109
Car -1 -1 3.0522 626.6528 176.2679 655.9149 199.8381 1.5349 3.5226 1.6812 2.0732 1.7771 49.3047 3.0935 0.5055
Car -1 -1 -0.0091 220.3175 173.9850 247.3730 197.1351 1.5702 3.6867 1.6471 -26.7053 1.6539 51.1492 -0.4884 0.3158
Car -1 -1 2.1103 240.2693 177.1449 286.7932 194.3924 1.5594 3.4842 1.7389 -32.0615 1.9630 66.7745 1.6640 0.2955
Car -1 -1 -1.4409 7.3540 176.8677 104.3658 208.9508 1.6435 3.9739 1.7963 -30.0008 1.8716 39.1688 -2.0914 0.2882
Car -1 -1 2.1038 243.4579 180.3581 295.4644 198.4855 1.5345 3.7311 1.7598 -29.7292 2.2010 62.9962 1.6642 0.2528
