Pedestrian -1 -1 1.7277 214.2140 159.7111 321.1369 316.1924 1.7903 1.0785 0.5949 -4.0823 1.5542 8.5167 1.2968 0.7955
Pedestrian -1 -1 2.9348 10.1192 172.7665 71.4916 263.0905 1.7508 0.9055 0.8098 -11.4574 1.6026 14.3019 2.2720 0.3573
Pedestrian -1 -1 1.0463 51.6921 192.4760 103.1695 255.9013 1.7564 0.9333 0.7659 -15.2310 2.1130 20.3755 0.4133 0.3519
Pedestrian -1 -1 2.3643 831.9209 174.2764 877.8279 243.7405 1.7034 0.7523 0.7922 6.2648 1.5524 17.8430 2.6980 0.3435
Pedestrian -1 -1 -1.7141 1123.1033 189.9785 1224.0000 370.0000 1.6768 0.6849 0.7117 4.3467 1.7567 5.3515 -1.0591 0.3271
Pedestrian -1 -1 2.6418 640.2143 161.1744 698.4962 261.4946 1.7662 0.8630 0.7412 1.1288 1.4276 12.9871 2.7282 0.2850
Pedestrian -1 -1 2.9900 264.7050 165.4751 308.4667 257.0747 1.7096 0.7894 0.6668 -6.2208 1.4308 13.7032 2.5744 0.2692
Pedestrian -1 -1 0.7090 1043.0400 194.4087 1118.4187 286.3534 1.6773 0.8862 0.8232 9.0754 1.9561 13.5684 1.2890 0.2472
Pedestrian -1 -1 1.0038 967.2431 190.6188 1133.6254 370.0000 1.6503 0.7988 0.7120 3.2686 1.7337 5.3317 1.5294 0.2415
Pedestrian -1 -1 2.8700 516.8363 163.4930 566.6612 262.0877 1.7365 0.8783 0.7008 -1.2155 1.4386 12.9825 2.7807 0.2407
Pedestrian -1 -1 1.3024 994.6226 167.4349 1067.1071 272.7221 1.7300 0.9135 0.6446 7.1889 1.5170 12.0415 1.8306 0.2156
Pedestrian -1 -1 -0.6792 729.9946 150.6391 785.6017 245.2016 1.8360 0.8727 0.7034 3.0344 1.2579 14.2718 -0.4724 0.1634
Pedestrian -1 -1 0.9778 811.7825 167.3362 870.0456 256.8524 1.7187 0.9178 0.5941 4.6181 1.4676 13.9823 1.2917 0.1561
Pedestrian -1 -1 1.5206 463.2416 173.2876 510.7142 257.1700 1.7250 0.9602 0.6345 -2.5439 1.5783 14.9472 1.3572 0.1512
Cyclist -1 -1 -2.0342 1021.5350 191.4653 1136.0685 285.2936 1.7341 1.7078 0.6805 9.0381 1.9534 13.5989 -1.4570 0.2445
Cyclist -1 -1 -0.0607 520.1722 161.9897 560.0537 266.4182 1.7773 1.8554 0.6143 -1.2609 1.4639 12.9924 -0.1534 0.2437
Cyclist -1 -1 1.7105 626.6969 162.4924 735.1950 259.5808 1.7137 1.9119 0.7338 1.3697 1.3975 13.0619 1.8143 0.2249
Cyclist -1 -1 -0.7788 0.0000 171.3723 95.8815 261.6774 1.7741 1.8125 0.6374 -11.4389 1.5964 14.3197 -1.4403 0.2127
Cyclist -1 -1 -1.5853 556.3718 147.9243 631.9742 221.2197 1.8097 1.8697 0.6237 -0.3133 1.0070 17.7919 -1.6006 0.2006
Cyclist -1 -1 1.8624 308.7907 181.6840 452.4698 290.7569 1.6837 2.0408 0.8472 -3.6050 1.7051 11.3489 1.5643 0.1943
Cyclist -1 -1 -0.3859 838.2279 175.8181 913.8291 289.9010 1.6808 1.8296 0.4523 4.2524 1.6135 11.3342 -0.0345 0.1872
Cyclist -1 -1 1.4145 682.5107 162.0795 759.2374 231.7659 1.7458 1.8534 0.6280 2.9004 1.2859 18.0239 1.5731 0.1822
Cyclist -1 -1 0.8329 1070.5677 190.4250 1224.0000 370.0000 1.6498 1.6967 0.6274 5.1561 1.7458 6.3359 1.4932 0.1708
Cyclist -1 -1 1.4587 592.2004 171.5488 683.1697 258.2098 1.7625 1.8313 0.7125 0.6241 1.5820 14.7933 1.5015 0.1612
Cyclist -1 -1 0.0034 268.3961 161.1042 299.0560 250.0606 1.6289 1.6845 0.5155 -6.3105 1.2754 13.8168 -0.4144 0.1587
Cyclist -1 -1 2.6010 824.5482 172.5533 882.5922 242.5415 1.6813 1.6652 0.6024 6.2116 1.4920 17.8575 2.9318 0.1585
Car -1 -1 0.1390 39.5006 188.1950 114.2099 234.1745 1.5175 3.6896 1.6813 -19.3675 1.8244 26.0305 -0.4932 0.2366
Car -1 -1 2.4925 555.6595 172.5750 605.2404 194.7096 1.5557 3.7750 1.6833 -1.8208 1.0000 51.6843 2.4592 0.1554
