Pedestrian -1 -1 1.1822 855.3596 149.2047 968.7985 316.9240 1.7743 0.9673 0.6554 3.3144 1.4449 7.8029 1.5712 0.6638
Pedestrian -1 -1 1.3015 53.5300 192.7174 102.3996 254.8042 1.7160 0.9627 0.7776 -15.2382 2.0808 20.3988 0.6688 0.4361
Pedestrian -1 -1 2.9570 12.0504 173.0114 71.0042 263.3704 1.7536 0.8990 0.7897 -11.4504 1.6099 14.3104 2.2947 0.3686
Pedestrian -1 -1 -1.7010 1122.3081 192.7271 1224.0000 370.0000 1.6835 0.7003 0.7367 4.3506 1.7865 5.3575 -1.0460 0.3592
Pedestrian -1 -1 2.5741 833.5323 170.9856 876.7745 239.8730 1.6889 0.8050 0.7013 6.2533 1.4572 17.8021 2.9080 0.3076
Pedestrian -1 -1 2.9064 517.7665 164.2681 566.2929 262.6737 1.7356 0.8856 0.7008 -1.2121 1.4510 12.9970 2.8174 0.2639
Pedestrian -1 -1 2.9649 252.7706 166.7450 306.5043 260.9696 1.7426 0.8791 0.8068 -6.3370 1.4899 13.6621 2.5412 0.2603
Pedestrian -1 -1 2.6759 642.1445 161.3489 697.0576 260.2565 1.7482 0.8479 0.6980 1.1358 1.4114 13.0153 2.7626 0.2511
Pedestrian -1 -1 1.2381 973.2269 190.5772 1127.6481 370.0000 1.6504 0.7780 0.7257 3.2707 1.7345 5.3462 1.7628 0.2400
Pedestrian -1 -1 -0.8556 990.6900 163.6557 1068.0553 272.9476 1.7787 0.9007 0.6837 7.1667 1.5062 12.0389 -0.3286 0.2334
Pedestrian -1 -1 0.9658 812.1045 167.8138 871.5599 257.4523 1.7202 0.9389 0.6038 4.6381 1.4784 13.9874 1.2808 0.1706
Pedestrian -1 -1 1.6980 461.4280 173.5997 511.9984 257.0648 1.7284 0.9833 0.6329 -2.5344 1.5871 14.9703 1.5354 0.1695
Pedestrian -1 -1 2.1295 1151.4690 139.4426 1224.0000 247.9913 1.7978 0.8876 0.6491 10.1068 1.1195 12.2310 2.8090 0.1608
Cyclist -1 -1 -0.0025 259.7145 164.3059 301.6001 261.6344 1.7658 1.8158 0.6988 -6.3633 1.4736 13.7938 -0.4242 0.2389
Cyclist -1 -1 1.5124 683.3998 162.2821 759.6914 232.7902 1.7569 1.8823 0.6358 2.9126 1.3045 18.0240 1.6716 0.2099
Cyclist -1 -1 -0.4677 642.6178 163.2277 717.6760 264.0543 1.7523 1.8732 0.6106 1.3268 1.4538 13.2667 -0.3686 0.2032
Cyclist -1 -1 -0.0738 520.7416 162.1347 561.3584 266.1729 1.7791 1.8005 0.6101 -1.2460 1.4667 13.0237 -0.1652 0.1993
Cyclist -1 -1 -0.8612 0.0000 171.8661 98.2346 262.2173 1.7887 1.8189 0.6103 -11.4340 1.6194 14.3416 -1.5218 0.1956
Cyclist -1 -1 -3.4667 841.4310 177.5818 908.9764 290.5384 1.6666 1.7733 0.4432 4.2392 1.6252 11.3191 -3.1160 0.1934
Cyclist -1 -1 -1.5617 556.0108 149.5464 631.5862 222.5310 1.8041 1.8687 0.6321 -0.3164 1.0406 17.7949 -1.5771 0.1813
Cyclist -1 -1 2.0337 273.9629 176.3142 413.7452 289.1279 1.7015 1.9589 0.7027 -4.1330 1.6400 11.1231 1.6888 0.1744
Cyclist -1 -1 -1.0283 1122.1012 143.9003 1224.0000 253.7004 1.7614 1.8085 0.5770 10.0761 1.1759 12.2858 -0.3524 0.1688
Cyclist -1 -1 0.3159 89.6753 168.2453 164.0237 269.1328 1.7903 1.8751 0.6079 -9.1420 1.5745 13.5267 -0.2659 0.1596
Cyclist -1 -1 0.7995 1069.1484 185.4284 1224.0000 370.0000 1.6254 1.7005 0.6052 5.1253 1.6741 6.3386 1.4568 0.1566
Car -1 -1 0.0620 46.0091 187.8864 111.2229 233.7334 1.5223 3.6699 1.6805 -19.3789 1.8175 26.1134 -0.5690 0.2562
Car -1 -1 -2.1784 1168.6266 180.6079 1224.0000 370.0000 1.5522 1.6817 3.9891 6.2819 1.5550 5.3494 -1.3405 0.2036
