Cyclist -1 -1 3.5780 0.0000 204.1290 49.8613 296.6670 1.6086 1.5751 0.3865 -11.4693 2.2466 13.8986 2.8974 0.4848
Car -1 -1 1.8823 16.8950 207.6897 252.3180 352.9880 1.4431 1.6501 3.4550 -6.2972 2.0139 9.9375 1.3291 0.7357
Car -1 -1 -1.9024 680.0572 191.7265 896.6835 331.8274 1.4695 1.6289 4.0546 2.1947 1.7933 10.2498 -1.6988 0.7343
Car -1 -1 1.4324 565.7974 186.8059 629.7953 237.7711 1.5618 1.6897 4.0266 -0.5560 2.0943 25.3936 1.4099 0.7269
Car -1 -1 1.7230 384.7993 189.9850 427.9529 221.5042 1.5357 1.6945 3.8766 -11.0896 2.5192 39.3809 1.4498 0.6640
Car -1 -1 -2.9895 772.5771 176.2595 887.4958 225.1269 1.6065 1.6030 3.6815 7.7098 1.7341 25.4410 -2.6991 0.5825
Car -1 -1 1.5139 1085.9579 171.5094 1216.9299 263.5583 1.5396 1.7643 3.6105 10.3219 1.5174 14.0622 2.1366 0.5567
Car -1 -1 -1.0041 0.0000 204.1766 120.3519 375.0000 1.5061 1.6634 4.0216 -5.2312 1.8138 4.9336 -1.7918 0.5389
Car -1 -1 -2.6061 967.1868 188.2453 1242.0000 375.0000 1.5551 1.7108 4.0208 3.4076 1.6591 2.7189 -1.7611 0.4453
Car -1 -1 0.0334 239.1390 184.3389 279.1074 219.1291 1.4581 3.7599 1.5400 -16.3283 2.0258 33.6092 -0.4160 0.4448
Car -1 -1 -1.7747 607.7885 177.8062 665.6734 202.9400 1.7183 3.8100 1.7443 1.8381 2.0766 50.9710 -1.7394 0.4349
Car -1 -1 -1.7125 552.3023 182.1023 606.2277 222.5532 1.5592 1.7260 4.1943 -1.4345 1.9860 31.0471 -1.7589 0.3859
Car -1 -1 -0.2210 994.4564 168.0885 1074.5151 214.2460 1.5701 3.9837 1.6846 15.5421 1.4083 26.6926 0.3011 0.3835
Car -1 -1 -0.3811 318.7318 183.5541 362.6331 206.4528 1.5649 3.8343 1.7297 -19.9027 2.3836 53.1778 -0.7379 0.3677
Car -1 -1 -1.3706 699.1862 176.8348 786.5920 212.3281 1.4878 3.5388 1.7850 5.8752 1.6732 32.0587 -1.1915 0.3582
