Pedestrian -1 -1 0.5958 979.9959 131.2702 1074.3790 283.6557 1.8469 0.9923 0.6022 5.2842 1.3433 9.2352 1.1013 0.6047
Pedestrian -1 -1 3.2189 345.2665 175.2128 375.3265 242.1005 1.7593 0.7395 0.7102 -6.7721 1.8247 19.4541 2.8876 0.4397
Pedestrian -1 -1 -1.7244 276.1073 173.8430 295.8550 201.8972 1.8159 1.1005 0.6144 -21.2712 1.8818 47.2970 -2.1452 0.2409
Cyclist -1 -1 0.1622 182.0325 175.8698 198.8167 204.4236 1.8331 2.0117 0.6382 -27.6966 2.0368 47.5949 -0.3626 0.3595
Cyclist -1 -1 0.2711 277.3506 173.1810 295.4808 200.4627 1.7569 1.8285 0.6192 -21.2931 1.7791 47.4349 -0.1490 0.3035
Cyclist -1 -1 2.9697 506.9485 174.2943 519.2411 197.8193 1.7334 1.7257 0.6278 -7.3114 1.8437 54.1914 2.8359 0.2008
Cyclist -1 -1 -0.8678 1062.7041 189.7947 1119.1260 242.5044 1.7484 1.7699 0.4603 16.8779 2.3674 25.4323 -0.2880 0.1851
Cyclist -1 -1 -1.1039 461.9433 171.9209 498.8437 205.9359 1.7321 1.7626 0.6765 -6.7382 1.6849 37.3139 -1.2818 0.1763
Cyclist -1 -1 0.1088 373.2131 179.3131 386.6592 208.4123 1.7138 1.8065 0.5855 -14.0079 2.1152 43.8533 -0.1989 0.1725
Cyclist -1 -1 -1.5322 619.8647 171.4865 640.8278 193.1506 1.8094 1.7381 0.6589 1.6914 1.6956 60.6478 -1.5048 0.1708
Car -1 -1 -1.6047 566.6859 179.7941 623.1411 230.2608 1.4837 1.7035 3.8230 -0.6138 1.7309 23.7080 -1.6310 0.6803
Car -1 -1 -1.5150 508.6015 176.6464 551.2846 212.4905 1.5221 1.7352 3.5589 -3.6306 1.7047 32.8467 -1.6247 0.5973
Car -1 -1 2.9564 401.4505 177.8230 429.4990 196.5818 1.5360 3.6028 1.6962 -16.7959 1.9780 62.1252 2.6931 0.2811
Car -1 -1 -1.7616 906.5392 168.7742 1011.7510 207.0300 1.6350 3.9607 1.7094 15.4251 1.4610 32.1568 -1.3183 0.2078
Car -1 -1 -0.6327 601.3437 179.4027 654.6227 203.5147 1.5322 3.7865 1.7015 1.1519 1.9957 48.9931 -0.6099 0.1869
Car -1 -1 2.9669 541.3153 182.4510 580.6800 210.1543 1.5210 3.6563 1.7216 -2.9945 2.1192 42.9666 2.8972 0.1743
Car -1 -1 2.4998 754.0258 176.6663 802.1927 197.7355 1.5191 3.6938 1.6773 12.6928 1.8196 54.7825 2.7259 0.1643
