Pedestrian -1 -1 2.9322 71.9910 127.0356 122.6753 234.5659 1.8988 0.7454 0.6197 -9.4470 1.0901 13.2189 2.3211 0.3942
Car -1 -1 -1.7190 683.3740 180.7029 765.1255 241.2959 1.4985 1.6696 3.9458 3.0599 1.7415 20.3269 -1.5726 0.8026
Car -1 -1 -1.7681 726.9075 186.0251 898.2541 309.6705 1.4647 1.6424 4.0523 2.8036 1.7043 11.0434 -1.5271 0.7064
Car -1 -1 2.9034 647.5157 176.3957 696.8091 207.6463 1.5743 4.1606 1.7072 3.2610 1.7770 39.0290 2.9856 0.7042
Car -1 -1 3.1313 554.8388 176.5946 590.2160 209.8245 1.5284 3.6139 1.6483 -1.9016 1.7223 35.4590 3.0776 0.6687
Car -1 -1 0.3233 109.7733 166.3962 394.5088 277.8464 1.7346 1.5989 4.0343 -5.9308 1.6345 12.2610 -0.1192 0.6031
Car -1 -1 1.6004 409.0536 176.9211 497.1100 225.1148 1.6834 3.0660 1.9973 -5.7968 1.8412 26.6741 1.3879 0.5538
Car -1 -1 0.2855 294.1422 187.6879 473.2233 253.8775 1.4999 1.5577 3.8633 -5.4424 1.8767 17.5094 -0.0122 0.5060
Car -1 -1 0.2877 336.2584 179.5224 486.8620 238.6478 1.5619 1.6172 3.7399 -5.4972 1.7559 20.1023 0.0236 0.4427
Car -1 -1 0.3767 179.9815 182.1382 397.4982 261.4199 1.5357 1.4919 3.8457 -6.5954 1.7391 14.9699 -0.0323 0.4394
Car -1 -1 2.7182 503.1399 178.6781 550.9553 203.9255 1.5526 3.8880 1.6676 -5.5254 1.9528 47.4323 2.6025 0.3850
Car -1 -1 1.6309 490.0854 177.7860 549.8987 205.2085 1.5551 3.3775 1.6691 -5.2589 1.8503 42.1940 1.5072 0.3710
