Pedestrian -1 -1 -0.1382 638.6231 160.7522 700.2107 298.6989 1.7567 0.9489 0.6850 0.8473 1.4939 9.6390 -0.0587 0.8128
Pedestrian -1 -1 -0.1816 555.9497 164.6752 589.6553 235.0497 1.7895 0.9147 0.7215 -0.7900 1.3629 18.7910 -0.2283 0.6665
Pedestrian -1 -1 1.5545 454.3423 169.1123 495.1546 250.5151 1.7592 0.8738 0.6184 -2.8477 1.4927 15.9096 1.3747 0.6656
Pedestrian -1 -1 1.2050 1052.4718 133.4919 1200.9232 340.2666 1.8050 0.9478 0.6185 4.7928 1.3873 6.6783 1.8036 0.6600
Pedestrian -1 -1 1.4553 567.0281 156.4161 675.9016 333.2046 1.7876 1.0738 0.7752 0.1413 1.5354 7.7022 1.4669 0.6394
Pedestrian -1 -1 -0.3734 580.0152 168.5224 618.8391 245.4360 1.7294 0.8025 0.6467 -0.0888 1.4388 16.6421 -0.3840 0.5696
Pedestrian -1 -1 2.1331 1117.5732 135.2413 1238.0000 323.9978 1.8209 0.8780 0.7621 6.0318 1.3760 7.4705 2.7899 0.4299
Pedestrian -1 -1 -0.2817 617.7575 163.0448 654.6221 238.6626 1.8347 0.8936 0.6922 0.8256 1.3881 17.9429 -0.2417 0.4022
Pedestrian -1 -1 2.8843 664.6955 171.7494 691.1981 229.0843 1.6726 0.7049 0.6193 2.2402 1.3893 21.3504 2.9823 0.3683
Pedestrian -1 -1 -0.3761 577.5601 168.8649 596.8745 207.1617 1.8422 0.7587 0.7100 -0.7051 1.2353 35.0390 -0.4011 0.3435
Pedestrian -1 -1 -0.8394 960.7516 149.1082 1019.9871 242.1060 1.8194 0.7406 0.7534 7.8208 1.1869 14.5295 -0.3583 0.3287
Pedestrian -1 -1 -0.3933 626.7519 166.9211 651.4717 218.3803 1.8209 0.7061 0.6658 1.3307 1.3061 25.8609 -0.3476 0.3257
Pedestrian -1 -1 2.8950 184.4828 173.4709 226.4965 241.1044 1.6974 0.7828 0.7839 -10.2754 1.4971 18.5790 2.3905 0.3043
Pedestrian -1 -1 -0.0667 126.6917 143.0597 170.7322 258.2958 1.8600 0.8876 0.5716 -7.6874 1.2408 12.1188 -0.6275 0.2937
Pedestrian -1 -1 2.4911 590.4620 163.5737 628.3420 232.3665 1.7518 0.7309 0.6871 0.1738 1.2965 18.7881 2.4949 0.2885
Pedestrian -1 -1 2.0777 178.8406 177.5801 220.9221 238.8949 1.6863 0.8298 0.6213 -11.2393 1.5796 20.0650 1.5673 0.2795
Pedestrian -1 -1 2.0000 1169.8997 157.3816 1238.0000 300.3442 1.7397 0.7779 0.7404 7.9284 1.4476 9.2505 2.6893 0.2559
Pedestrian -1 -1 0.7080 990.2703 154.5042 1056.0474 256.8889 1.7116 0.7991 0.6128 7.2508 1.2616 12.4307 1.2217 0.2319
Cyclist -1 -1 -0.5409 922.0699 150.4585 994.2700 235.2072 1.7870 1.8309 0.5635 7.9070 1.1337 16.0818 -0.0956 0.2982
Cyclist -1 -1 2.0960 151.5341 175.6393 240.5307 243.8545 1.7529 1.9208 0.7417 -10.6433 1.6035 18.8385 1.5823 0.2708
Cyclist -1 -1 -0.2145 681.0583 169.9539 722.7027 242.7319 1.7114 1.8130 0.6321 2.4329 1.4411 17.8194 -0.0861 0.2691
Cyclist -1 -1 -0.2228 922.5187 160.2454 963.0109 228.9818 1.7137 1.7322 0.5665 8.8825 1.1850 18.8127 0.2078 0.2365
Cyclist -1 -1 2.6287 782.7912 172.2622 840.1068 239.7708 1.6535 1.7671 0.6132 5.3519 1.4284 18.5223 2.9009 0.2290
Car -1 -1 1.8229 220.1079 159.4966 479.1531 348.4696 1.7538 1.8950 4.1304 -2.7429 1.5510 8.7727 1.5222 0.5152
Car -1 -1 -0.2364 320.3724 159.0798 389.9362 203.9995 1.5934 3.8192 1.6560 -9.5160 0.7991 27.5319 -0.5711 0.2856
Car -1 -1 3.0430 407.5658 168.1465 480.1336 230.8088 1.7132 3.7656 1.7490 -4.8653 1.3493 21.6995 2.8198 0.2581
