Pedestrian -1 -1 3.0612 2.1919 179.9950 75.4979 326.2259 1.6941 0.8455 0.6546 -7.1389 1.7882 8.9412 2.4017 0.2775
Pedestrian -1 -1 2.7137 741.7523 158.9754 787.7864 241.9866 1.7940 0.9114 0.6838 3.3947 1.4944 16.1114 2.9168 0.2152
Cyclist -1 -1 -0.2659 754.2631 158.9413 803.9738 247.7841 1.8331 1.8290 0.5840 3.6254 1.5464 15.8113 -0.0454 0.3007
Car -1 -1 0.2829 307.8464 178.8502 474.5775 289.5487 1.6248 4.1227 1.7065 -3.7203 1.7494 12.8785 0.0062 0.7069
Car -1 -1 3.3532 81.4106 173.3335 371.3329 375.0000 1.6574 4.1040 1.7017 -3.6794 1.6643 7.6412 2.9171 0.6999
Car -1 -1 1.5923 657.5714 172.6131 692.9520 206.1965 1.5578 1.6392 3.4882 3.1858 1.5470 35.2908 1.6810 0.4776
Car -1 -1 -0.9371 0.0000 0.0000 1242.0000 375.0000 1.5392 1.6873 4.0581 -2.6673 1.6700 1.8780 -1.8284 0.3853
Car -1 -1 -1.3876 621.4630 171.0482 654.3164 194.0277 1.6185 1.7536 3.7525 2.0523 1.4917 52.8404 -1.3494 0.2429
Car -1 -1 2.7445 674.5774 175.3846 717.5228 198.6425 1.5276 3.4621 1.7250 5.8563 1.7090 49.7053 2.8607 0.2072
Car -1 -1 -1.0930 371.4645 167.4409 459.7491 204.5781 1.7452 3.7966 1.6993 -9.4809 1.4912 35.1415 -1.3550 0.2047
Car -1 -1 0.1157 607.2454 174.3683 634.3471 195.8152 1.6203 3.8845 1.7008 0.8594 1.7442 56.8318 0.1304 0.1956
