Pedestrian -1 -1 2.4336 841.3754 165.0228 854.9993 191.5979 1.8698 0.6649 0.6386 16.8700 1.3192 51.1933 2.7499 0.2256
Cyclist -1 -1 -0.2259 1010.8961 171.2518 1040.6992 218.6102 1.7439 1.7640 0.5923 15.7845 1.6852 27.4963 0.2901 0.3445
Cyclist -1 -1 -0.6382 946.8681 182.3686 973.2386 210.1059 1.7539 1.7307 0.6411 22.8335 2.3881 47.1559 -0.1903 0.2562
Cyclist -1 -1 0.2868 486.2927 173.2806 500.8285 197.8066 1.8035 1.8591 0.5735 -8.7403 1.8364 54.0472 0.1268 0.2205
Car -1 -1 -2.9680 601.0552 180.5043 648.5566 213.7354 1.4872 3.9547 1.6723 0.7459 1.8847 35.3566 -2.9477 0.6162
Car -1 -1 -2.9175 524.0721 179.9912 593.9009 226.5447 1.5202 4.1091 1.6715 -1.8171 1.8029 26.3809 -2.9863 0.5977
Car -1 -1 -2.6751 176.8868 181.3637 397.2093 294.9335 1.5958 4.2226 1.7379 -5.3930 1.7707 12.6275 -3.0718 0.5791
Car -1 -1 -1.6148 753.9083 180.2633 811.1818 231.4053 1.5301 1.6685 3.8657 5.6686 1.8003 24.2308 -1.3884 0.5224
Car -1 -1 -3.3768 862.8232 179.6036 901.9579 202.2100 1.4868 3.9555 1.6843 19.0758 1.9813 50.7520 -3.0197 0.3032
Car -1 -1 -0.9995 902.6536 180.9036 968.1258 205.0805 1.5009 3.6559 1.6643 21.6128 2.0601 48.0982 -0.5800 0.2936
Car -1 -1 -0.1411 658.1476 179.1477 687.6134 201.4460 1.5144 3.5948 1.6117 4.4575 1.9833 51.8783 -0.0564 0.2455
Car -1 -1 2.7655 851.8221 173.1527 894.7892 194.8733 1.6431 4.2549 1.7210 20.6378 1.6679 56.7914 3.1120 0.2223
