Pedestrian -1 -1 2.5323 981.6786 159.1937 1015.1351 210.4766 1.8463 0.8868 0.6953 14.1900 1.3548 26.4561 3.0196 0.3230
Pedestrian -1 -1 2.9765 336.8054 179.3290 352.2200 211.8213 1.7483 0.7694 0.6756 -14.5808 2.1079 39.5227 2.6249 0.2978
Pedestrian -1 -1 3.3322 236.6532 176.7845 258.2824 222.0153 1.8195 0.8649 0.6399 -14.9142 1.9839 29.6125 2.8689 0.2802
Cyclist -1 -1 3.5238 162.8874 191.7206 187.3519 232.1143 1.6794 1.6604 0.3192 -19.0912 2.5289 31.6292 2.9842 0.4418
Cyclist -1 -1 -0.6956 973.3002 163.3960 1025.2075 214.7077 1.8090 1.8837 0.5955 14.1792 1.4760 26.4189 -0.2081 0.3493
Cyclist -1 -1 3.4805 221.6788 190.9518 240.9719 225.9871 1.6682 1.6349 0.3264 -18.9452 2.5936 36.0451 2.9993 0.2733
Cyclist -1 -1 -3.5365 955.5773 159.0995 989.7463 205.4135 1.7745 1.6983 0.5892 14.2676 1.2478 28.5088 -3.0769 0.2729
Car -1 -1 -1.4750 577.5641 177.5371 640.1663 231.7008 1.5325 1.6158 3.7906 -0.0032 1.6931 22.7154 -1.4759 0.6667
Car -1 -1 2.8763 649.2366 176.8698 694.9764 204.9395 1.4992 3.5509 1.7057 3.4422 1.7382 40.9782 2.9590 0.5860
Car -1 -1 -0.5182 902.5041 166.9732 958.7503 193.4693 1.5216 3.4399 1.5699 19.1128 1.1843 43.2267 -0.1046 0.5518
Car -1 -1 -0.9038 2.7209 175.6658 126.6719 216.2861 1.6250 3.8199 1.7894 -22.5931 1.7457 29.9335 -1.5462 0.4189
Car -1 -1 0.6016 1171.1727 164.1506 1242.0000 210.5087 1.6566 3.4338 1.7461 23.2061 1.3459 27.0746 1.3046 0.3846
Car -1 -1 -0.2415 403.3443 180.0710 432.4728 198.2715 1.5792 3.9213 1.7013 -17.7287 2.2652 66.4184 -0.5017 0.3670
Car -1 -1 -1.1961 252.5130 173.2999 317.2225 198.2226 1.6522 3.5987 1.7600 -21.9907 1.6834 48.8286 -1.6175 0.3421
Car -1 -1 -0.4082 819.9108 169.6873 854.4995 188.0081 1.5520 3.4887 1.6179 19.7588 1.2841 62.9391 -0.1056 0.2977
Car -1 -1 3.4494 357.9094 182.7581 394.3080 204.4886 1.5492 3.5825 1.6220 -17.7680 2.3274 54.8687 3.1373 0.2969
Car -1 -1 2.7164 873.9879 170.4465 922.6158 194.3243 1.5516 3.7118 1.6566 19.4004 1.3956 48.7791 3.0926 0.2817
Car -1 -1 2.8201 356.5334 179.5533 388.5586 197.2228 1.5127 3.6137 1.6941 -21.5013 2.1367 65.2075 2.5025 0.2690
