Pedestrian -1 -1 -0.1081 487.6037 152.6335 541.2479 282.6190 1.7632 0.8168 0.6727 -1.3490 1.3869 10.0616 -0.2353 0.7968
Pedestrian -1 -1 1.5124 57.0719 189.6559 98.1344 251.0225 1.7049 0.9124 0.7590 -15.2511 1.9782 20.3956 0.8793 0.4156
Pedestrian -1 -1 2.4393 832.4525 172.7327 877.5225 241.9178 1.6989 0.7464 0.7724 6.2669 1.5097 17.8442 2.7731 0.3879
Pedestrian -1 -1 3.0480 15.3409 171.7050 70.7176 262.0973 1.7565 0.8644 0.8097 -11.4345 1.5873 14.3270 2.3869 0.3873
Pedestrian -1 -1 -0.1523 256.9917 165.7319 307.1208 260.5068 1.7560 0.8878 0.7617 -6.2969 1.4840 13.6750 -0.5733 0.3497
Pedestrian -1 -1 -1.6541 1125.2869 189.3574 1224.0000 370.0000 1.6739 0.6914 0.7079 4.3490 1.7489 5.3574 -0.9993 0.3334
Pedestrian -1 -1 2.6310 641.8546 162.1896 697.9080 261.5869 1.7573 0.8331 0.7094 1.1425 1.4352 13.0206 2.7181 0.3204
Pedestrian -1 -1 0.9536 966.8409 190.2344 1135.1128 370.0000 1.6545 0.8071 0.7089 3.2695 1.7350 5.3231 1.4799 0.2276
Pedestrian -1 -1 2.6917 818.8425 170.0246 869.2830 260.0750 1.7176 0.8748 0.6192 4.6639 1.5194 13.9556 3.0090 0.2233
Pedestrian -1 -1 2.3144 992.8975 167.0678 1069.0261 276.0346 1.7739 0.8777 0.6818 7.1853 1.5568 12.0247 2.8430 0.1988
Pedestrian -1 -1 1.3295 78.2005 201.3516 112.6819 260.4806 1.7655 0.7296 0.6870 -15.8601 2.4295 21.9595 0.7122 0.1979
Pedestrian -1 -1 2.8599 518.5595 162.8400 569.5129 261.1264 1.7280 0.8880 0.7118 -1.1725 1.4191 12.9680 2.7737 0.1793
Pedestrian -1 -1 1.3339 556.7751 158.1037 611.3819 248.5845 1.8273 1.0216 0.6026 -0.4825 1.3766 14.6999 1.3036 0.1595
Pedestrian -1 -1 -0.5970 667.2551 159.7851 720.4888 251.3864 1.8059 0.9006 0.6949 1.7717 1.3991 14.4935 -0.4763 0.1553
Cyclist -1 -1 -0.1014 521.6792 163.1920 563.7178 267.1712 1.7703 1.8326 0.5826 -1.2135 1.4772 12.9875 -0.1906 0.4072
Cyclist -1 -1 1.9269 309.3992 177.3721 445.5934 287.9412 1.6721 1.9092 0.7055 -3.5871 1.6265 11.0905 1.6240 0.2290
Cyclist -1 -1 -0.9706 1123.4409 143.9101 1224.0000 255.2690 1.7792 1.8866 0.5836 10.1159 1.1963 12.2792 -0.2925 0.2282
Cyclist -1 -1 1.7114 630.5414 163.0919 736.2271 260.7376 1.7267 1.8640 0.6989 1.4137 1.4205 13.0650 1.8183 0.2182
Cyclist -1 -1 1.4505 683.7119 159.5964 759.4998 229.9149 1.7566 1.8406 0.6263 2.9147 1.2360 18.0068 1.6100 0.1965
Cyclist -1 -1 -0.8562 0.0000 169.5339 97.2364 259.9745 1.7884 1.7858 0.6042 -11.4231 1.5731 14.3259 -1.5169 0.1815
Cyclist -1 -1 -1.6697 554.6166 146.4130 631.2232 219.9626 1.8109 1.8784 0.6209 -0.3527 0.9732 17.8212 -1.6871 0.1704
Cyclist -1 -1 -1.1516 281.4461 198.3113 357.7307 268.2763 1.7928 1.7363 0.7036 -7.5687 2.2753 18.6975 -1.5291 0.1591
Cyclist -1 -1 0.7491 1092.1353 189.7559 1224.0000 370.0000 1.6264 1.7258 0.6033 5.4540 1.7190 6.5111 1.4241 0.1575
Cyclist -1 -1 -0.3959 854.6670 169.4925 937.8430 292.3072 1.6547 1.8039 0.4467 4.1980 1.5081 10.4279 -0.0219 0.1560
Cyclist -1 -1 0.0580 258.8791 165.7057 302.6452 261.1760 1.7327 1.7314 0.6610 -6.3235 1.4658 13.7540 -0.3625 0.1483
Car -1 -1 -2.2755 1150.2876 183.6428 1224.0000 370.0000 1.5496 1.6778 3.9112 6.5324 1.5858 5.7154 -1.4492 0.2470
Car -1 -1 0.3392 24.7648 184.6034 122.4018 230.9081 1.5410 3.8120 1.6655 -19.3968 1.7052 25.9566 -0.2950 0.2210
Car -1 -1 -2.7634 410.0299 168.7768 537.5352 243.4763 1.5749 3.9319 1.6476 -3.0351 1.3294 16.9954 -2.9351 0.1652
