Car -1 -1 -2.0841 814.1129 183.2867 1143.9316 358.2945 1.5274 1.6314 3.8919 3.8971 1.6807 8.5528 -1.6706 0.8235
Car -1 -1 -1.7869 761.5829 181.6712 902.0858 278.6787 1.5047 1.6298 3.9814 3.9307 1.6961 13.5943 -1.5122 0.7912
Car -1 -1 1.7943 387.0025 186.9426 486.1933 256.2669 1.5320 1.6544 3.9034 -4.4073 1.9357 18.6944 1.5652 0.7474
Car -1 -1 -1.7389 722.3667 178.9774 813.5555 245.3271 1.5402 1.6677 4.0194 4.0182 1.7204 19.1597 -1.5361 0.7323
Car -1 -1 -1.6732 703.0934 179.5472 767.3008 230.2743 1.5194 1.6799 4.1389 4.0751 1.7647 24.2851 -1.5097 0.7080
Car -1 -1 1.7571 444.4454 185.0858 519.6697 234.7410 1.4914 1.8620 3.5844 -4.2726 1.9354 24.3624 1.5846 0.6542
Car -1 -1 3.2453 483.9138 181.5909 536.4181 222.5802 1.5190 4.0570 1.7239 -4.0721 1.9035 29.6669 3.1095 0.6303
Car -1 -1 -1.6679 693.1586 178.5235 743.4289 219.5872 1.5291 1.6347 3.8494 4.2978 1.7756 29.3665 -1.5246 0.5320
Car -1 -1 2.0590 314.3410 177.5161 418.6180 221.0503 1.6423 3.5534 1.6498 -9.6445 1.8344 28.5594 1.7358 0.4517
Car -1 -1 -2.5023 1059.3644 189.0065 1242.0000 375.0000 1.5398 1.7014 4.0720 3.6966 1.6437 2.5710 -1.5924 0.4359
Car -1 -1 1.5233 542.3721 180.1034 571.5369 205.3944 1.5014 1.6739 3.3933 -3.4196 1.9783 45.6419 1.4484 0.4244
