Pedestrian -1 -1 2.5961 705.0006 168.2215 726.9767 209.4423 1.7819 0.7855 0.6382 4.6090 1.5820 31.6738 2.7388 0.4985
Pedestrian -1 -1 2.6685 714.3682 160.9714 736.8445 206.7251 1.8025 0.7427 0.6157 4.5802 1.3348 28.8725 2.8238 0.3512
Pedestrian -1 -1 1.2780 782.4574 155.7069 905.4904 357.8549 1.7747 0.9245 0.6445 2.0761 1.6245 6.6560 1.5663 0.2827
Pedestrian -1 -1 -2.6949 359.5271 170.6375 398.9543 247.6109 1.7158 0.7164 0.6076 -5.3121 1.6668 16.4781 -3.0027 0.2609
Pedestrian -1 -1 1.5685 994.6971 156.5138 1087.5239 321.3080 1.6920 0.8410 0.6671 4.6446 1.5246 7.9025 2.0829 0.1568
Pedestrian -1 -1 -1.7174 820.9664 166.8891 869.3594 253.3046 1.7041 0.8375 0.6711 4.7027 1.5869 14.6233 -1.4130 0.1562
Pedestrian -1 -1 1.6403 878.3658 162.9907 941.1053 279.4926 1.7162 0.8568 0.6684 4.5696 1.5712 11.1132 2.0202 0.1520
Pedestrian -1 -1 0.3632 328.8858 178.2610 375.9181 266.5854 1.7291 0.7947 0.6544 -5.2433 1.8417 14.5768 0.0230 0.1519
Pedestrian -1 -1 3.2609 280.9398 167.5867 329.4607 273.4556 1.7456 0.8563 0.6680 -5.2735 1.6591 12.3973 2.8658 0.1406
Pedestrian -1 -1 1.7227 1126.6090 144.7081 1242.0000 375.0000 1.7360 0.8046 0.6826 4.7634 1.5250 5.9430 2.3737 0.1387
Cyclist -1 -1 3.6454 0.0000 142.1864 111.7035 356.7577 1.7506 1.8349 0.6101 -5.5915 1.5008 6.8388 2.9788 0.3216
Cyclist -1 -1 3.0134 526.9489 169.6511 538.3901 195.2076 1.8210 1.9254 0.5831 -5.6523 1.5931 52.4129 2.9062 0.2867
Cyclist -1 -1 -0.3300 702.1085 166.3366 727.9915 207.8471 1.7813 1.8139 0.5692 4.5901 1.5020 31.9045 -0.1889 0.2129
Cyclist -1 -1 -3.7061 1096.8190 135.5948 1242.0000 375.0000 1.7279 1.9092 0.5105 4.7558 1.4735 5.9039 -3.0527 0.1884
Cyclist -1 -1 -0.0115 791.2283 153.0648 883.0809 364.9728 1.6785 1.9436 0.7057 2.0223 1.5221 6.7429 0.2665 0.1839
Cyclist -1 -1 -0.4036 653.7402 174.1354 667.3942 192.9575 1.7156 1.7358 0.6277 4.6568 1.8363 66.8131 -0.3347 0.1813
Cyclist -1 -1 -0.3392 818.5715 158.1393 877.8928 253.3348 1.7788 1.8134 0.5311 4.6656 1.5042 14.3943 -0.0325 0.1782
Cyclist -1 -1 -0.7593 733.7214 158.0462 810.4009 237.8202 1.7269 1.7296 0.7131 3.6366 1.4067 16.5406 -0.5473 0.1620
Cyclist -1 -1 0.3150 345.8048 175.1760 398.8966 261.3248 1.7972 1.8720 0.5645 -5.2983 1.8522 16.0361 0.0001 0.1549
Cyclist -1 -1 -0.2765 547.9067 173.6611 559.2698 192.5489 1.7357 1.7875 0.5900 -5.2885 1.8125 67.3260 -0.3550 0.1513
Cyclist -1 -1 3.3837 275.3941 169.5892 338.3378 279.6872 1.7702 1.7688 0.5916 -5.2721 1.7181 12.5173 2.9920 0.1437
Car -1 -1 1.6107 496.5352 185.8793 552.4902 237.4509 1.5629 1.7591 3.9421 -2.9190 2.0500 24.9233 1.4946 0.7505
Car -1 -1 -2.9444 636.5745 175.6134 675.4497 202.3971 1.5384 3.7954 1.6539 2.8109 1.7145 43.9097 -2.8814 0.2423
Car -1 -1 -0.5357 576.2098 178.9163 626.3237 201.5707 1.5221 3.9590 1.8269 -0.6973 1.9759 51.7996 -0.5495 0.1721
Car -1 -1 2.9041 661.3815 175.2806 696.5571 197.7445 1.5495 3.7645 1.6844 4.9176 1.7321 52.1803 2.9971 0.1565
