Cyclist -1 -1 0.6227 35.9776 209.2999 89.9613 269.1001 1.7520 1.5545 0.5584 -17.3608 2.9475 22.8745 -0.0212 0.3783
Cyclist -1 -1 3.3850 299.4804 181.5144 316.1056 208.6718 1.6339 1.6523 0.5701 -18.7941 2.1825 44.8154 2.9897 0.3446
Cyclist -1 -1 -0.3554 752.7954 176.3901 767.0409 195.9498 1.7861 1.9039 0.6759 13.9432 2.1209 67.2369 -0.1522 0.1980
Cyclist -1 -1 3.4212 29.6708 181.0416 62.6526 224.5105 1.6799 1.8665 0.5534 -22.8526 2.0228 29.2161 2.7617 0.1941
Cyclist -1 -1 -1.0924 187.9911 182.1050 229.1403 215.2026 1.7854 1.8371 0.7394 -22.0218 2.2978 39.5353 -1.5980 0.1804
Cyclist -1 -1 2.7285 672.3109 174.6905 688.9200 197.0583 1.7290 1.7918 0.6342 5.5330 1.8766 56.8779 2.8246 0.1701
Car -1 -1 1.8898 210.4968 191.9267 296.7451 239.7931 1.5112 1.7320 3.6861 -12.9032 2.2574 26.2678 1.4368 0.5654
Car -1 -1 3.0417 598.9758 177.8314 632.9702 204.5092 1.4885 3.3767 1.6730 0.2817 1.7954 42.6721 3.0477 0.5170
Car -1 -1 -0.4993 666.0992 179.0525 711.4902 200.7929 1.4832 3.7714 1.6713 5.6565 1.9519 52.4593 -0.3929 0.2756
Car -1 -1 -0.3857 631.6105 184.9757 666.9185 203.7453 1.5291 3.5929 1.8769 3.3936 2.6279 63.3729 -0.3330 0.2372
Car -1 -1 -2.2623 927.5371 172.6221 1009.4076 203.1449 1.6594 3.9184 1.7318 20.0761 1.6471 40.5214 -1.8056 0.2165
Car -1 -1 3.4993 37.8543 203.0369 148.6015 256.4664 1.5065 4.0444 1.7934 -17.7783 2.6437 24.9918 2.8858 0.2066
Car -1 -1 2.9146 574.0034 185.0288 610.0259 207.5395 1.5318 3.8408 1.8429 -1.4002 2.4694 53.4489 2.8880 0.1994
Car -1 -1 0.1779 404.6647 178.5758 432.4806 197.7014 1.5883 3.9992 1.6730 -16.7524 2.1063 63.2110 -0.0805 0.1909
Car -1 -1 -2.2692 0.0000 194.9115 112.9467 233.9790 1.5115 3.9229 1.6947 -24.7983 2.5661 32.3842 -2.9189 0.1726
Car -1 -1 -0.2430 352.5880 183.2470 382.4372 201.0390 1.5616 3.8968 1.7779 -22.8712 2.5710 67.9257 -0.5669 0.1700
