Pedestrian -1 -1 3.1824 179.4632 177.2698 195.1050 212.0962 1.7289 0.6563 0.6532 -21.3425 1.9545 36.3708 2.6547 0.3045
Pedestrian -1 -1 -2.3284 454.4292 173.4876 466.5150 195.1197 1.8152 0.8074 0.6045 -12.6788 1.8696 61.0756 -2.5325 0.2328
Cyclist -1 -1 -0.1201 46.1381 180.2071 70.4327 221.4053 1.5314 1.5089 0.5721 -21.3256 1.8229 27.8235 -0.7695 0.2330
Cyclist -1 -1 -0.1189 118.7437 177.9656 142.8105 214.7895 1.6048 1.7049 0.7114 -21.6786 1.8421 32.5667 -0.7026 0.2309
Cyclist -1 -1 -0.1127 137.9200 178.7084 159.1176 213.9288 1.5965 1.7205 0.6524 -21.7100 1.8788 33.8695 -0.6793 0.2227
Cyclist -1 -1 3.2558 175.3218 177.0499 191.7855 210.8077 1.6514 1.6646 0.5255 -21.5293 1.8684 36.3774 2.7244 0.2000
Cyclist -1 -1 0.5549 58.3075 170.2370 97.0749 209.5738 1.7395 1.7849 0.5592 -24.2267 1.6241 32.8154 -0.0773 0.1923
Cyclist -1 -1 2.9411 639.3127 177.7961 655.9711 207.5141 1.5548 1.6635 0.5730 1.9844 1.8275 38.8992 2.9911 0.1803
Car -1 -1 -1.6094 571.5153 175.0549 613.1446 214.5047 1.5099 1.5573 3.7429 -0.8226 1.6069 29.7475 -1.6374 0.5195
Car -1 -1 3.5140 234.6183 176.4965 290.1630 204.5464 1.6414 4.1018 1.7318 -21.5721 1.8789 44.8760 3.0679 0.4041
Car -1 -1 1.9260 664.0256 179.4746 718.5093 200.3919 1.4723 3.6568 1.6491 5.9761 1.9763 53.3269 2.0365 0.2537
Car -1 -1 -0.1431 751.0961 178.0679 785.8033 202.8871 1.5013 3.8235 1.6388 10.1186 1.8514 46.4330 0.0697 0.2121
Car -1 -1 2.8778 723.4092 179.0401 760.0187 200.7492 1.5200 3.9485 1.6992 9.7317 1.9984 53.7195 3.0556 0.2077
Car -1 -1 -0.3634 438.9300 179.7196 472.2402 197.4384 1.5402 3.8143 1.7547 -14.2573 2.1923 66.4065 -0.5745 0.1879
Car -1 -1 -0.5603 907.9127 175.6889 1014.1911 219.5408 1.5432 4.2044 1.6842 13.3656 1.6616 27.8574 -0.1176 0.1754
Car -1 -1 2.4793 682.2778 178.6093 746.7028 206.6227 1.4970 3.8550 1.6317 5.9174 1.8449 41.4865 2.6194 0.1600
