Pedestrian -1 -1 -0.6572 632.4577 172.9933 647.6367 199.9607 1.7839 0.7844 0.6752 1.9777 1.7937 48.2488 -0.6170 0.2920
Pedestrian -1 -1 2.5361 746.0533 160.5009 761.1675 191.7188 1.9125 0.6772 0.6460 8.8512 1.1561 44.6414 2.7303 0.1854
Cyclist -1 -1 -0.4959 626.4072 172.4459 647.9571 199.0549 1.7475 1.8360 0.6442 1.7810 1.7210 48.3479 -0.4598 0.2772
Cyclist -1 -1 -0.0370 625.4003 173.2933 634.8052 199.6340 1.7963 1.8831 0.5809 1.3628 1.8278 50.1783 -0.0105 0.1900
Cyclist -1 -1 -0.0014 488.5948 176.9863 497.0373 200.1536 1.7043 1.7659 0.6175 -8.8522 2.0211 54.3284 -0.1626 0.1818
Car -1 -1 1.7618 345.2847 179.0171 409.4861 221.3631 1.6772 1.9512 3.7488 -9.9885 1.9603 31.1261 1.4533 0.5357
Car -1 -1 0.0341 536.1511 178.4802 568.6682 206.5753 1.5315 3.7984 1.7617 -3.3464 1.8748 42.0420 -0.0453 0.4862
Car -1 -1 -2.6154 572.8964 178.8699 622.5109 203.1998 1.4975 2.5810 2.2321 -0.8105 1.9029 46.9051 -2.6331 0.4389
Car -1 -1 -0.9864 236.6581 191.4653 290.6832 212.6594 1.4949 3.1392 1.8680 -25.9383 2.9186 54.0360 -1.4323 0.2742
Car -1 -1 -2.9545 459.3350 181.0376 489.6898 201.5548 1.5264 3.7370 1.6930 -10.6966 2.1949 57.0379 -3.1395 0.2452
Car -1 -1 3.0849 249.7174 181.2289 293.0728 217.6772 1.5683 3.8018 1.6415 -16.0598 1.9879 34.0540 2.6470 0.2108
Car -1 -1 1.2021 737.8292 172.7960 813.2474 203.5469 1.6499 3.6938 1.6917 9.0706 1.6472 39.8176 1.4240 0.1818
