Pedestrian -1 -1 2.1153 0.0000 190.2129 43.2130 265.8759 1.6762 0.9035 0.7039 -13.7997 2.0855 16.5834 1.4291 0.4178
Cyclist -1 -1 -0.6074 827.7632 163.5067 859.3928 199.9260 1.8394 1.9090 0.5675 12.0646 1.3677 37.4361 -0.2983 0.3771
Cyclist -1 -1 3.1804 482.5836 171.7977 489.9982 192.4849 1.7760 1.9128 0.5645 -10.8056 1.6857 62.9257 3.0108 0.3234
Cyclist -1 -1 0.2646 0.0000 194.3320 38.4906 271.8050 1.6414 1.6183 0.4868 -13.7462 2.1606 16.5873 -0.4196 0.3012
Car -1 -1 1.9979 154.3146 185.9930 310.4727 263.0728 1.5810 1.8823 3.8544 -8.9607 1.9346 17.4318 1.5288 0.7619
Car -1 -1 3.7467 0.0000 197.5249 197.8091 301.5921 1.4531 3.4200 1.5687 -9.0042 1.9429 12.5992 3.1359 0.7400
Car -1 -1 3.3069 395.4713 183.9998 447.9710 220.7318 1.4771 3.7893 1.6577 -8.3620 2.0046 32.1621 3.0540 0.7335
Car -1 -1 1.7928 341.3997 184.5958 413.5048 231.1271 1.5442 1.7276 3.9642 -8.6517 2.0177 27.0243 1.4853 0.6914
Car -1 -1 3.2097 487.5498 180.0844 514.7133 202.7602 1.5264 3.6503 1.6791 -7.7877 2.0634 51.6588 3.0605 0.4553
Car -1 -1 3.4642 291.7769 180.9035 351.5502 215.3130 1.5313 3.6455 1.5999 -13.8858 1.9411 34.8420 3.0873 0.3498
Car -1 -1 -0.5976 633.4293 178.9204 686.0310 202.4802 1.5370 3.9304 1.7424 3.3925 1.9783 50.3041 -0.5312 0.3013
Car -1 -1 -0.3965 739.5323 175.1499 783.0896 197.2930 1.5226 3.9737 1.6650 10.8567 1.6957 52.1595 -0.1929 0.2503
