Pedestrian -1 -1 2.7813 494.7941 168.4338 520.4421 220.1783 1.7966 0.8152 0.6542 -3.5921 1.2151 25.4701 2.6423 0.1955
Cyclist -1 -1 1.5381 484.7864 166.0788 540.1337 215.0403 1.6968 1.9148 0.8319 -3.4261 1.0347 25.4763 1.4055 0.2263
Cyclist -1 -1 -0.6109 684.3372 175.9210 706.9557 201.4248 1.6699 1.7603 0.5932 5.8344 1.0624 47.9802 -0.4911 0.1874
Cyclist -1 -1 0.1684 369.4896 172.1070 383.2165 198.9479 1.8374 1.9442 0.5949 -16.1749 0.9412 50.2094 -0.1420 0.1817
Cyclist -1 -1 0.2937 146.6612 170.6215 174.3561 210.1280 1.8221 1.9595 0.5714 -21.2762 1.1501 34.1716 -0.2599 0.1722
Cyclist -1 -1 -2.8097 516.7639 179.8630 541.7581 218.1593 1.7518 1.8330 0.6072 -3.7145 1.5081 33.8394 -2.9187 0.1659
Car -1 -1 0.8485 553.0710 175.1114 645.9296 218.9899 1.5151 2.3055 2.5685 -0.3555 1.1673 26.5430 0.8349 0.6453
Car -1 -1 -2.9218 644.9938 170.5563 693.3716 199.6436 1.5366 2.9426 2.0731 3.3995 0.7633 39.6866 -2.8373 0.4836
Car -1 -1 2.7178 614.6842 171.9629 647.2394 189.1049 1.5438 3.2897 1.8190 2.1160 0.3514 66.6054 2.7491 0.3811
Car -1 -1 -0.1805 686.6659 176.1639 720.2841 198.9897 1.5136 3.8126 1.6307 6.5417 0.9145 49.6104 -0.0506 0.2281
Car -1 -1 -2.3777 172.3894 180.0159 248.1115 209.2520 1.5556 3.6568 1.6278 -22.1904 1.2801 40.2223 -2.8793 0.2213
Car -1 -1 -0.9488 389.6363 178.8980 439.0643 197.3142 1.4464 3.5527 1.6381 -15.5738 0.9513 57.8451 -1.2110 0.1978
Car -1 -1 1.4590 432.3114 177.4588 498.5174 202.6622 1.5030 3.8170 1.9190 -8.8249 1.0416 44.3581 1.2635 0.1830
Car -1 -1 2.6975 480.0352 177.0590 521.7860 198.1381 1.5313 3.7366 1.6692 -8.1105 0.9399 54.2344 2.5494 0.1684
Car -1 -1 2.6060 535.6381 177.3029 578.7276 197.1944 1.4953 3.6755 1.7107 -3.9888 0.9016 56.0311 2.5349 0.1658
