Pedestrian -1 -1 -0.4772 768.7066 155.9441 842.1415 284.1075 1.7425 0.9099 0.6631 2.7250 1.5130 10.3252 -0.2273 0.7029
Pedestrian -1 -1 2.7169 838.0729 148.0734 914.4936 278.0955 1.7548 0.8609 0.7136 3.6888 1.4207 10.1951 3.0540 0.6254
Pedestrian -1 -1 -0.2596 664.1335 174.4173 688.6064 216.7483 1.7663 0.8663 0.8383 2.7713 1.8341 30.6382 -0.1709 0.6000
Pedestrian -1 -1 1.9291 347.1165 162.7643 406.8616 259.7249 1.8415 0.9458 0.6283 -4.5733 1.6502 14.0375 1.6190 0.3825
Pedestrian -1 -1 0.7951 760.5515 182.2785 788.8548 226.5792 1.7538 0.8474 0.7382 6.6515 2.1443 29.3279 1.0152 0.3087
Pedestrian -1 -1 3.2912 168.8783 155.3482 319.1977 375.0000 1.7143 0.9274 0.8591 -2.7317 1.5977 5.3888 2.8405 0.2827
Pedestrian -1 -1 3.3157 321.2728 134.2206 363.2970 242.7864 1.8326 0.6652 0.5777 -4.7006 1.1808 12.5551 2.9640 0.2807
Pedestrian -1 -1 2.4057 730.3837 172.1194 755.2095 217.4668 1.6961 0.7355 0.5861 5.0070 1.6690 27.4511 2.5836 0.2764
Pedestrian -1 -1 2.4370 811.0468 154.5773 833.4739 195.4505 1.9369 0.7780 0.6953 10.1631 1.0712 34.6873 2.7195 0.2342
Pedestrian -1 -1 1.6253 382.8567 161.0196 465.0636 303.9857 1.7696 0.9965 0.5575 -2.4313 1.6235 9.2986 1.3754 0.2215
Pedestrian -1 -1 3.3077 255.0620 133.2293 300.8961 244.2957 1.9060 0.6566 0.6355 -5.9207 1.2264 12.7785 2.8814 0.2138
Pedestrian -1 -1 -1.1320 565.7408 178.6104 576.6243 200.1809 1.6577 0.6385 0.6287 -3.0414 2.1088 56.0789 -1.1864 0.2007
Pedestrian -1 -1 2.3407 959.6458 165.1352 1025.7384 252.6491 1.6498 0.9488 0.6636 7.4422 1.5046 14.1552 2.8156 0.1979
Pedestrian -1 -1 2.0570 822.0178 176.1451 846.5048 216.0187 1.6767 0.8143 0.6055 9.5698 1.8204 30.9230 2.3538 0.1948
Pedestrian -1 -1 3.0196 438.1538 161.9370 464.6974 223.5340 1.8368 0.8811 0.6895 -4.8970 1.5116 22.0430 2.8031 0.1929
Cyclist -1 -1 -0.4998 917.2524 175.6762 1009.5836 283.1223 1.6893 1.8025 0.6012 5.9211 1.7414 12.3078 -0.0616 0.5401
Cyclist -1 -1 -3.5854 963.1569 166.0803 1035.2793 257.3857 1.6657 1.7121 0.5304 7.4727 1.5425 14.0255 -3.1052 0.5062
Cyclist -1 -1 3.4465 133.2532 149.1471 348.0793 375.0000 1.7065 1.6970 0.9712 -2.7655 1.5541 5.5537 3.0023 0.3628
Cyclist -1 -1 2.9338 565.1967 179.2436 576.5687 200.5104 1.6093 1.6939 0.5417 -3.0687 2.1136 56.0196 2.8789 0.2788
Cyclist -1 -1 2.5834 817.4603 177.9219 849.0594 216.6415 1.6051 1.6206 0.5088 9.5297 1.8290 30.9787 2.8786 0.2686
Cyclist -1 -1 -0.2356 662.4570 174.8458 686.5042 216.9224 1.7432 1.8616 0.6030 2.7103 1.8317 30.9471 -0.1497 0.2131
Cyclist -1 -1 0.0773 383.1205 185.6478 401.3372 226.9417 1.6602 1.6137 0.6113 -9.2033 2.2146 30.3894 -0.2148 0.1992
Cyclist -1 -1 2.7508 876.7091 170.4224 917.7442 218.8903 1.6608 1.8862 0.6781 10.1495 1.5779 25.6714 3.1228 0.1978
Cyclist -1 -1 -0.1571 681.0801 169.8204 697.0355 202.9399 1.7538 1.6978 0.5956 4.2358 1.5935 39.0686 -0.0504 0.1967
Cyclist -1 -1 3.0340 428.0678 169.7725 438.0095 193.2746 1.8527 1.8569 0.5777 -14.2179 1.6101 57.8471 2.7938 0.1963
Cyclist -1 -1 -0.3727 832.9355 141.8025 922.4973 278.3846 1.7783 1.6906 0.5913 3.6977 1.3743 10.2470 -0.0364 0.1927
Cyclist -1 -1 1.0743 803.6436 169.9398 848.5048 208.3814 1.7197 1.8506 0.6884 9.7804 1.5897 32.8050 1.3611 0.1926
Cyclist -1 -1 -0.8978 1074.7542 143.4557 1227.6780 282.4062 1.7035 1.6557 0.5426 7.1578 1.3435 9.7138 -0.2776 0.1915
Car -1 -1 -0.6200 1025.6813 179.5606 1206.6459 237.9284 1.4856 1.5481 3.7941 13.4445 1.6735 19.3622 -0.0208 0.3784
Car -1 -1 2.2101 951.0956 166.3941 1228.3436 269.2607 1.5168 3.8354 1.6136 8.1179 1.4219 12.7161 2.7673 0.1988
