Pedestrian -1 -1 0.9623 176.5645 197.7379 215.0868 254.1924 1.7611 0.7986 0.7579 -13.5256 2.5897 23.4903 0.4444 0.2332
Pedestrian -1 -1 3.1061 226.3549 164.9987 240.1392 199.0591 1.9333 0.7703 0.6762 -21.6825 1.4878 41.4533 2.6266 0.1975
Cyclist -1 -1 0.3099 1.7553 197.5605 39.6301 249.4221 1.7170 1.7349 0.5337 -20.9744 2.6268 25.6529 -0.3706 0.3467
Cyclist -1 -1 0.1792 371.8530 182.8192 382.8897 202.3829 1.7616 1.8975 0.6468 -21.5977 2.7002 66.9507 -0.1320 0.3404
Cyclist -1 -1 3.3600 359.9030 184.8348 372.6512 207.3194 1.6932 1.7154 0.5821 -18.9885 2.6408 56.1598 3.0350 0.3318
Cyclist -1 -1 2.4766 1073.9027 141.4212 1233.5642 294.7905 1.7857 1.8298 0.6250 6.8765 1.4201 9.3264 3.0964 0.2290
Cyclist -1 -1 3.3505 254.2532 175.2185 271.1770 204.0909 1.8247 1.8843 0.6087 -22.5204 1.9815 46.7459 2.9036 0.2187
Cyclist -1 -1 0.2168 120.5188 181.8651 140.9984 211.7629 1.7220 1.9048 0.6224 -28.6867 2.2739 43.1585 -0.3672 0.1898
Cyclist -1 -1 -0.4512 1016.2420 144.7965 1141.1143 290.1464 1.7720 1.8945 0.6187 6.2081 1.4303 9.7674 0.1008 0.1790
Car -1 -1 2.0066 116.6438 199.9187 234.7892 258.5415 1.4939 1.6206 3.8535 -13.2609 2.4029 22.2241 1.4735 0.7136
Car -1 -1 -1.5898 600.5123 179.8130 630.4240 208.3816 1.5418 1.6495 3.8627 0.2429 1.9644 41.8270 -1.5846 0.5793
Car -1 -1 1.7861 370.9504 185.6007 415.5658 213.2045 1.5365 1.8506 3.6662 -13.1348 2.3443 43.8084 1.4960 0.3162
Car -1 -1 2.6307 651.0605 181.7957 689.1397 199.9404 1.4382 3.5485 1.6878 5.0327 2.2199 61.0874 2.7120 0.2944
Car -1 -1 3.3297 196.9536 190.4071 255.3531 226.7203 1.5003 3.8641 1.7216 -18.0098 2.3774 33.9374 2.8447 0.2446
Car -1 -1 2.9364 660.8052 177.1682 694.1382 198.5516 1.5213 3.2977 1.8324 4.9666 1.8537 53.7773 3.0276 0.2083
Car -1 -1 1.7427 326.5693 188.5691 366.4494 215.3288 1.5218 1.7693 3.4719 -16.4454 2.5447 45.0837 1.3944 0.2032
Car -1 -1 0.0770 336.1252 181.0778 362.6757 202.2115 1.5572 3.9975 1.6669 -20.5664 2.2315 56.9807 -0.2682 0.1764
