Pedestrian -1 -1 2.3083 1049.4578 107.7024 1171.6223 301.5156 1.8014 0.8289 0.5672 4.8965 1.1962 7.1759 2.8879 0.3594
Pedestrian -1 -1 0.3132 326.0483 146.9073 367.9391 235.0445 1.8388 0.8175 0.6211 -5.6781 1.2979 15.4698 -0.0335 0.3336
Pedestrian -1 -1 0.1873 168.3023 157.3397 229.2711 276.8618 1.7848 0.9114 0.6672 -6.4774 1.5535 11.3098 -0.3231 0.2883
Pedestrian -1 -1 3.0232 314.2953 147.4966 360.6169 260.1300 1.7900 0.8432 0.6261 -4.5869 1.3873 11.9821 2.6644 0.2281
Pedestrian -1 -1 2.1488 1173.2062 157.4346 1242.0000 269.0675 1.7288 0.8796 0.7380 9.8087 1.4903 11.7022 2.8336 0.2207
Pedestrian -1 -1 2.5108 679.2261 160.7424 695.3210 193.0305 1.9321 0.7425 0.6561 4.6410 1.2077 43.6584 2.6156 0.2174
Cyclist -1 -1 -0.8859 1152.4789 153.9041 1242.0000 269.7976 1.7266 1.7455 0.5826 9.7755 1.4447 11.6604 -0.2011 0.3334
Cyclist -1 -1 -2.5552 457.2269 172.6480 496.1308 213.4862 1.7479 1.8643 0.7922 -5.9147 1.7394 31.8915 -2.7375 0.2631
Cyclist -1 -1 2.8991 644.7148 177.0070 657.9063 199.0243 1.7061 1.8046 0.6261 3.2432 2.0412 57.2103 2.9550 0.2331
Cyclist -1 -1 0.3607 336.0841 171.0391 381.9759 236.1814 1.7707 2.0082 0.5628 -7.1892 1.7217 20.6214 0.0288 0.2179
Cyclist -1 -1 -1.5214 645.0084 174.7828 670.7897 199.9873 1.8222 1.8479 0.6718 3.4729 1.9645 52.6679 -1.4564 0.2060
Cyclist -1 -1 3.4054 308.8732 191.1308 339.7357 260.5606 1.5753 1.4950 0.3152 -6.9746 2.0390 17.5288 3.0313 0.2009
Cyclist -1 -1 0.5512 404.1635 175.3377 443.8907 224.4636 1.7370 1.8360 0.5333 -6.8685 1.8321 26.5615 0.3001 0.1884
Cyclist -1 -1 -3.3301 797.9861 166.1837 820.4359 203.8960 1.7386 1.8515 0.6833 9.3921 1.4314 34.2099 -3.0648 0.1849
Cyclist -1 -1 0.1588 355.8401 169.4348 383.2071 221.9723 1.7015 1.8043 0.5948 -8.1282 1.5912 24.3039 -0.1611 0.1731
Cyclist -1 -1 2.2209 132.0051 165.3642 238.7735 250.5295 1.7085 1.8386 0.7384 -8.8326 1.5586 14.9520 1.6948 0.1730
Cyclist -1 -1 0.6395 0.0000 151.3919 82.0890 290.1979 1.7074 1.7993 0.6455 -8.1665 1.4438 9.7852 -0.0427 0.1729
Car -1 -1 -1.7251 669.1463 177.7025 769.3690 214.2285 1.5229 4.0576 1.7739 4.6276 1.7391 31.2256 -1.5799 0.6232
Car -1 -1 3.0982 503.5082 177.8538 528.6292 200.3259 1.5233 3.6455 1.6236 -6.7882 1.8953 51.7029 2.9679 0.3380
Car -1 -1 1.2857 648.6683 176.9263 693.2547 198.0289 1.5069 2.8227 2.0262 4.4536 1.8153 53.2915 1.3682 0.2970
Car -1 -1 3.3833 180.9885 176.8976 238.5081 210.4279 1.5402 3.6681 1.6419 -19.7099 1.7512 35.6023 2.8806 0.1896
