Cyclist -1 -1 1.1938 852.5660 185.0533 1004.5759 308.3011 1.5774 1.7613 0.5860 4.1545 1.7454 9.6029 1.5898 0.3767
Cyclist -1 -1 -0.2158 936.4736 162.5629 960.4736 206.6410 1.8031 1.8386 0.5257 14.2367 1.3825 30.4679 0.2173 0.2180
Cyclist -1 -1 -0.7951 898.5969 174.9819 925.2014 200.1919 1.7169 1.7540 0.6471 20.9753 1.8681 50.2279 -0.4020 0.2000
Car -1 -1 -2.9983 710.5244 178.4345 758.6234 213.8671 1.5449 3.8922 1.7191 5.9261 1.8265 34.2408 -2.8290 0.5744
Car -1 -1 -2.7118 814.6187 177.6294 990.0300 270.2541 1.5464 2.9848 2.1292 5.6666 1.6515 14.0307 -2.3361 0.5547
Car -1 -1 -3.0517 758.4002 178.5793 787.9000 201.9821 1.5284 3.6138 1.6866 11.3221 1.9418 50.0671 -2.8310 0.3543
Car -1 -1 -2.4362 851.3807 176.5265 917.6391 204.3207 1.4763 2.1838 2.7032 15.3387 1.6914 40.4854 -2.0769 0.3408
Car -1 -1 -0.3621 888.0922 174.2364 924.0978 193.5712 1.5455 3.4034 1.6447 24.4088 1.6634 59.6395 0.0243 0.3262
Car -1 -1 -1.8709 1074.0720 135.2786 1234.9026 187.9911 1.5962 3.7814 1.7855 17.3845 0.4587 23.3113 -1.2360 0.2327
Car -1 -1 2.3565 758.8428 178.1538 802.4259 195.9628 1.5188 3.6745 1.7017 15.2563 2.0094 64.7374 2.5865 0.2222
Car -1 -1 -1.7097 856.6155 177.2178 948.7827 244.0467 1.5544 1.6853 3.9463 7.5946 1.6835 19.1704 -1.3384 0.2129
