Pedestrian -1 -1 -0.7349 1111.3291 154.1349 1163.9905 226.9156 1.7431 0.8611 0.6272 12.9132 1.2951 17.7417 -0.1139 0.1850
Pedestrian -1 -1 -0.7406 795.2274 145.6860 844.7297 230.1360 1.7864 0.8248 0.6518 4.5337 1.2120 15.7747 -0.4662 0.1604
Cyclist -1 -1 0.3016 71.3774 189.0117 97.7959 224.0448 1.7769 1.7153 0.6522 -27.9531 2.6568 38.3576 -0.3250 0.5457
Cyclist -1 -1 2.4398 893.9746 160.2041 931.0046 197.0802 1.9506 2.1229 0.6314 16.4050 1.2818 39.2701 2.8326 0.5364
Cyclist -1 -1 -1.1131 885.2281 168.3332 915.7659 194.6958 1.7460 1.7565 0.7589 19.5659 1.4469 48.6910 -0.7334 0.3290
Cyclist -1 -1 -1.7181 938.3760 156.3097 995.1804 205.6164 1.8146 1.8345 0.6681 13.3574 1.2061 27.1456 -1.2654 0.1852
Cyclist -1 -1 2.3373 907.9898 172.2463 951.7126 210.2819 1.7260 1.9649 0.6488 14.9084 1.6987 33.7705 2.7493 0.1736
Car -1 -1 2.0455 116.2583 191.4493 237.0997 248.3405 1.4981 1.6793 3.6234 -13.1457 2.1151 22.0683 1.5133 0.6380
Car -1 -1 3.3106 388.1429 182.7542 420.4561 204.3241 1.5421 3.7548 1.7758 -15.7615 2.3289 55.3468 3.0341 0.2994
Car -1 -1 -0.1672 691.9787 163.1543 793.9617 234.4986 1.5561 4.0506 1.7659 3.0815 1.3449 17.7615 0.0011 0.2609
Car -1 -1 3.2521 114.8066 183.1407 151.2760 208.1978 1.6195 3.8826 1.7040 -33.3512 2.3699 50.4876 2.6705 0.2517
Car -1 -1 3.1537 4.2274 186.8010 45.0425 217.5216 1.5483 3.8766 1.7030 -32.6580 2.3668 40.2736 2.4755 0.2311
Car -1 -1 2.4791 788.5525 179.0786 860.8477 209.0173 1.5195 3.9956 1.7021 11.6988 1.8811 39.6925 2.7632 0.2267
Car -1 -1 -0.2157 350.2559 184.5466 379.3713 202.7037 1.5292 3.5661 1.7726 -22.2338 2.6200 65.3050 -0.5430 0.2036
Car -1 -1 3.3293 4.2981 181.0595 53.8380 209.2503 1.6405 3.9986 1.7027 -36.5223 2.1820 45.4116 2.6547 0.1834
Car -1 -1 2.8387 334.5373 187.1995 373.8633 208.9499 1.5027 3.5847 1.8095 -19.3492 2.6246 54.4322 2.4984 0.1575
