Pedestrian -1 -1 3.2182 135.5975 172.1241 170.9639 250.7912 1.7250 0.7109 0.6186 -10.3436 1.7093 16.2773 2.6593 0.3967
Pedestrian -1 -1 -0.7992 1095.2860 147.3310 1193.0078 283.5338 1.7574 0.8499 0.6503 7.1667 1.4284 9.7838 -0.1817 0.2631
Pedestrian -1 -1 1.7664 360.2401 162.9003 394.7773 223.6651 1.9244 0.9493 0.6532 -7.5217 1.6096 23.2273 1.4561 0.2526
Pedestrian -1 -1 2.6650 812.8752 166.5060 843.2755 222.9732 1.7871 0.6616 0.7105 6.9689 1.5865 23.2242 2.9524 0.2179
Pedestrian -1 -1 3.2918 243.0269 148.6334 276.9858 229.5090 1.8268 0.8509 0.5878 -8.1825 1.2800 16.7878 2.8442 0.2179
Pedestrian -1 -1 -0.7893 1059.3062 122.5907 1168.6975 283.3186 1.8333 0.8729 0.6547 6.0112 1.2603 8.7203 -0.2018 0.2090
Pedestrian -1 -1 2.0680 786.2597 178.3995 818.2993 231.5664 1.7165 0.8115 0.6587 6.3283 1.9046 23.9174 2.3228 0.1669
Pedestrian -1 -1 -0.1459 97.0503 174.0398 124.0376 226.8032 1.7608 0.7183 0.6610 -17.0662 1.8024 24.5861 -0.7478 0.1563
Pedestrian -1 -1 2.0269 304.0123 175.0195 339.6524 232.1088 1.7608 0.8393 0.6464 -9.0793 1.8302 22.6335 1.6491 0.1557
Pedestrian -1 -1 -0.5452 846.5976 151.3730 893.4125 231.8580 1.8097 0.8774 0.6567 5.9641 1.3271 16.7183 -0.2087 0.1527
Pedestrian -1 -1 1.1582 879.1843 150.1113 998.3320 327.2357 1.7996 0.9871 0.5964 3.3986 1.5689 7.6307 1.5618 0.1509
Pedestrian -1 -1 -1.3865 513.7274 175.3611 525.3771 199.4796 1.7898 0.7524 0.6860 -6.7914 1.9790 53.9812 -1.5115 0.1501
Cyclist -1 -1 -1.1573 462.5952 171.8667 487.9621 195.2667 1.7949 1.8346 0.6236 -10.4536 1.7196 55.8557 -1.3418 0.2322
Cyclist -1 -1 0.1080 197.7722 179.7064 212.5386 209.4733 1.7697 1.9049 0.5871 -24.9035 2.2006 44.3415 -0.4014 0.2116
Cyclist -1 -1 -0.1112 513.3333 176.5077 524.1066 199.5739 1.6877 1.6434 0.6190 -6.8562 1.9656 53.9378 -0.2375 0.2055
Cyclist -1 -1 0.1966 270.5813 184.7332 302.7289 246.2621 1.6321 1.6404 0.5119 -9.1371 1.9812 20.3231 -0.2214 0.1940
Cyclist -1 -1 -2.4363 297.4934 169.0337 344.3657 211.2993 1.7462 1.8420 0.8715 -12.3656 1.5887 30.8195 -2.8152 0.1802
Cyclist -1 -1 -0.1412 497.7474 178.0803 508.4297 198.8047 1.7365 1.7318 0.6675 -9.1920 2.1916 61.8480 -0.2885 0.1736
Cyclist -1 -1 0.3076 382.3941 178.8764 403.4288 212.3449 1.7342 1.8878 0.5327 -11.6589 2.0653 38.6731 0.0163 0.1690
Cyclist -1 -1 3.4428 359.4387 175.8751 382.4704 212.2411 1.7751 1.8623 0.5727 -12.0527 1.9314 36.3085 3.1241 0.1680
Cyclist -1 -1 1.3339 760.6236 190.1387 941.2791 354.5789 1.5883 1.6608 0.5623 2.3642 1.7731 7.3666 1.6312 0.1544
Cyclist -1 -1 -0.3109 785.6140 178.0820 817.2906 231.4422 1.6892 1.6738 0.5151 6.2674 1.8686 23.8560 -0.0578 0.1514
Cyclist -1 -1 3.3225 395.2684 176.3169 412.4035 208.2878 1.7518 1.9006 0.5975 -11.6590 1.9523 40.7197 3.0449 0.1496
Cyclist -1 -1 -3.2909 835.7990 158.8800 879.3832 238.7056 1.7455 1.7421 0.6849 5.6510 1.4403 16.6910 -2.9705 0.1477
Cyclist -1 -1 -2.2101 21.7862 176.6972 80.0281 224.2312 1.6272 1.7106 0.4468 -19.9486 1.7693 25.7247 -2.8648 0.1468
Car -1 -1 1.6813 494.5293 180.4569 548.3973 223.0204 1.4907 1.6595 3.6899 -3.3832 1.8034 27.7834 1.5606 0.6571
Car -1 -1 2.7347 676.8269 176.1724 714.3247 196.6723 1.5273 3.6420 1.5897 6.6205 1.7960 56.3650 2.8506 0.3027
Car -1 -1 -1.8637 459.5669 186.9471 505.3351 215.4671 1.4876 1.6782 3.3721 -7.3853 2.3330 41.3779 -2.0398 0.2263
Car -1 -1 2.9382 502.0621 180.7990 535.1729 203.0187 1.5403 3.5619 1.7427 -6.8216 2.1503 53.3901 2.8113 0.1665
