Pedestrian -1 -1 0.0238 129.1139 156.7195 174.3340 261.5674 1.8417 0.9142 0.6732 -8.4428 1.5587 13.2365 -0.5351 0.3876
Pedestrian -1 -1 -1.3084 0.0000 168.1037 59.5197 255.8081 1.8224 0.9363 0.6941 -12.5496 1.7240 15.4946 -1.9808 0.3498
Pedestrian -1 -1 0.0884 941.6837 173.1935 962.9107 218.8734 1.7429 0.7667 0.6845 13.2623 1.7567 28.0383 0.5256 0.3229
Pedestrian -1 -1 0.2824 0.0000 165.7708 30.8671 237.5303 1.8175 0.8011 0.5681 -15.5902 1.6384 18.7520 -0.4044 0.2748
Pedestrian -1 -1 2.2371 399.7764 163.4320 421.9396 198.9283 1.8752 0.9777 0.6053 -10.6846 1.3778 38.5836 1.9684 0.2501
Pedestrian -1 -1 -3.3602 799.3685 151.9082 830.4539 222.2439 1.8249 0.8088 0.6276 5.3787 1.2818 19.1382 -3.0907 0.2277
Pedestrian -1 -1 0.3055 302.2097 154.9885 332.3176 221.5849 1.8173 0.8720 0.5405 -8.2111 1.3301 20.1423 -0.0773 0.2050
Pedestrian -1 -1 0.2845 1083.1814 174.9386 1115.8970 231.9399 1.7343 0.7182 0.6728 15.2033 1.8010 22.4744 0.8726 0.2031
Pedestrian -1 -1 3.0030 462.8297 164.1592 476.5963 197.4838 1.8915 0.8034 0.6713 -8.0950 1.3984 41.4411 2.8110 0.1992
Cyclist -1 -1 0.5774 211.7659 184.0715 283.2256 262.0902 1.7441 1.9170 0.5818 -8.7454 2.0303 17.3967 0.1172 0.3770
Cyclist -1 -1 1.2067 883.0279 192.0618 1057.6017 339.7812 1.6623 1.7422 0.6694 4.2029 1.9028 8.6195 1.6456 0.2657
Cyclist -1 -1 2.8280 458.3098 166.2181 478.3948 199.2655 1.8579 1.9468 0.5606 -8.2014 1.4852 41.5482 2.6340 0.2198
Cyclist -1 -1 -3.7902 1116.5236 153.3508 1242.0000 326.4100 1.7882 1.8838 0.6084 6.7989 1.5871 8.3990 -3.1274 0.2130
Cyclist -1 -1 3.4431 258.9928 196.3175 287.9103 241.5840 1.7792 1.8850 0.5651 -14.1732 2.7978 30.3367 3.0089 0.2081
Car -1 -1 0.6629 273.5451 192.7186 513.0186 319.8891 1.4683 2.9350 1.9641 -3.0731 1.8081 10.5976 0.3862 0.7663
Car -1 -1 -1.0474 0.0000 0.0000 1242.0000 375.0000 1.5604 1.6713 4.0205 -2.4050 1.7170 1.8174 -1.9019 0.3800
Car -1 -1 0.6109 0.0000 182.8063 191.0896 279.4965 1.5599 3.9654 1.6393 -10.1605 1.7813 14.0351 -0.0069 0.2823
Car -1 -1 -0.6052 656.9651 183.5939 709.4670 206.8177 1.4952 3.9810 1.6900 5.0564 2.2806 50.5897 -0.5067 0.2778
Car -1 -1 -0.0625 689.2576 179.7286 714.6882 201.1710 1.5373 3.8446 1.6741 6.9453 2.0802 54.9628 0.0620 0.1955
Car -1 -1 0.4848 338.5041 181.1602 403.1869 212.8613 1.5408 3.9408 1.5954 -12.6278 2.0052 38.2305 0.1675 0.1914
