Pedestrian -1 -1 2.0428 628.4172 179.7534 640.8714 201.9569 1.6673 0.7224 0.6703 1.8512 2.1974 54.9364 2.0757 0.3155
Cyclist -1 -1 0.5517 348.7828 147.4856 459.3482 296.9307 1.8125 1.7825 0.5705 -2.7589 1.5051 9.6834 0.2803 0.2207
Cyclist -1 -1 3.2306 217.8347 172.2748 232.4020 202.1304 1.8117 1.9406 0.6256 -23.9200 1.7770 44.7984 2.7424 0.1873
Cyclist -1 -1 -1.3511 619.3943 177.9060 644.1938 201.2394 1.7530 1.7928 0.6381 1.6355 2.1419 54.9647 -1.3220 0.1694
Car -1 -1 3.0214 528.8702 179.9960 562.0259 206.0040 1.5583 3.8578 1.6669 -4.2242 2.0386 46.4219 2.9307 0.6302
Car -1 -1 -1.7645 574.7994 178.0692 628.6089 213.9960 1.5725 1.9140 3.3338 -0.4828 1.8314 33.9386 -1.7792 0.5946
Car -1 -1 -3.1839 709.1598 181.5538 733.4600 200.3501 1.5319 3.4298 1.9208 9.5567 2.3050 62.2847 -3.0329 0.3250
Car -1 -1 -0.5859 706.4781 183.6420 756.2821 206.8870 1.5114 3.7562 1.6534 8.4816 2.3030 50.8688 -0.4221 0.2607
Car -1 -1 1.0979 922.4619 190.7156 995.6031 225.8880 1.4921 1.5890 3.7469 16.5227 2.3917 34.4277 1.5413 0.2223
Car -1 -1 -0.7135 740.4809 185.8073 805.7930 214.1545 1.5247 3.7927 1.7008 9.5807 2.3303 42.7741 -0.4952 0.2222
Car -1 -1 -2.7468 249.9967 157.9172 469.8299 289.2283 1.6738 4.2264 1.6981 -3.6867 1.4838 11.3738 -3.0541 0.2117
Car -1 -1 -1.0396 1136.9844 197.2915 1242.0000 233.4090 1.4545 3.7360 1.8362 27.3073 2.6744 33.9332 -0.3669 0.2111
Car -1 -1 2.8787 726.9908 184.1818 776.6573 214.5348 1.5151 3.8869 1.6998 7.6657 2.1671 39.5070 3.0683 0.2083
