Pedestrian -1 -1 1.3389 684.7946 164.0354 721.5496 230.7576 1.7637 0.8645 0.5973 2.4530 1.5310 19.4143 1.4619 0.2513
Pedestrian -1 -1 1.3042 62.9139 186.4588 102.5559 241.0850 1.6785 0.8881 0.6241 -16.8356 2.1224 22.9789 0.6773 0.2406
Pedestrian -1 -1 -2.3332 0.0000 151.6780 92.9662 320.9230 1.8195 0.7574 0.6990 -6.5515 1.5922 8.1804 -2.9928 0.2101
Pedestrian -1 -1 -1.9940 804.1229 167.4713 878.4709 286.7542 1.7110 0.8329 0.7089 3.3788 1.6342 10.7517 -1.6984 0.1778
Cyclist -1 -1 -2.6701 252.2540 187.4079 292.6970 237.1935 1.7144 1.7768 0.5881 -12.3081 2.2628 26.2676 -3.1048 0.1965
Cyclist -1 -1 -2.0446 835.5042 155.7588 989.2878 288.9578 1.7472 1.8568 0.6432 4.0591 1.5233 9.8700 -1.6658 0.1845
Cyclist -1 -1 0.6090 0.0000 128.7489 80.7668 285.0515 1.7458 1.7317 0.7192 -7.5634 1.2535 8.9478 -0.0782 0.1834
Cyclist -1 -1 -0.6322 692.0906 161.6122 733.4066 211.2265 1.7198 1.7564 0.5270 3.6269 1.3305 25.9061 -0.4952 0.1746
Car -1 -1 3.1852 392.6080 174.1777 436.3893 212.3646 1.5642 3.6806 1.6902 -8.5622 1.6263 31.6700 2.9229 0.5773
Car -1 -1 -1.3937 435.3666 176.3631 488.3147 198.1003 1.5217 3.4328 1.9886 -10.6434 1.7794 51.8789 -1.5954 0.3315
Car -1 -1 0.3812 435.0417 178.7011 497.5047 204.0400 1.5562 2.1045 3.3901 -9.2192 1.9425 46.2780 0.1853 0.3267
Car -1 -1 -1.4617 431.9865 173.1707 483.0765 192.9822 1.6191 3.9894 1.8225 -12.6851 1.6463 60.1033 -1.6691 0.2580
Car -1 -1 -2.2329 840.3981 170.3053 1148.0297 297.1696 1.6605 3.8109 1.6557 5.5112 1.6275 10.6240 -1.7665 0.2228
Car -1 -1 2.2704 478.0808 172.9567 528.4791 194.3775 1.6424 3.6868 1.7402 -8.4707 1.6511 57.0451 2.1233 0.2173
Car -1 -1 -0.4038 560.3763 161.5109 638.7766 205.5501 1.6530 4.0065 1.7290 -0.5447 1.2276 29.2617 -0.4227 0.2126
Car -1 -1 3.2817 433.9276 177.4938 505.2658 205.2092 1.5507 1.7857 3.8342 -8.0983 1.8256 41.6896 3.0906 0.2067
