Pedestrian -1 -1 3.2006 364.9114 163.3592 388.9945 224.4683 1.8161 0.8250 0.6482 -7.1195 1.5343 21.9209 2.8897 0.3385
Pedestrian -1 -1 1.4111 785.9464 141.7816 906.2709 333.0915 1.8486 1.0785 0.5372 2.3085 1.5487 7.3073 1.7043 0.2375
Pedestrian -1 -1 -0.8973 789.8081 138.8623 841.9115 233.2749 1.8138 0.8010 0.5942 4.0406 1.1611 14.3574 -0.6288 0.2080
Pedestrian -1 -1 2.4426 1012.3563 170.5237 1038.7819 210.7280 1.7315 0.7254 0.6949 18.0936 1.6315 31.4924 2.9596 0.2015
Pedestrian -1 -1 1.6020 968.4320 161.1225 982.3931 190.2772 1.8922 0.7967 0.7555 23.9504 1.1311 47.3476 2.0676 0.2009
Pedestrian -1 -1 -0.9237 1069.8794 148.5122 1139.7313 249.8989 1.7502 0.8587 0.5778 8.8183 1.3304 12.9539 -0.3370 0.1944
Cyclist -1 -1 0.4829 0.0000 171.3370 32.4237 235.3621 1.7024 1.8414 0.7535 -17.1448 1.6624 20.1629 -0.2153 0.2747
Cyclist -1 -1 -0.3540 749.5950 170.9183 772.8328 206.8783 1.7598 1.8161 0.5402 7.5453 1.6654 36.2464 -0.1509 0.2109
Cyclist -1 -1 2.6959 723.2199 172.8908 745.8329 202.9644 1.6956 1.8075 0.5561 7.1379 1.6982 41.6277 2.8641 0.2061
Cyclist -1 -1 0.3022 0.0000 172.2001 60.3524 263.4420 1.8056 1.8600 0.5518 -12.3218 1.7930 15.2428 -0.3692 0.1970
Cyclist -1 -1 0.1974 458.6528 176.5829 471.4886 202.3419 1.7489 1.8644 0.5206 -10.1026 2.0135 50.1894 -0.0006 0.1964
Cyclist -1 -1 -0.8600 1020.6266 154.6468 1117.3031 242.9093 1.7841 1.7787 0.6084 9.7740 1.4164 15.5217 -0.3071 0.1873
Cyclist -1 -1 -1.8401 417.8130 173.1236 453.6912 205.9613 1.7999 1.8377 0.6631 -9.7625 1.8155 40.2927 -2.0767 0.1792
Cyclist -1 -1 0.1694 236.2622 168.4072 282.2325 240.4414 1.6982 1.8533 0.7226 -8.7676 1.5937 17.9976 -0.2785 0.1791
Car -1 -1 -0.0893 615.9116 183.8923 695.6562 213.7298 1.5201 1.6522 4.0884 2.3514 2.1199 38.2971 -0.0291 0.5353
Car -1 -1 0.3160 468.2126 180.3120 504.3526 201.3422 1.5977 4.1428 1.6851 -10.0114 2.2255 58.5261 0.1470 0.3318
Car -1 -1 -2.7275 587.7990 184.0190 624.1100 201.6318 1.5215 2.1722 2.6629 -0.3767 2.5635 65.7866 -2.7337 0.3312
Car -1 -1 -2.0053 817.2062 179.1422 931.2294 224.7520 1.6851 3.7694 1.7394 10.1481 1.9383 27.9769 -1.6614 0.2888
Car -1 -1 -1.9566 913.1100 160.8327 975.0759 181.3459 1.5150 3.8248 1.8198 25.0651 0.6275 54.2800 -1.5262 0.2217
Car -1 -1 2.9468 505.1769 186.0828 534.1879 204.7383 1.5336 3.9185 1.8458 -8.1276 2.7562 64.5122 2.8215 0.2140
Car -1 -1 2.8807 724.2633 176.1082 765.0074 200.8548 1.5475 3.7645 1.7155 8.7957 1.7712 47.5740 3.0619 0.2050
Car -1 -1 3.2332 502.6870 186.5904 532.2917 206.3239 1.5188 3.0275 2.1443 -7.5875 2.6765 59.2394 3.1059 0.1868
