Pedestrian -1 -1 -0.5052 586.8862 171.6324 602.9039 202.8118 1.7395 0.7311 0.6291 -0.5810 1.2462 39.9150 -0.5179 0.4908
Pedestrian -1 -1 -0.7409 657.6653 163.1959 686.4593 210.3331 1.8078 0.8646 0.7296 2.5985 1.1457 27.6764 -0.6466 0.3887
Pedestrian -1 -1 -3.3559 906.3759 136.0994 960.0349 250.4996 1.8107 0.7272 0.6516 5.3296 1.1096 11.6089 -2.9339 0.2817
Pedestrian -1 -1 -0.5460 820.1505 142.1426 858.1826 214.9292 1.8161 0.7881 0.5991 5.9472 0.8607 18.0893 -0.2316 0.2745
Pedestrian -1 -1 0.4856 329.1111 151.6111 370.1047 231.7679 1.8162 0.7229 0.6295 -5.9626 1.1633 16.4191 0.1455 0.2365
Pedestrian -1 -1 3.0926 606.1871 175.8446 619.8649 209.2880 1.7160 0.6327 0.6778 0.3997 1.4785 36.6019 3.1050 0.2247
Pedestrian -1 -1 -0.5867 567.4118 175.1908 583.5436 203.5960 1.6975 0.6338 0.7485 -1.7895 1.3816 42.7251 -0.6267 0.2129
Pedestrian -1 -1 1.5848 162.9391 160.3609 261.4541 327.0363 1.7362 0.9238 0.6633 -4.3976 1.5281 7.8667 1.0939 0.2111
Pedestrian -1 -1 3.3652 246.8901 163.2536 310.8627 288.8399 1.7007 0.8433 0.6484 -4.6623 1.4688 10.0470 2.9446 0.2035
Pedestrian -1 -1 1.9070 14.3450 244.3091 258.7609 370.0000 1.7476 0.8539 0.7300 -2.4204 2.1221 3.6803 1.3635 0.2020
Pedestrian -1 -1 1.7037 263.9083 159.4273 327.9621 275.5384 1.7598 0.8429 0.6396 -4.8950 1.4421 11.1316 1.3017 0.1968
Pedestrian -1 -1 1.7971 319.3638 149.0626 441.4307 346.5037 1.7770 0.9895 0.5973 -2.1501 1.4958 6.6908 1.5016 0.1944
Pedestrian -1 -1 2.4378 577.1476 169.3613 592.1838 197.1344 1.7235 0.7410 0.6080 -1.2793 1.0336 44.3513 2.4109 0.1872
Pedestrian -1 -1 -2.9141 835.6974 137.6758 865.0128 216.1914 1.8268 0.6968 0.5211 5.8237 0.8320 16.8788 -2.5856 0.1781
Pedestrian -1 -1 2.2398 1050.9958 72.2872 1224.0000 370.0000 1.7631 0.7116 0.6436 2.8154 1.2720 3.6470 2.8587 0.1778
Cyclist -1 -1 -0.3625 928.2914 137.0876 1015.9357 275.7702 1.8465 1.7924 0.5044 5.2600 1.2702 10.3257 0.0981 0.3136
Cyclist -1 -1 3.3516 0.0000 140.5439 106.6242 370.0000 1.7141 1.9426 0.5483 -4.2819 1.4756 5.2411 2.6977 0.2735
Cyclist -1 -1 0.0486 647.8314 166.6236 666.5196 213.7948 1.7832 1.8805 0.6412 2.0315 1.2602 27.6964 0.1226 0.2228
Cyclist -1 -1 -0.3881 1031.4818 11.4372 1224.0000 370.0000 1.8185 1.6943 0.4651 2.9745 1.0590 4.0560 0.2109 0.2189
Cyclist -1 -1 3.0528 587.4333 172.0977 599.9297 202.3240 1.6708 1.6673 0.5604 -0.6550 1.2077 39.9357 3.0382 0.2170
Cyclist -1 -1 -0.3395 329.1249 160.7447 388.8715 238.7990 1.7107 1.7825 0.7672 -5.7760 1.2793 16.4279 -0.6697 0.2159
Cyclist -1 -1 3.0641 606.0676 175.8822 619.6891 209.3980 1.6976 1.8330 0.5670 0.3881 1.4651 36.7402 3.0762 0.1837
Car -1 -1 2.8924 683.1569 165.7070 726.8135 194.5873 1.6149 3.6928 1.6691 5.8029 0.7891 41.4576 3.0322 0.5178
Car -1 -1 -2.4442 1012.1987 184.1333 1224.0000 370.0000 1.4930 1.6318 3.7620 3.6739 1.5203 3.0624 -1.6163 0.3539
