Car -1 -1 -1.7534 741.8931 179.9239 877.1304 280.5013 1.5937 1.6931 4.1138 3.5771 1.7503 13.8339 -1.5066 0.8434
Car -1 -1 -1.6962 713.6216 181.8713 795.1974 246.8793 1.5140 1.6258 3.8957 3.7121 1.7811 19.3477 -1.5103 0.8082
Car -1 -1 -1.9500 793.8807 184.9680 1089.1708 355.1692 1.5035 1.6438 4.1639 3.5453 1.6860 8.7563 -1.5782 0.7496
Car -1 -1 1.9819 12.2320 197.2087 337.5396 375.0000 1.5318 1.8471 3.7853 -4.8065 1.8892 8.6116 1.4852 0.7288
Car -1 -1 -2.3697 996.9083 196.3880 1242.0000 375.0000 1.5356 1.6387 4.0112 3.7075 1.7139 3.4314 -1.5887 0.7191
Car -1 -1 0.1549 473.7464 182.4508 525.8906 222.0996 1.4921 3.5590 1.5964 -4.5281 1.9125 29.7974 0.0048 0.7041
Car -1 -1 1.8687 270.4459 191.7995 434.5309 287.6330 1.5077 1.9352 3.7818 -4.8400 1.9268 14.0262 1.5414 0.7036
Car -1 -1 -1.7383 691.5959 180.5698 761.1825 229.7300 1.5095 1.6587 4.2336 3.8791 1.7995 24.9506 -1.5866 0.6889
Car -1 -1 -1.7294 689.7531 178.8457 744.0256 219.1247 1.5620 1.6599 3.8491 4.4047 1.8317 30.4936 -1.5879 0.6269
Car -1 -1 1.1634 488.4879 179.7431 556.0733 213.5944 1.5020 2.3316 2.6792 -4.2560 1.8481 34.4675 1.0410 0.5930
Car -1 -1 -0.8097 142.6531 179.4256 309.5298 242.5854 1.5484 3.8599 1.6705 -10.2832 1.7366 19.2936 -1.2940 0.4318
