Pedestrian -1 -1 -2.8258 953.8588 147.4178 994.1127 229.8482 1.8605 0.8226 0.6175 8.4254 1.2868 16.7931 -2.3683 0.3877
Pedestrian -1 -1 -1.2416 451.5591 169.8110 462.9249 193.7303 1.8056 0.6662 0.6647 -11.6339 1.5763 54.8354 -1.4500 0.3283
Pedestrian -1 -1 -0.2878 239.7702 171.9866 259.5048 209.5300 1.8147 0.8280 0.6594 -17.7216 1.7732 35.4018 -0.7492 0.2722
Pedestrian -1 -1 2.9331 107.8844 154.4303 136.9844 219.5249 1.8604 0.7236 0.5693 -14.2909 1.3342 21.0751 2.3430 0.2625
Pedestrian -1 -1 -1.6216 568.8301 174.6073 579.2567 199.3508 1.7944 0.7288 0.6373 -2.6574 1.9237 52.7269 -1.6721 0.2565
Pedestrian -1 -1 -0.8447 1106.3335 116.6033 1220.9668 287.8657 1.8644 0.8048 0.6717 6.3030 1.2524 8.3163 -0.2134 0.2158
Cyclist -1 -1 0.3928 234.1509 173.6103 261.7519 209.3033 1.7053 1.7175 0.5958 -17.7783 1.7437 35.3855 -0.0700 0.4428
Cyclist -1 -1 1.5249 757.4815 168.3549 790.3472 197.4982 1.7433 1.9058 0.7592 9.8822 1.4745 43.6979 1.7455 0.4149
Cyclist -1 -1 -0.2480 565.9217 175.4858 579.7771 199.5233 1.7206 1.7081 0.6088 -2.7507 1.9167 52.7499 -0.3003 0.2471
Cyclist -1 -1 2.8181 449.8751 170.5551 464.7201 194.5912 1.7997 1.7798 0.5689 -11.6593 1.6280 54.9344 2.6096 0.2309
Car -1 -1 1.2564 113.5889 183.8102 268.5276 252.2241 1.5338 2.8634 2.4163 -10.8491 1.8457 18.6456 0.7353 0.6780
Car -1 -1 -1.5988 695.5173 175.5512 733.4712 209.8383 1.5244 1.6645 3.8881 4.8930 1.6610 34.4194 -1.4594 0.5996
Car -1 -1 -1.7029 1051.0647 170.9281 1114.4163 193.9529 1.5221 3.4215 1.6118 32.1149 1.3951 49.1574 -1.1272 0.3234
Car -1 -1 -0.6268 0.0000 173.8275 113.5882 220.4509 1.6564 3.6061 1.6862 -20.7978 1.6950 27.0141 -1.2783 0.2754
Car -1 -1 -2.0381 978.8441 171.5842 1049.7335 193.8915 1.5487 3.9598 1.8751 28.5590 1.4609 51.1069 -1.5312 0.2707
Car -1 -1 0.4945 305.1944 181.7067 373.6559 213.3627 1.5087 3.9740 1.6485 -14.0618 1.9964 37.6319 0.1389 0.2677
Car -1 -1 0.0714 329.2930 169.6218 355.4682 190.3901 1.5493 3.3991 1.6534 -20.6475 1.3086 55.6872 -0.2823 0.2671
Car -1 -1 1.4727 808.1794 172.7586 850.4120 190.0587 1.5406 3.4988 1.8499 19.8512 1.5325 65.4979 1.7654 0.2576
Car -1 -1 -1.6406 856.7606 173.8520 920.8449 197.8698 1.4997 3.7340 1.7983 17.9023 1.5664 46.5706 -1.2761 0.2337
Car -1 -1 -0.1494 742.1849 178.2729 783.0021 207.4284 1.4887 3.6740 1.6367 8.2478 1.7992 39.4173 0.0548 0.2267
Car -1 -1 1.4231 863.1866 171.0852 920.1415 192.5054 1.5429 3.6741 1.8962 20.7272 1.4159 53.2982 1.7918 0.2250
