Pedestrian -1 -1 1.2478 448.6783 179.8341 465.9037 210.4690 1.6528 0.7708 0.6103 -8.4165 2.0406 39.5921 1.0393 0.3680
Pedestrian -1 -1 0.1215 7.6839 176.0034 35.2751 226.0609 1.8225 0.7551 0.7070 -21.9270 1.9423 26.8388 -0.5588 0.2710
Pedestrian -1 -1 -1.6926 222.1166 175.5456 243.8911 208.1516 1.8340 1.0379 0.6012 -21.5682 1.9901 41.2118 -2.1723 0.2585
Pedestrian -1 -1 0.6546 1016.9091 199.4268 1051.2811 246.3847 1.7335 0.8513 0.7850 16.2664 2.7754 27.7533 1.1791 0.2459
Pedestrian -1 -1 -0.5788 426.4480 180.0560 442.5183 207.7038 1.6622 0.7527 0.6491 -10.7684 2.1080 44.1292 -0.8172 0.2277
Pedestrian -1 -1 1.7519 635.6268 182.2020 647.8778 207.7713 1.6924 0.6999 0.7550 2.1079 2.3273 48.5275 1.7945 0.2089
Pedestrian -1 -1 -1.2153 606.5960 172.8603 618.9957 196.1373 1.8205 0.7827 0.7028 0.1970 1.8214 56.8955 -1.2123 0.1843
Pedestrian -1 -1 2.5084 500.6105 181.6716 516.6105 207.3560 1.6977 0.7018 0.8085 -6.8578 2.2984 48.5887 2.3684 0.1842
Cyclist -1 -1 -0.8796 1166.1309 204.9366 1235.7198 270.7924 1.7380 1.5163 0.5717 16.8089 2.6909 20.6195 -0.2037 0.3283
Cyclist -1 -1 -1.7307 595.4920 168.3236 619.1447 191.9257 1.8479 1.7944 0.5924 -0.2390 1.4936 56.9284 -1.7352 0.3130
Cyclist -1 -1 0.1066 225.0141 176.7414 240.8678 208.7351 1.7777 1.7850 0.6148 -21.5884 2.0055 41.2621 -0.3730 0.3034
Cyclist -1 -1 0.2861 4.3874 174.6459 40.6617 225.7911 1.8419 1.8030 0.5605 -21.9955 1.9116 26.9879 -0.3930 0.2814
Cyclist -1 -1 -0.7754 954.2707 186.3692 994.9539 227.2885 1.8379 1.7144 0.7047 17.0931 2.4914 33.9399 -0.3130 0.2476
Cyclist -1 -1 -0.5494 899.8168 182.3534 930.6147 218.6956 1.7798 1.6785 0.6558 15.4597 2.2746 36.6723 -0.1539 0.2316
Cyclist -1 -1 -0.5370 420.2682 179.8586 443.9250 208.3419 1.6983 1.8082 0.5634 -10.9573 2.1367 44.2748 -0.7787 0.1998
Car -1 -1 -1.7424 575.7687 182.4358 620.7305 214.0351 1.4975 1.7193 3.6294 -0.6952 2.0193 37.3157 -1.7615 0.6596
Car -1 -1 3.0202 531.9818 180.5281 565.7867 206.1413 1.5261 3.7847 1.7052 -3.9869 2.0397 46.2306 2.9342 0.5475
Car -1 -1 3.1989 359.2151 183.9342 389.3788 208.4330 1.5702 3.7947 1.7765 -16.3752 2.3726 50.1676 2.8846 0.5219
Car -1 -1 2.5055 714.6725 179.1283 753.9557 196.9771 1.5753 3.7931 1.6746 11.5245 2.1781 67.2041 2.6742 0.2110
Car -1 -1 -0.5764 983.9075 184.4101 1087.5870 224.3694 1.4551 4.0532 1.6951 17.2460 1.9617 29.5368 -0.0528 0.1956
