Pedestrian -1 -1 1.1361 682.1634 150.7480 785.2822 308.5025 1.8071 1.0697 0.5987 1.4925 1.4680 8.5236 1.3050 0.8334
Pedestrian -1 -1 -1.4484 1119.6206 190.8829 1224.0000 370.0000 1.6633 0.7081 0.7203 4.3441 1.7510 5.3517 -0.7937 0.3890
Pedestrian -1 -1 1.3584 55.1438 190.4428 101.0831 252.1111 1.7097 0.9259 0.7694 -15.2314 2.0066 20.3930 0.7259 0.3698
Pedestrian -1 -1 2.4240 832.3202 172.6652 877.8404 242.3673 1.7104 0.7457 0.7857 6.2672 1.5197 17.8377 2.7579 0.2971
Pedestrian -1 -1 3.0056 254.0927 166.5527 305.1724 260.6635 1.7420 0.8848 0.7901 -6.3403 1.4855 13.6672 2.5819 0.2909
Pedestrian -1 -1 2.9476 9.3356 174.0984 70.0383 263.7072 1.7357 0.8915 0.8094 -11.4692 1.6133 14.2882 2.2837 0.2897
Pedestrian -1 -1 2.6423 640.7198 162.7359 698.2231 261.3721 1.7409 0.8462 0.7365 1.1334 1.4290 13.0097 2.7289 0.2608
Pedestrian -1 -1 2.8672 517.3556 164.7351 567.3268 263.0622 1.7313 0.8747 0.7024 -1.2042 1.4553 12.9778 2.7787 0.2571
Pedestrian -1 -1 1.2809 556.1107 160.0223 612.3182 250.9019 1.8318 1.0427 0.5877 -0.4779 1.4207 14.6899 1.2508 0.2489
Pedestrian -1 -1 -0.7955 729.2584 152.7958 784.7178 247.6269 1.8428 0.8530 0.6935 3.0229 1.3061 14.2820 -0.5896 0.2177
Pedestrian -1 -1 -0.8289 992.3380 165.7421 1068.0630 274.4051 1.7715 0.8730 0.6810 7.1818 1.5326 12.0399 -0.3010 0.2031
Pedestrian -1 -1 0.9820 968.9866 189.7964 1133.9752 370.0000 1.6523 0.7807 0.7150 3.2753 1.7291 5.3280 1.5087 0.2000
Pedestrian -1 -1 2.7041 605.4786 164.3200 656.7399 252.9181 1.7680 0.8851 0.7570 0.4907 1.4468 14.6600 2.7386 0.1873
Pedestrian -1 -1 0.9475 811.2830 168.3316 872.0624 258.5323 1.7276 0.9629 0.6132 4.6310 1.4961 13.9750 1.2624 0.1719
Pedestrian -1 -1 -0.9320 1158.4636 143.9450 1224.0000 252.0726 1.7812 0.8300 0.6629 10.1259 1.1807 12.1259 -0.2474 0.1657
Pedestrian -1 -1 -0.5607 667.6539 155.4650 720.2540 247.7301 1.8203 0.8650 0.7176 1.7729 1.3280 14.4882 -0.4397 0.1655
Cyclist -1 -1 -0.7859 0.0000 171.6256 95.3033 261.6617 1.7683 1.8121 0.6402 -11.4482 1.5956 14.3096 -1.4481 0.2178
Cyclist -1 -1 0.0346 256.0678 167.3269 300.1042 263.0118 1.7297 1.7509 0.7013 -6.3588 1.4932 13.7192 -0.3888 0.2147
Cyclist -1 -1 1.7877 627.3373 163.2188 737.2210 260.4333 1.7066 1.9041 0.7465 1.3889 1.4049 13.0626 1.8929 0.2127
Cyclist -1 -1 1.5864 677.4247 161.5299 752.8564 231.0992 1.7301 1.8696 0.6765 2.7737 1.2599 18.0671 1.7379 0.2125
Cyclist -1 -1 -0.0644 520.9066 163.1557 560.5952 267.1310 1.7708 1.8424 0.6051 -1.2490 1.4771 12.9939 -0.1562 0.2089
Cyclist -1 -1 -0.9515 1124.2173 142.7655 1224.0000 254.0815 1.7786 1.8648 0.5877 10.1060 1.1774 12.2695 -0.2735 0.2047
Cyclist -1 -1 -3.4788 860.8788 171.0605 940.0764 294.7543 1.6429 1.7626 0.4788 4.1996 1.5192 10.2764 -3.0999 0.1799
Cyclist -1 -1 -1.5642 633.9245 147.7664 725.2169 237.4300 1.7917 1.8266 0.6394 1.4867 1.1392 14.5397 -1.4626 0.1763
Cyclist -1 -1 -1.6027 556.5778 151.5856 631.9871 224.4661 1.7984 1.8664 0.6347 -0.3155 1.0865 17.8037 -1.6181 0.1749
Cyclist -1 -1 2.0133 251.6479 175.4446 395.1868 289.1770 1.7522 1.9986 0.7915 -4.5377 1.6760 11.3562 1.6443 0.1595
Cyclist -1 -1 0.7567 1090.8087 190.5966 1224.0000 370.0000 1.6127 1.7267 0.5991 5.4347 1.7132 6.4988 1.4309 0.1568
Car -1 -1 -2.2509 1152.9071 183.1770 1224.0000 370.0000 1.5516 1.6803 3.9101 6.5455 1.5828 5.7423 -1.4259 0.2426
Car -1 -1 0.0482 48.7032 188.8383 111.7633 234.4129 1.5113 3.6268 1.6725 -19.3418 1.8444 26.1383 -0.5815 0.2384
