Pedestrian -1 -1 1.6204 302.4731 142.4404 413.1370 326.7697 1.8940 1.0973 0.6729 -2.7809 1.5818 7.8861 1.2907 0.6033
Pedestrian -1 -1 -1.9749 593.4672 171.7204 620.5671 218.8370 1.8555 0.8372 0.8047 -0.1656 1.8112 28.9484 -1.9812 0.4194
Pedestrian -1 -1 1.1785 219.9022 107.5377 342.2210 373.7689 1.9859 0.7173 0.6388 -2.7254 1.4991 5.8595 0.7592 0.3071
Pedestrian -1 -1 0.8870 960.0064 172.4743 984.2210 207.8044 1.7588 0.8629 0.6664 18.1963 1.7403 36.3374 1.3476 0.2545
Pedestrian -1 -1 -1.6346 367.2836 180.3383 382.6126 209.1776 1.7588 0.8633 0.6552 -14.5983 2.2277 44.7049 -1.9489 0.2508
Pedestrian -1 -1 -1.0289 969.5545 155.1662 1010.1675 214.0428 1.8802 0.9956 0.6281 12.3881 1.3157 23.6283 -0.5515 0.1910
Pedestrian -1 -1 -0.5335 161.9386 173.4069 182.4416 209.2546 1.7362 0.6598 0.6094 -21.5065 1.7640 35.3809 -1.0766 0.1728
Cyclist -1 -1 3.2998 365.4149 181.9989 381.6335 212.2993 1.8024 2.0197 0.6420 -14.6385 2.3814 44.5987 2.9840 0.5810
Cyclist -1 -1 -3.7110 1128.5018 177.6841 1193.5956 254.1741 1.5071 1.4451 0.3382 11.4039 1.6131 15.0389 -3.0722 0.2397
Cyclist -1 -1 -0.4731 906.5833 183.6083 941.2806 232.4802 1.5425 1.5756 0.3674 10.3447 1.9113 23.9201 -0.0701 0.2026
Cyclist -1 -1 2.9692 598.0279 173.4135 616.3019 218.4866 1.7592 1.6681 0.4514 -0.1661 1.7827 29.0406 2.9628 0.1815
Car -1 -1 -3.2115 684.3049 181.4970 711.0632 202.5268 1.5564 3.9576 1.8186 6.8745 2.2647 57.0800 -3.0928 0.4119
Car -1 -1 -2.8812 463.5086 179.1392 494.6408 196.7278 1.5959 3.0567 2.1839 -12.3685 2.2047 68.2310 -3.0602 0.4010
Car -1 -1 -1.5182 233.4655 180.5397 269.2280 197.3109 1.4897 2.8659 2.1778 -33.3303 2.2214 67.0913 -1.9779 0.3724
Car -1 -1 3.1234 201.9519 180.9767 230.8801 204.6656 1.5267 3.7409 1.6933 -27.2998 2.1124 49.9463 2.6252 0.2501
Car -1 -1 -0.1933 573.9081 184.1463 603.7637 203.9883 1.5146 3.6285 1.7818 -1.7951 2.4736 59.2812 -0.2240 0.2453
Car -1 -1 2.1581 252.5947 179.2762 307.8730 199.6060 1.6553 3.9316 1.7232 -27.7211 2.2059 60.6471 1.7308 0.1899
