Pedestrian -1 -1 0.1150 714.5321 139.5645 744.3582 225.0951 1.8558 0.7929 0.5748 2.6240 1.1339 16.1123 0.2730 0.3043
Pedestrian -1 -1 -0.7592 688.9435 165.2522 711.1422 203.8415 1.8530 0.8465 0.6770 4.3509 1.4884 35.1867 -0.6377 0.2994
Pedestrian -1 -1 1.7519 843.6723 178.1379 890.8390 257.3806 1.6735 0.8726 0.6656 5.5888 1.7933 15.8064 2.0850 0.2492
Cyclist -1 -1 -0.0969 541.5435 172.4685 554.8860 201.4996 1.6818 1.7756 0.6158 -3.7001 1.6598 42.7249 -0.1832 0.4948
Cyclist -1 -1 3.0098 529.0294 172.8330 550.9766 219.1073 1.7725 1.8644 0.6229 -2.8312 1.7721 28.6140 2.9115 0.4909
Cyclist -1 -1 3.1447 510.7801 175.5688 528.3803 222.5503 1.7529 1.9544 0.6554 -3.5553 1.8625 28.0440 3.0191 0.4450
Cyclist -1 -1 -0.2143 621.7993 171.8368 634.2200 194.4388 1.7562 1.7877 0.6120 1.3906 1.6775 56.9967 -0.1904 0.3352
Cyclist -1 -1 2.6801 841.4365 165.6966 914.7316 255.3725 1.7564 2.0444 0.5741 5.5400 1.6166 15.1782 3.0231 0.3130
Cyclist -1 -1 -0.6293 682.8044 165.6069 714.4316 203.7336 1.8181 1.7789 0.6014 4.2872 1.4729 35.3280 -0.5100 0.2803
Cyclist -1 -1 -0.3324 872.9564 178.8985 937.9435 284.6970 1.6742 1.7780 0.4549 4.9921 1.7861 12.4150 0.0406 0.2716
Car -1 -1 -1.8420 705.3732 178.0651 882.3031 299.1465 1.5227 1.6104 3.7297 2.5625 1.6172 11.1391 -1.6228 0.7803
Car -1 -1 1.8237 284.6965 181.5165 422.7735 272.0350 1.5604 1.7366 3.7504 -5.1021 1.7610 14.7410 1.4954 0.6901
Car -1 -1 3.2140 455.6285 179.2074 506.7774 220.9456 1.6089 4.3674 1.8296 -5.4530 1.9001 30.7657 3.0395 0.5231
Car -1 -1 1.3722 715.4306 168.6280 795.5455 206.2870 1.8058 3.5894 1.6987 7.0643 1.6036 35.4534 1.5668 0.4578
Car -1 -1 -3.1725 638.3988 175.4527 662.5599 198.0835 1.5379 3.6601 1.5936 2.8188 1.7296 51.3012 -3.1184 0.4082
