Pedestrian -1 -1 3.0491 454.0737 151.2343 530.7921 354.5548 1.7232 0.8574 0.6167 -1.1027 1.4768 6.4793 2.8904 0.7500
Pedestrian -1 -1 1.5221 57.9632 190.4124 99.3239 252.2942 1.7187 0.9271 0.7766 -15.2364 2.0149 20.4159 0.8899 0.3718
Pedestrian -1 -1 -1.4743 1122.0051 188.1926 1224.0000 370.0000 1.6672 0.7024 0.7110 4.3424 1.7325 5.3438 -0.8190 0.3558
Pedestrian -1 -1 2.3839 832.3723 173.2505 877.7198 242.6637 1.7026 0.7551 0.7703 6.2676 1.5264 17.8401 2.7178 0.3342
Pedestrian -1 -1 2.9512 10.1741 174.2584 71.3856 263.9949 1.7395 0.9030 0.8202 -11.4619 1.6201 14.3066 2.2883 0.2816
Pedestrian -1 -1 2.9932 252.1256 169.2839 305.9951 262.1607 1.7169 0.8862 0.8292 -6.3488 1.5112 13.6625 2.5688 0.2709
Pedestrian -1 -1 2.7150 641.4349 162.2802 697.1274 261.7284 1.7557 0.8652 0.7247 1.1281 1.4357 13.0066 2.8012 0.2684
Pedestrian -1 -1 -0.0729 90.4157 166.2951 136.2105 260.4111 1.7851 0.8660 0.6892 -9.7573 1.5174 13.9594 -0.6706 0.2356
Pedestrian -1 -1 2.9051 517.0161 163.5506 567.3870 261.7112 1.7266 0.8967 0.7302 -1.2073 1.4301 12.9732 2.8163 0.2345
Pedestrian -1 -1 1.0524 970.8806 187.8583 1132.5018 370.0000 1.6429 0.7734 0.7081 3.2769 1.7039 5.3312 1.5791 0.2300
Pedestrian -1 -1 -0.7992 994.1279 168.1472 1069.4283 275.8406 1.7567 0.8703 0.6768 7.2067 1.5568 12.0378 -0.2698 0.2092
Pedestrian -1 -1 -1.1149 737.0779 162.3867 793.4888 254.2163 1.7837 0.9023 0.6873 3.1957 1.4335 14.2790 -0.8978 0.1903
Pedestrian -1 -1 -1.0165 735.4255 144.7158 798.3647 251.4707 1.7918 0.8611 0.6547 2.7926 1.1929 12.3975 -0.7985 0.1599
Cyclist -1 -1 -1.0472 1118.2714 146.1285 1224.0000 257.0086 1.7705 1.9570 0.5957 10.1085 1.2233 12.3049 -0.3704 0.3062
Cyclist -1 -1 -0.0447 520.5183 163.0405 560.4710 266.9338 1.7679 1.8183 0.6453 -1.2516 1.4724 12.9709 -0.1368 0.2879
Cyclist -1 -1 0.0106 254.0210 170.3717 301.6381 265.3061 1.7135 1.7505 0.7902 -6.3686 1.5323 13.7169 -0.4135 0.2418
Cyclist -1 -1 1.8625 305.5591 175.2205 448.0318 284.5793 1.6551 1.9912 0.7652 -3.5872 1.5769 11.0896 1.5596 0.2326
Cyclist -1 -1 -0.7756 0.0000 172.3488 96.3799 262.1765 1.7648 1.8281 0.6361 -11.4360 1.6063 14.3233 -1.4368 0.2215
Cyclist -1 -1 -0.5210 642.7166 161.8044 721.0798 263.0798 1.7629 1.8462 0.6147 1.3609 1.4391 13.2707 -0.4194 0.2141
Cyclist -1 -1 -1.6089 557.1681 147.2239 632.8585 220.8338 1.8144 1.8722 0.6372 -0.2987 0.9958 17.7901 -1.6234 0.2095
Cyclist -1 -1 1.4369 682.2313 163.0350 758.9695 232.8892 1.7480 1.8614 0.6310 2.8926 1.3126 18.0261 1.5951 0.2017
Cyclist -1 -1 1.5828 588.2270 170.9396 678.6926 258.0963 1.7709 1.8425 0.7541 0.5544 1.5782 14.7837 1.6211 0.1633
Car -1 -1 -2.2629 1152.1277 183.4383 1224.0000 370.0000 1.5465 1.6755 3.9152 6.5340 1.5805 5.7173 -1.4367 0.2859
Car -1 -1 0.0495 47.5681 189.6469 111.0649 234.9809 1.4988 3.5670 1.6810 -19.3550 1.8634 26.1098 -0.5810 0.2274
