Car -1 -1 -1.8961 394.4425 190.4784 520.2613 269.4029 1.4714 1.6250 3.9066 -3.6457 1.9254 16.4767 -2.1114 0.7786
Car -1 -1 -2.1283 526.3226 162.8656 824.3902 326.8683 1.7010 1.8829 4.4667 0.5334 1.5978 9.8905 -2.0775 0.6574
Car -1 -1 -1.6867 286.3373 185.1643 342.9808 227.7856 1.5324 1.6863 3.9009 -12.0776 2.0684 29.2764 -2.0751 0.6398
Car -1 -1 -0.2324 906.2982 168.7728 1033.5753 247.9041 1.5508 3.8539 1.6471 7.8484 1.4711 16.1942 0.2112 0.6324
Car -1 -1 -1.4380 0.0000 197.1369 37.0842 306.0241 1.4750 1.5799 3.8425 -11.3643 1.9721 12.7179 -2.1570 0.5901
Car -1 -1 0.0873 807.7498 171.3428 889.7961 240.9329 1.5295 3.4389 1.6397 5.9003 1.4966 17.7586 0.4025 0.5695
Car -1 -1 -1.7839 265.8289 182.5226 323.1010 218.6889 1.5582 1.6789 4.0603 -15.1142 2.0478 34.3654 -2.1957 0.5485
Car -1 -1 -1.3431 469.7503 175.9969 549.1360 214.1360 1.6603 3.2160 1.8977 -4.5503 1.8078 32.6777 -1.4809 0.5449
Car -1 -1 1.8451 407.2594 177.6420 489.3890 207.8481 1.5317 3.8695 1.7931 -8.4858 1.7903 37.9048 1.6260 0.5150
Car -1 -1 1.9757 998.4371 165.4780 1210.7526 239.6484 1.6496 4.0572 1.7628 12.2672 1.4859 18.2243 2.5602 0.4741
Car -1 -1 3.1549 71.6916 190.5378 113.0588 222.8900 1.5266 3.4355 1.7061 -27.2642 2.5053 38.0177 2.5358 0.4318
