Pedestrian -1 -1 1.4677 636.8934 157.1481 740.3024 325.9537 1.7447 1.0441 0.5623 0.8262 1.5050 7.5853 1.5736 0.8083
Pedestrian -1 -1 2.4232 830.0423 170.9486 879.4756 240.9511 1.7077 0.8914 0.7778 6.2435 1.4763 17.8021 2.7565 0.4670
Pedestrian -1 -1 1.1449 52.7166 192.7584 102.7348 256.2900 1.7576 0.9257 0.7641 -15.2238 2.1227 20.3741 0.5121 0.4335
Pedestrian -1 -1 -0.3780 639.4026 163.7481 692.0624 262.6860 1.7459 0.8066 0.7120 1.0597 1.4520 12.9619 -0.2966 0.3779
Pedestrian -1 -1 -1.3207 1113.6938 190.4989 1224.0000 370.0000 1.6696 0.7004 0.7342 4.3442 1.7542 5.3571 -0.6664 0.3763
Pedestrian -1 -1 3.0416 13.7296 175.6031 69.6813 263.9006 1.7168 0.8456 0.8148 -11.4628 1.6232 14.3294 2.3793 0.3269
Pedestrian -1 -1 3.0317 254.8689 164.8789 305.0010 259.5946 1.7521 0.8928 0.7928 -6.3316 1.4647 13.6600 2.6083 0.2731
Pedestrian -1 -1 1.0110 967.8440 190.0047 1133.3438 370.0000 1.6483 0.7922 0.7124 3.2682 1.7267 5.3294 1.5367 0.2334
Pedestrian -1 -1 1.2888 558.4135 161.3248 611.8292 250.5711 1.8023 0.9860 0.5863 -0.4597 1.4167 14.7039 1.2600 0.2164
Pedestrian -1 -1 2.7928 517.4293 164.3583 568.7227 262.7361 1.7341 0.8757 0.6808 -1.1916 1.4512 12.9986 2.7053 0.2141
Pedestrian -1 -1 0.9350 812.0701 169.2772 873.1612 259.8131 1.7344 0.9789 0.6034 4.6518 1.5210 13.9799 1.2510 0.1925
Pedestrian -1 -1 -0.1273 93.1914 159.3144 139.9429 253.7238 1.8094 0.8145 0.6752 -9.7714 1.4050 14.0750 -0.7218 0.1767
Pedestrian -1 -1 1.2593 291.6108 191.6839 328.9008 262.9776 1.8143 0.7266 0.7152 -7.8158 2.1190 18.6548 0.8699 0.1702
Pedestrian -1 -1 -0.8754 994.2596 163.0524 1070.3390 272.1315 1.7753 0.8811 0.6722 7.2129 1.4930 12.0310 -0.3453 0.1650
Pedestrian -1 -1 -0.0483 224.2750 171.5365 263.3904 261.0782 1.7765 0.8164 0.6840 -7.4795 1.6003 14.5460 -0.5127 0.1567
Pedestrian -1 -1 2.5530 605.5126 162.9656 657.3594 250.9712 1.7557 0.8338 0.7331 0.5005 1.4075 14.6477 2.5882 0.1535
Cyclist -1 -1 0.0680 252.7499 165.5546 302.3392 262.8012 1.7538 1.7875 0.7385 -6.3618 1.4859 13.7127 -0.3558 0.2498
Cyclist -1 -1 0.5017 0.0000 176.4842 71.1111 267.8373 1.7233 1.8415 0.6346 -11.7185 1.6491 14.2942 -0.1725 0.2385
Cyclist -1 -1 1.8460 306.7103 176.3858 445.1171 285.5338 1.6521 1.9365 0.7491 -3.6046 1.5915 11.0998 1.5419 0.2284
Cyclist -1 -1 0.7053 1089.2482 188.6398 1224.0000 370.0000 1.6335 1.7811 0.6203 5.4330 1.7156 6.5060 1.3788 0.2279
Cyclist -1 -1 1.4600 684.5450 160.4870 764.4847 230.1293 1.7148 1.9182 0.6736 2.9489 1.2236 17.7910 1.6232 0.2148
Cyclist -1 -1 -0.2150 641.0204 160.5442 691.2576 263.4780 1.7520 1.7470 0.5443 1.0455 1.4140 12.9315 -0.1345 0.2046
Cyclist -1 -1 -0.4458 849.5862 169.4967 945.2460 293.3772 1.6540 1.8672 0.5166 4.1882 1.5087 10.3847 -0.0713 0.1977
Cyclist -1 -1 2.6805 828.2250 175.0370 879.4692 244.3734 1.6675 1.5500 0.5787 6.2046 1.5378 17.8055 3.0119 0.1943
Cyclist -1 -1 -1.1669 281.9392 194.8362 358.0299 264.5321 1.7910 1.7304 0.7026 -7.5555 2.1792 18.6924 -1.5438 0.1862
Cyclist -1 -1 -0.7774 0.0000 140.3004 62.1069 219.9263 1.8152 1.8025 0.5995 -13.8010 0.9004 16.5091 -1.4621 0.1754
Cyclist -1 -1 3.0162 609.1458 161.4790 641.9577 235.8708 1.7851 1.7921 0.6049 0.4627 1.3303 17.8829 3.0434 0.1662
Car -1 -1 0.3242 26.1719 185.7990 122.5116 232.3039 1.5421 3.8452 1.6690 -19.4031 1.7542 26.0015 -0.3095 0.2231
Car -1 -1 -2.2694 1148.2941 185.0761 1224.0000 370.0000 1.5470 1.6706 3.8788 6.5132 1.5991 5.7424 -1.4469 0.2164
Car -1 -1 2.5044 555.5715 172.7052 604.6346 194.7044 1.5449 3.7440 1.6848 -1.8445 0.9988 51.6364 2.4706 0.1787
