Pedestrian -1 -1 1.3523 806.4600 158.3870 827.1075 196.3101 1.8334 0.8634 0.5699 10.0426 1.1343 35.1886 1.6278 0.2626
Pedestrian -1 -1 2.1116 1158.2599 158.1461 1206.0768 229.6981 1.7780 0.7568 0.5967 14.5268 1.4129 18.3879 2.7720 0.1947
Pedestrian -1 -1 0.9250 1162.9980 164.7048 1222.3744 240.9627 1.7194 0.8407 0.6499 13.3441 1.5360 16.5998 1.5930 0.1946
Pedestrian -1 -1 2.1939 1119.5328 164.2272 1174.8560 239.0149 1.7536 0.8224 0.6923 12.9076 1.5517 17.4148 2.8231 0.1927
Pedestrian -1 -1 -0.7915 1061.7526 157.6817 1110.2842 224.5215 1.8285 0.8819 0.7230 13.2983 1.4138 20.2444 -0.2174 0.1825
Cyclist -1 -1 -2.6021 206.3983 186.6985 228.5327 210.2048 1.8051 1.8406 0.7012 -31.2620 2.9256 57.4415 -3.0988 0.2786
Cyclist -1 -1 -0.7587 1055.4353 157.9526 1130.2737 223.9415 1.7437 1.8700 0.5928 13.3173 1.3503 20.0358 -0.1792 0.2380
Cyclist -1 -1 2.5322 991.0459 178.0863 1035.6642 222.1920 1.7353 1.8881 0.6192 16.4716 1.9572 29.5871 3.0354 0.2005
Cyclist -1 -1 3.5871 96.9835 183.4878 119.3728 208.1060 1.7410 1.8018 0.6276 -36.7194 2.5330 52.7750 2.9814 0.1887
Cyclist -1 -1 3.4369 223.4773 182.1663 237.7807 202.5128 1.7425 1.7636 0.6283 -33.4337 2.5752 63.5634 2.9541 0.1826
Car -1 -1 3.4889 205.3087 187.8577 271.0173 222.1317 1.4597 3.6732 1.6164 -17.6461 2.2140 34.3333 3.0170 0.6602
Car -1 -1 -0.8695 7.2364 196.1831 111.6545 234.6653 1.5384 1.8436 3.6975 -25.1202 2.6683 33.0372 -1.5159 0.3732
Car -1 -1 -0.2251 706.7758 169.4314 739.7618 191.6170 1.6833 4.0594 1.6924 8.8511 1.4239 56.8263 -0.0717 0.3317
Car -1 -1 -0.8632 972.0925 178.3379 1083.8617 218.4871 1.5495 3.9334 1.6854 17.5447 1.7984 30.5640 -0.3468 0.2846
Car -1 -1 -0.3020 502.7787 181.0151 536.8790 201.7788 1.5210 3.5466 1.6588 -7.0976 2.1808 56.3476 -0.4272 0.2815
Car -1 -1 2.9455 541.1838 176.4548 568.7529 195.4822 1.5439 3.6145 1.6566 -4.7232 1.8598 61.2512 2.8685 0.2766
