Pedestrian -1 -1 2.4684 793.2459 168.5410 830.8713 237.0259 1.7546 0.7431 0.6224 5.2528 1.6444 18.9474 2.7341 0.5570
Car -1 -1 -1.7779 701.9460 182.9811 822.7957 271.0514 1.4809 1.5911 3.5699 2.8299 1.7079 14.3422 -1.5881 0.7559
Car -1 -1 3.1504 512.5377 181.6949 568.5287 231.9853 1.4580 3.5325 1.6714 -2.2823 1.7675 23.3938 3.0535 0.6824
Car -1 -1 -1.6075 590.9094 175.6632 644.4010 225.9504 1.5632 1.6599 3.8785 0.1454 1.6670 24.6101 -1.6025 0.6552
Car -1 -1 -1.7766 214.7717 187.7488 360.5692 287.0962 1.4676 1.7553 3.4060 -6.0003 1.7779 13.1179 -2.1986 0.5724
Car -1 -1 -1.8774 383.3873 181.7821 470.3482 233.1392 1.5250 1.8315 3.5153 -6.2198 1.8479 24.0861 -2.1280 0.5417
Car -1 -1 0.0329 535.1687 180.9477 580.3887 223.2193 1.5065 3.8675 1.6507 -2.0386 1.8478 28.4277 -0.0387 0.5305
Car -1 -1 -0.8719 437.7886 175.1612 528.0465 209.9757 1.5533 4.0480 1.7278 -6.0768 1.6687 34.1846 -1.0469 0.4459
Car -1 -1 3.0067 643.5948 179.6312 684.1282 209.8495 1.4917 3.3133 1.6917 2.7620 1.8659 38.0888 3.0779 0.4337
Car -1 -1 -2.0154 278.5696 180.0146 426.9841 262.9813 1.5995 1.6848 3.7232 -5.8805 1.7791 16.1468 -2.3600 0.4313
Car -1 -1 -0.6125 496.4827 171.7110 550.9722 196.8862 1.6132 3.8670 1.6999 -5.8314 1.5403 48.2394 -0.7326 0.4077
