Pedestrian -1 -1 2.9000 743.5582 161.6847 808.9990 282.8502 1.7373 0.8472 0.7574 2.5487 1.4545 10.7280 3.1221 0.7234
Pedestrian -1 -1 2.7131 654.4518 156.7306 687.1699 225.1008 1.8343 0.7339 0.6435 1.8686 1.1709 19.7226 2.8011 0.4863
Pedestrian -1 -1 -0.5855 878.1699 167.9649 952.4500 284.8153 1.6818 0.7885 0.6972 4.6552 1.4883 10.7899 -0.1925 0.4828
Pedestrian -1 -1 -0.0816 586.7700 163.6705 616.7734 232.4840 1.8150 0.7537 0.7435 -0.0297 1.3459 19.3522 -0.0884 0.4310
Pedestrian -1 -1 -0.0213 324.5821 152.3140 345.8187 211.4270 1.8336 0.7622 0.6120 -8.4617 0.9294 22.7467 -0.3787 0.3976
Pedestrian -1 -1 1.7407 76.4750 161.9467 171.3799 325.9874 1.8268 0.8168 0.7590 -5.6708 1.6104 8.5076 1.1610 0.3840
Pedestrian -1 -1 1.2087 918.3755 133.4444 1048.0138 325.8579 1.8467 0.9858 0.6427 3.7771 1.3869 7.2595 1.6683 0.3214
Pedestrian -1 -1 2.6557 468.6659 160.0016 485.1469 194.2283 1.8907 0.7043 0.6531 -6.9641 0.7039 40.1566 2.4802 0.2879
Pedestrian -1 -1 2.7524 591.3488 168.9588 644.1650 254.9991 1.7347 0.8665 0.8340 0.2946 1.4831 15.0362 2.7661 0.2694
Pedestrian -1 -1 2.0139 710.4886 156.7665 734.5865 199.9843 1.9029 0.8565 0.6799 5.4079 0.8148 32.1482 2.1742 0.2269
Pedestrian -1 -1 -0.3630 503.9705 169.9815 516.5065 195.7724 1.8568 0.7141 0.6931 -6.6114 1.0281 52.1911 -0.4933 0.2212
Pedestrian -1 -1 0.0564 407.3518 153.1727 430.5916 217.2391 1.8111 0.8531 0.6085 -5.3012 1.0115 20.7818 -0.1954 0.2195
Cyclist -1 -1 3.1926 440.9503 163.2989 478.9193 249.9034 1.8141 1.8168 0.7463 -3.1631 1.4341 15.9976 2.9950 0.5870
Cyclist -1 -1 0.1140 367.7157 159.7218 417.1305 264.3874 1.8029 1.9387 0.6722 -3.9002 1.4290 13.3829 -0.1699 0.5010
Cyclist -1 -1 -0.1343 626.8207 155.0836 698.6888 286.5518 1.7835 1.8409 0.7966 0.8236 1.4264 10.6866 -0.0650 0.3908
Cyclist -1 -1 3.5310 0.0000 181.6526 123.9586 374.0000 1.7295 1.8022 0.7006 -5.6045 1.7326 7.2334 2.8831 0.2696
Cyclist -1 -1 -0.2649 583.3805 166.4762 623.2992 235.3504 1.7708 1.8226 0.6085 -0.0021 1.3857 19.4254 -0.2703 0.2590
Cyclist -1 -1 -1.1138 321.5882 170.4325 379.7761 220.5487 1.7732 1.8695 0.6810 -9.0416 1.3827 25.8620 -1.4521 0.2244
Cyclist -1 -1 -0.5174 759.2283 156.9899 847.2226 268.2747 1.7698 1.8853 0.5810 3.3932 1.3813 12.4072 -0.2613 0.2243
Car -1 -1 0.8319 1143.9307 173.8113 1238.0000 314.0779 1.5196 1.7508 3.7109 9.5008 1.4376 9.6519 1.5906 0.3905
Car -1 -1 1.5185 508.0031 177.5882 567.1158 201.6417 1.5302 3.7410 1.8778 -4.1889 1.2821 46.8970 1.4248 0.3014
Car -1 -1 3.0903 523.6146 172.9346 549.4464 195.1371 1.5398 3.9707 1.6332 -4.7070 0.9464 51.9001 2.9953 0.3001
Car -1 -1 -0.5385 963.5493 174.2450 1165.4779 258.8925 1.4762 3.8153 1.6094 9.0008 1.3509 14.4366 0.0056 0.2852
Car -1 -1 -0.1509 786.5559 168.6394 883.4827 241.2670 1.5436 3.6636 1.6072 5.4269 1.2715 17.1937 0.1452 0.2706
Car -1 -1 -1.3114 696.6663 165.7497 843.9412 222.9605 1.5200 3.8466 1.6309 4.8187 1.1027 20.6936 -1.0905 0.2341
Car -1 -1 3.0393 600.1870 179.3638 724.2580 283.2788 1.4789 3.7435 1.6248 0.8255 1.4498 12.1241 3.1002 0.2294
