Pedestrian -1 -1 1.1097 577.8038 156.6322 660.5544 285.4706 1.8081 0.9796 0.7830 0.1551 1.4748 10.4820 1.1259 0.7542
Pedestrian -1 -1 2.9605 367.1206 155.7188 411.3795 258.0243 1.8065 0.8901 0.6331 -4.0261 1.3706 13.0207 2.6693 0.7199
Pedestrian -1 -1 -0.1744 395.1751 159.0762 435.8581 249.3916 1.8568 0.9070 0.6944 -4.0935 1.4180 15.0889 -0.4323 0.7083
Pedestrian -1 -1 -0.4466 625.4786 158.4272 696.2635 275.3107 1.7739 0.9638 0.7872 0.8337 1.4405 11.3177 -0.3733 0.7073
Pedestrian -1 -1 -0.0914 287.6799 162.2028 312.3064 215.5604 1.8426 1.0074 0.7158 -10.8298 1.2123 25.0243 -0.4934 0.6758
Pedestrian -1 -1 3.3172 420.4373 157.9483 476.6472 277.2784 1.7707 0.9700 0.6908 -2.4580 1.4377 10.9838 3.1050 0.6411
Pedestrian -1 -1 1.1941 502.0689 162.4563 565.3381 269.8443 1.7604 0.8993 0.6518 -1.2673 1.4663 12.0818 1.0940 0.4817
Pedestrian -1 -1 2.9073 417.6448 163.6799 463.9636 255.9023 1.7500 0.8463 0.7152 -3.2903 1.4325 13.9499 2.6825 0.4455
Pedestrian -1 -1 3.2643 194.0853 157.7170 213.9651 202.9941 1.9033 0.7307 0.6508 -17.1320 0.9471 30.1783 2.7544 0.4158
Pedestrian -1 -1 2.9116 282.9681 153.7439 302.5554 197.5034 1.9242 0.7074 0.6587 -13.9625 0.7491 31.5656 2.5008 0.3582
Pedestrian -1 -1 3.0339 355.9526 163.6665 396.5608 253.7861 1.7824 0.8602 0.7085 -4.7466 1.4511 14.5160 2.7261 0.3487
Pedestrian -1 -1 2.9990 546.8146 161.3059 567.6028 210.9439 1.8356 0.8777 0.6638 -1.8321 1.1273 26.6395 2.9330 0.3442
Pedestrian -1 -1 -0.9428 909.3240 162.5633 939.3885 212.2236 1.7749 0.7761 0.6301 11.6064 1.1354 25.7596 -0.5224 0.3270
Pedestrian -1 -1 3.3087 0.0000 170.9708 31.8495 243.4302 1.7646 0.7713 0.6760 -14.9105 1.5341 17.7164 2.6196 0.3235
Cyclist -1 -1 2.8128 542.0729 167.0551 572.9044 216.9855 1.8126 1.8019 0.6083 -1.8300 1.3261 26.6116 2.7466 0.5096
Cyclist -1 -1 2.0844 1175.9827 168.2585 1224.0000 210.4118 1.7417 1.9641 0.6230 25.6922 1.2374 30.2373 2.7851 0.4529
Cyclist -1 -1 2.8731 537.7005 168.5397 555.7008 198.0472 1.8377 2.0264 0.6305 -3.7309 1.0942 45.0898 2.7928 0.4147
Cyclist -1 -1 -2.5736 250.2707 167.4473 284.6428 209.7007 1.8205 1.7367 0.5181 -14.9700 1.2596 31.3534 -3.0134 0.3890
Car -1 -1 1.1847 1119.1124 186.7958 1224.0000 237.1436 1.5430 1.5964 3.8850 19.3706 1.7793 24.2735 1.8533 0.6653
Car -1 -1 0.9309 1031.0558 182.5938 1159.0413 230.1704 1.4668 1.5887 3.7757 16.3591 1.5447 23.8823 1.5268 0.5803
Car -1 -1 -0.6508 945.7496 177.9110 1062.2352 228.0903 1.5918 3.5371 1.6639 13.5498 1.5112 24.2954 -0.1461 0.3753
Car -1 -1 1.2398 305.8026 177.0336 364.6895 199.3896 1.5074 3.4384 1.8534 -18.8592 1.2750 49.4784 0.8795 0.3183
