Pedestrian -1 -1 -0.4027 644.9415 164.2251 671.4663 213.7016 1.8386 0.8973 0.7061 1.7787 1.5183 27.3508 -0.3391 0.5029
Pedestrian -1 -1 -1.4381 513.9579 169.8770 522.8431 190.8006 1.7666 0.6653 0.6759 -7.7972 1.5156 61.2562 -1.5645 0.2630
Cyclist -1 -1 0.3051 288.8006 187.9460 381.8896 307.5762 1.6921 1.7852 0.8627 -4.3143 1.9490 11.3471 -0.0513 0.5767
Cyclist -1 -1 -0.4299 509.6659 171.8306 525.0963 193.2622 1.7883 1.8596 0.5730 -7.8784 1.7033 61.1450 -0.5578 0.2866
Cyclist -1 -1 -0.2267 644.3712 167.3693 670.7723 216.4602 1.8055 1.7611 0.6160 1.7522 1.6041 27.4533 -0.1643 0.2756
Car -1 -1 -2.1668 880.5114 195.7447 1242.0000 375.0000 1.5047 1.6050 3.8588 2.6481 1.6720 3.3018 -1.5345 0.7398
Car -1 -1 -1.7182 688.1609 177.4787 808.5619 271.0303 1.5418 1.6690 3.9878 2.4851 1.6454 14.0995 -1.5484 0.7372
Car -1 -1 -1.0365 0.0000 205.4653 309.0559 375.0000 1.4626 1.6556 3.9237 -3.7496 1.7883 5.1825 -1.6393 0.6786
Car -1 -1 -0.2991 533.4447 179.9938 566.8452 199.9823 1.5235 3.5457 1.7196 -4.8965 2.1208 58.3619 -0.3829 0.5347
Car -1 -1 -2.8577 328.4744 180.1842 471.1841 234.4579 1.5321 1.5373 3.7751 -6.1921 1.7573 21.3529 -3.1372 0.5141
Car -1 -1 -0.3199 621.2726 174.1356 658.1151 196.2231 1.5497 3.2708 1.7394 2.1050 1.6468 52.6453 -0.2806 0.3679
