Pedestrian -1 -1 2.3842 723.0767 166.0380 808.3627 288.2412 1.6559 0.9254 0.7696 2.2540 1.4616 10.1709 2.5976 0.6526
Pedestrian -1 -1 -2.3174 1052.4698 128.9727 1126.5012 243.3764 1.8890 0.8071 0.6628 8.2094 1.0399 12.0611 -1.7302 0.5112
Pedestrian -1 -1 3.0035 683.3365 160.4277 707.6521 212.4651 1.8349 0.8674 0.7512 3.2121 1.1287 25.3645 3.1297 0.4475
Pedestrian -1 -1 2.7302 699.6470 165.2493 720.9672 207.8209 1.7360 0.7585 0.6207 4.3342 1.1156 29.2751 2.8773 0.4375
Pedestrian -1 -1 -0.4347 994.1642 158.7738 1019.9285 203.7828 1.8559 0.7728 0.6710 16.7824 0.9615 29.5610 0.0787 0.2402
Pedestrian -1 -1 -3.3446 847.6846 142.6458 907.0748 262.1563 1.8091 0.8537 0.7089 4.2404 1.2377 11.1734 -2.9894 0.2369
Pedestrian -1 -1 2.0008 1115.6418 140.4924 1163.5836 216.0258 1.8198 0.7591 0.6217 13.2011 0.8575 17.5121 2.6397 0.2173
Pedestrian -1 -1 1.4432 462.7126 183.0891 486.3387 228.0555 1.7707 0.8494 0.7109 -5.2613 1.8778 28.3592 1.2632 0.2141
Pedestrian -1 -1 1.3471 433.0417 185.2881 466.0493 239.2976 1.6787 0.8904 0.7341 -5.0011 1.8367 22.5845 1.1336 0.2116
Pedestrian -1 -1 1.5086 669.1873 144.0790 721.1159 242.3559 1.8935 0.9768 0.6288 1.7258 1.1934 13.9607 1.6308 0.2057
Pedestrian -1 -1 -0.6297 910.9747 144.2942 971.9268 243.4426 1.8064 0.8127 0.6892 6.2940 1.1484 13.3424 -0.1963 0.2052
Pedestrian -1 -1 1.7653 1150.0615 150.5831 1224.0000 305.0333 1.6759 0.8274 0.6548 6.8705 1.3529 8.1942 2.4458 0.1919
Cyclist -1 -1 -3.3898 843.0597 139.1879 910.4402 266.5767 1.8681 1.7663 0.5621 4.2449 1.2639 11.2712 -3.0370 0.5487
Cyclist -1 -1 3.2433 511.4320 164.1476 535.3694 222.6579 1.8304 1.9735 0.5773 -2.6806 1.3204 23.1035 3.1311 0.5331
Cyclist -1 -1 -0.7529 981.0832 160.2130 1028.7874 204.1768 1.7809 1.8519 0.6405 16.7027 0.9606 29.6118 -0.2423 0.4906
Cyclist -1 -1 3.3673 180.5588 147.9854 337.4944 370.0000 1.7568 1.8685 0.7217 -2.8113 1.5344 5.8563 2.9423 0.4749
Cyclist -1 -1 -0.3408 876.6928 163.5629 940.2783 250.9276 1.6867 1.8355 0.6080 6.1760 1.3613 14.5780 0.0538 0.3823
Cyclist -1 -1 2.4438 869.5295 156.2909 909.5771 197.9406 1.7364 1.7774 0.5890 12.1980 0.7286 30.4091 2.8234 0.3539
Cyclist -1 -1 -0.1219 782.1016 162.2596 811.1589 221.1868 1.6518 1.8531 0.5930 5.5782 1.1421 20.7727 0.1384 0.2482
Cyclist -1 -1 3.3878 378.6917 179.0015 407.1355 228.2811 1.6413 1.7247 0.5316 -7.3366 1.5929 24.4165 3.1011 0.2441
Cyclist -1 -1 -1.7121 1149.9314 149.6455 1224.0000 227.8044 1.7158 1.8530 0.9103 13.8209 1.0400 16.3893 -1.0195 0.2130
Car -1 -1 0.9226 938.1951 163.6248 1020.4150 193.4737 1.6338 3.7813 1.7998 21.0783 0.7115 39.8911 1.4071 0.3092
Car -1 -1 -0.2243 760.9539 169.3565 827.8111 214.4984 1.5494 3.6679 1.5885 6.8835 1.1685 26.1214 0.0321 0.2457
Car -1 -1 3.1244 485.9783 172.3446 515.4374 200.5668 1.6070 3.9253 1.6655 -6.2793 1.1440 42.3256 2.9799 0.2268
