Pedestrian -1 -1 0.3269 51.0101 142.5835 140.9708 310.9669 1.8069 0.8364 0.5908 -5.8847 1.4824 8.2232 -0.2792 0.2266
Pedestrian -1 -1 2.3603 822.7347 171.7685 880.3435 257.4308 1.7072 0.8679 0.7298 4.9390 1.6860 14.9294 2.6731 0.2116
Pedestrian -1 -1 1.2272 507.9934 188.5949 526.7877 221.5248 1.7120 0.7724 0.7958 -4.9863 2.5649 38.5458 1.0988 0.2065
Pedestrian -1 -1 -2.0827 951.0765 136.4692 1083.5182 343.1188 1.7978 0.7860 0.7604 3.6744 1.4816 6.6654 -1.5983 0.1871
Pedestrian -1 -1 2.4390 626.3315 168.4748 677.8262 252.1633 1.7426 0.9328 0.6638 0.8532 1.6518 15.5940 2.4915 0.1716
Pedestrian -1 -1 -0.7222 796.3707 158.1507 855.1756 255.3680 1.7771 0.8101 0.7106 4.0391 1.5087 13.7051 -0.4423 0.1516
Pedestrian -1 -1 2.3728 611.5827 175.7840 655.1291 249.4126 1.6339 0.7167 0.6954 0.4851 1.7035 16.5480 2.4005 0.1485
Cyclist -1 -1 -3.4205 826.1280 170.9789 881.2631 261.1109 1.7589 1.9253 0.5599 4.9961 1.7227 15.0497 -3.1068 0.3437
Cyclist -1 -1 -0.1199 632.7632 167.8909 670.4063 255.7565 1.7801 1.8720 0.5779 0.8233 1.6799 15.5691 -0.0692 0.2812
Cyclist -1 -1 -0.2843 495.7041 185.0143 511.3012 210.7949 1.7440 1.8630 0.5833 -7.5188 2.6150 50.6896 -0.4313 0.2056
Cyclist -1 -1 3.2135 373.8505 178.9399 391.1337 220.4620 1.7772 1.9510 0.5961 -10.1806 2.0577 32.1961 2.9091 0.1823
Cyclist -1 -1 -0.4818 945.5990 120.2154 1095.5020 336.7154 1.7529 1.6572 0.4425 3.6537 1.3271 6.6679 0.0004 0.1523
Car -1 -1 1.5000 419.1870 189.5537 465.2998 229.2797 1.5288 1.6904 3.9636 -7.4663 2.3128 31.7106 1.2701 0.6189
Car -1 -1 1.5225 506.3069 185.7175 536.8858 211.6162 1.5341 1.7811 3.6420 -5.7781 2.4003 46.6171 1.3994 0.2500
Car -1 -1 2.7668 463.2953 181.7041 500.5212 201.5764 1.5388 3.8908 1.7339 -10.6815 2.2993 59.8600 2.5906 0.2407
Car -1 -1 -2.2059 981.9944 158.9052 1242.0000 375.0000 1.5672 1.6581 3.9243 4.3523 1.5073 5.1051 -1.5287 0.2155
Car -1 -1 2.2461 815.3989 172.0601 884.7927 198.5675 1.5451 3.8343 1.6426 14.5901 1.4992 44.1094 2.5632 0.1792
Car -1 -1 -0.1866 482.9390 184.4899 510.9502 202.4433 1.4960 3.9460 1.7913 -10.2480 2.5808 65.0807 -0.3426 0.1741
Car -1 -1 2.6582 866.0339 153.0973 1142.7860 290.2198 1.5703 3.9444 1.6936 5.1799 1.3444 10.2549 3.1138 0.1579
