Pedestrian -1 -1 2.9432 581.7735 149.3085 691.4409 367.4403 1.8108 1.0269 0.7912 0.2363 1.5449 6.5335 2.9715 0.6869
Pedestrian -1 -1 1.9113 328.3841 179.6915 466.3696 374.0000 1.6687 0.9266 0.6900 -1.7171 1.6560 5.9686 1.6358 0.6491
Pedestrian -1 -1 -2.8696 933.9517 175.0563 1078.2037 374.0000 1.6832 0.8279 0.8004 3.0871 1.6398 5.5643 -2.3888 0.5068
Pedestrian -1 -1 2.8735 361.7287 170.9515 386.6711 221.4374 1.7307 0.8378 0.6306 -7.9814 1.3701 25.1451 2.5640 0.4528
Pedestrian -1 -1 1.7663 1210.3177 158.4338 1237.8501 211.3442 1.7269 0.5928 0.5896 20.6567 0.9752 23.8585 2.4695 0.3178
Pedestrian -1 -1 3.1240 31.9111 174.0118 56.8007 227.8632 1.7879 0.7266 0.6530 -18.8995 1.5404 24.3345 2.4637 0.2683
Pedestrian -1 -1 1.1410 876.7396 167.3711 922.9346 242.8507 1.7537 0.7823 0.7135 7.0432 1.4266 17.0625 1.5218 0.2368
Pedestrian -1 -1 -0.8237 606.9374 160.4033 634.4510 212.7913 1.8792 0.6938 0.7319 0.6833 1.1235 26.2682 -0.8030 0.2085
Pedestrian -1 -1 -0.2618 0.0000 177.3971 27.0060 231.4933 1.7713 0.7950 0.6766 -19.7942 1.6381 24.0248 -0.9507 0.1988
Cyclist -1 -1 0.2543 357.6532 170.4700 387.6908 221.1017 1.7151 1.7991 0.5781 -8.0441 1.3425 25.2443 -0.0563 0.3088
Cyclist -1 -1 1.8937 1148.4451 144.6261 1220.9480 200.9407 1.7826 1.7731 0.5286 19.1270 0.6165 23.6223 2.5640 0.2217
Cyclist -1 -1 2.4713 929.2375 175.2005 1124.2054 374.0000 1.5727 1.4252 0.4446 3.0838 1.5329 5.4451 2.9604 0.2158
Cyclist -1 -1 0.5686 0.0000 176.5767 48.7132 231.9855 1.7950 1.8618 0.5805 -19.5873 1.6366 24.2257 -0.1112 0.2042
Car -1 -1 -1.9712 701.6331 156.3371 839.8306 212.7150 1.6274 3.7422 1.6707 5.0848 0.9022 21.8895 -1.7507 0.3685
Car -1 -1 -0.9168 984.6328 168.8330 1215.0040 259.8260 1.5424 1.6210 3.8163 9.3420 1.3290 13.5554 -0.3277 0.3270
Car -1 -1 1.6590 217.0799 175.2573 327.9223 223.0770 1.7310 3.7144 1.6952 -12.4668 1.5061 27.4185 1.2307 0.3064
