Pedestrian -1 -1 1.4206 410.8076 178.7300 429.2334 211.3859 1.7335 0.8742 0.6512 -10.2917 2.0549 38.9416 1.1634 0.2524
Pedestrian -1 -1 2.9273 226.6639 169.2378 258.1330 233.4972 1.7188 0.7492 0.6257 -10.1308 1.6224 19.7844 2.4592 0.2240
Pedestrian -1 -1 -2.4277 622.4927 173.0822 634.1039 194.9293 1.7368 0.7037 0.6217 1.4427 1.7556 57.8370 -2.4033 0.1922
Cyclist -1 -1 -0.5052 627.3303 181.4739 649.6309 213.0749 1.6170 1.6242 0.4460 1.4616 2.0836 38.1943 -0.4679 0.2948
Cyclist -1 -1 -2.6012 215.2579 170.6529 268.6207 232.9499 1.6446 1.6334 0.5430 -10.1604 1.5868 19.8796 -3.0686 0.2685
Cyclist -1 -1 -3.2547 720.9857 184.4803 737.0884 221.5491 1.7926 1.7571 0.5991 5.9482 2.3929 36.3404 -3.0945 0.2632
Cyclist -1 -1 -0.2151 621.6801 173.8895 633.9601 195.8186 1.7272 1.7802 0.6157 1.3973 1.8119 57.8479 -0.1915 0.2141
Cyclist -1 -1 2.0677 1118.5215 183.7453 1242.0000 344.7832 1.6878 1.7754 0.5339 7.1077 1.8320 8.6056 2.7404 0.2011
Cyclist -1 -1 -0.2375 739.7845 178.2626 774.4462 240.7385 1.8159 1.9200 0.5936 4.4395 1.9893 22.1099 -0.0428 0.2000
Cyclist -1 -1 -0.6732 978.9264 134.0183 1221.6805 375.0000 1.7634 1.9057 0.6072 3.9737 1.4854 6.1526 -0.1221 0.1854
Cyclist -1 -1 -0.1813 264.7309 162.8005 284.8869 199.3755 1.8492 1.9136 0.6154 -17.4377 1.3412 37.4361 -0.6147 0.1789
Cyclist -1 -1 -0.2153 643.7607 177.4279 668.4097 222.5538 1.7593 1.8848 0.6037 1.8148 1.9517 29.3040 -0.1548 0.1722
Car -1 -1 1.9944 154.1794 187.6531 322.9673 272.5624 1.5495 1.8030 3.9246 -7.9793 1.9160 15.8535 1.5344 0.6749
Car -1 -1 1.6850 429.6838 181.5750 472.5995 212.9096 1.5080 1.7695 3.8260 -8.3057 1.9897 37.8240 1.4699 0.6649
Car -1 -1 2.5165 980.7303 190.2240 1242.0000 360.4154 1.4580 3.5163 1.5872 5.9466 1.7014 8.3160 3.1197 0.2945
Car -1 -1 -0.5257 597.2861 180.4132 636.0128 199.0602 1.5276 3.7874 1.6970 0.5249 2.2081 62.8481 -0.5178 0.2545
Car -1 -1 0.3574 303.2111 174.6327 336.7403 192.6404 1.5701 3.6549 1.6302 -26.1528 1.7355 65.1182 -0.0234 0.2102
Car -1 -1 -0.9427 907.1440 192.7731 979.9025 219.1548 1.4711 3.7648 1.8992 20.9506 2.7863 45.5186 -0.5145 0.2066
Car -1 -1 -0.6137 749.5571 179.1089 881.0701 241.9188 1.6374 4.0831 1.6859 5.9102 1.8429 21.4538 -0.3492 0.1826
Car -1 -1 0.6974 912.6552 188.1218 956.4655 208.5602 1.5663 2.4037 2.2592 26.5635 2.8507 59.1370 1.1171 0.1751
Car -1 -1 -0.5504 588.2910 179.6152 641.5095 204.6698 1.5000 3.8232 1.6590 0.2391 1.9542 46.3730 -0.5458 0.1710
