Pedestrian -1 -1 2.2593 854.5042 164.4193 928.8046 280.0601 1.7091 0.8326 0.6751 4.3435 1.4029 11.1493 2.6220 0.3243
Pedestrian -1 -1 2.5538 710.3105 168.2135 739.3433 217.7280 1.7646 0.7965 0.7194 4.2118 1.1598 26.1267 2.7115 0.2060
Cyclist -1 -1 -0.5504 536.2615 167.6504 567.5547 204.4537 1.7700 1.8206 0.6888 -2.8027 0.9264 35.5082 -0.6289 0.3377
Cyclist -1 -1 -0.3157 705.8228 175.0048 733.9518 221.5908 1.6359 1.7009 0.4994 4.0197 1.2785 26.1190 -0.1650 0.2140
Cyclist -1 -1 -0.1288 819.8618 203.2452 889.2712 376.0000 1.5074 1.4926 0.3481 2.0724 1.6858 6.2999 0.1756 0.1964
Car -1 -1 -2.9120 379.4966 187.4307 496.7614 263.7425 1.5221 3.6957 1.7670 -3.7431 1.5791 16.2955 -3.1347 0.6820
Car -1 -1 0.4801 0.0000 187.0548 175.7642 321.8460 1.5593 3.5474 1.7386 -7.9193 1.5915 10.2560 -0.1650 0.6324
Car -1 -1 -1.6319 576.5494 176.4019 622.0767 217.5754 1.5339 1.5756 3.7715 -0.4324 1.2067 28.7177 -1.6472 0.5787
Car -1 -1 3.1255 109.9492 176.7408 188.2502 240.4742 1.5608 3.7279 1.6589 -12.5642 1.3543 19.6139 2.5618 0.5107
Car -1 -1 2.9885 638.0110 173.7347 695.7233 215.6373 1.5110 3.8245 1.6465 2.1813 1.0981 27.8868 3.0654 0.2816
Car -1 -1 2.8731 609.8668 182.6871 658.9807 211.1770 1.5111 4.1644 1.6974 1.4061 1.3781 40.3462 2.9072 0.2502
Car -1 -1 2.9627 646.8267 177.8812 683.7657 202.6469 1.5263 4.0406 1.6721 3.6408 1.0754 46.3936 3.0401 0.2391
Car -1 -1 -0.0864 528.2659 176.0921 556.9081 199.0587 1.5323 3.8358 1.6526 -4.5878 0.9247 49.9908 -0.1778 0.2110
