Pedestrian -1 -1 -0.7353 901.6238 164.3097 961.0668 259.8654 1.7523 0.7578 0.7034 6.0416 1.5960 13.7011 -0.3287 0.4484
Pedestrian -1 -1 2.5781 856.6362 169.9593 900.0441 238.8728 1.7639 0.9066 0.6890 7.0012 1.6902 18.9823 2.9257 0.3046
Pedestrian -1 -1 1.2260 653.0588 177.2299 666.0157 201.4521 1.6666 0.7459 0.5801 3.4133 1.9735 50.1625 1.2931 0.2784
Pedestrian -1 -1 2.6783 607.1757 175.5366 621.7023 203.5574 1.7345 0.7346 0.6501 0.2442 1.9048 45.2251 2.6832 0.2573
Cyclist -1 -1 2.5810 773.2076 174.1921 792.6302 197.3640 1.6989 1.7080 0.5899 12.8832 1.8009 53.9074 2.8139 0.3430
Car -1 -1 -1.9342 913.9932 174.7592 1126.5209 293.8080 1.5098 1.5831 3.5399 5.9638 1.5443 11.0590 -1.4514 0.7823
Car -1 -1 -1.0984 64.3044 172.9160 183.7742 216.9033 1.8122 3.8512 1.7731 -20.7152 1.8153 30.8291 -1.6862 0.4606
Car -1 -1 3.2751 36.4011 179.2052 110.5756 226.5815 1.5900 3.7901 1.7059 -19.8968 1.8449 26.8406 2.6418 0.4112
Car -1 -1 1.1680 1087.8992 174.5772 1242.0000 299.9035 1.4854 1.5683 3.6799 8.5509 1.5157 10.5838 1.8334 0.4082
Car -1 -1 1.3221 864.1140 160.2063 999.6086 240.4954 1.6669 2.0148 3.6270 7.3178 1.4047 16.9226 1.7233 0.3565
Car -1 -1 1.2762 480.0420 175.1124 532.6003 198.0184 1.7202 3.6757 1.8170 -8.0886 1.9011 56.0996 1.1333 0.3549
Car -1 -1 0.0647 152.3628 178.2386 198.9661 212.2340 1.5819 4.0778 1.7471 -21.9306 1.8710 36.4857 -0.4735 0.3493
Car -1 -1 2.5918 578.1032 179.6645 619.0195 198.6550 1.5609 3.9558 1.7589 -1.0538 2.1759 62.9791 2.5747 0.3158
Car -1 -1 -0.9702 816.3594 172.6538 877.3829 196.4642 1.5741 3.5029 1.9471 16.2474 1.5613 49.6809 -0.6562 0.2679
