Pedestrian -1 -1 -0.9702 967.1725 124.0753 1049.9260 253.2824 1.8691 0.8746 0.6757 5.9994 1.1638 10.9788 -0.4817 0.2933
Pedestrian -1 -1 2.1302 95.5596 158.4542 200.1140 300.9742 1.8322 1.0029 0.6014 -6.1665 1.6475 9.5743 1.5702 0.2866
Pedestrian -1 -1 0.7677 948.5500 179.4807 987.3704 238.5571 1.6768 0.7781 0.6581 10.3775 1.8743 21.0193 1.2200 0.2668
Pedestrian -1 -1 -0.7114 886.6592 142.3259 938.6367 230.8046 1.8156 0.8175 0.6335 6.3545 1.1895 15.2919 -0.3248 0.2638
Pedestrian -1 -1 -2.9786 888.0775 185.5561 906.3077 221.5623 1.7061 0.7266 0.7168 13.9075 2.3319 35.0306 -2.6043 0.2257
Pedestrian -1 -1 0.9820 1121.2725 187.7846 1163.6801 240.5040 1.7893 0.8957 0.7966 18.4962 2.3185 25.1375 1.6100 0.2084
Pedestrian -1 -1 -0.5982 917.1157 122.7584 966.4729 219.7426 1.8691 0.6882 0.6029 6.5140 0.9040 14.2953 -0.1786 0.1978
Pedestrian -1 -1 1.1596 943.8996 184.8519 971.0147 223.6071 1.7810 0.8928 0.8129 16.2481 2.3510 33.8363 1.6032 0.1977
Pedestrian -1 -1 0.5989 1161.5393 180.1596 1220.5498 257.6490 1.6846 0.8476 0.6768 13.0044 1.8537 16.2180 1.2653 0.1959
Cyclist -1 -1 0.6608 1.6665 187.8394 35.2369 216.9188 1.7293 1.8211 0.6223 -36.7175 2.6786 44.7696 -0.0233 0.2465
Cyclist -1 -1 -0.4570 795.5883 173.9900 811.5379 194.1772 1.7270 1.7517 0.6277 16.8037 1.8276 62.7487 -0.1969 0.2391
Cyclist -1 -1 -2.6174 192.7311 183.0175 212.6142 204.6857 1.6479 1.6570 0.6067 -31.9017 2.4556 56.4831 -3.1298 0.1959
Cyclist -1 -1 0.8253 1039.8959 170.0752 1242.0000 356.8051 1.6499 2.0555 0.8167 5.2935 1.6257 6.8933 1.4588 0.1915
Cyclist -1 -1 -0.4172 947.3295 180.6682 982.7983 235.0289 1.5248 1.5146 0.3399 10.3767 1.7632 21.2175 0.0315 0.1907
Cyclist -1 -1 3.2580 46.3325 181.4468 60.7253 207.6070 1.7748 1.8665 0.5824 -38.9863 2.3882 50.5228 2.6031 0.1903
Cyclist -1 -1 2.4160 1151.2775 179.9297 1226.9115 252.1808 1.5387 1.5820 0.3638 13.0105 1.7070 16.3210 3.0797 0.1747
Car -1 -1 1.8281 708.4823 174.0124 757.3791 196.0923 1.7157 3.5259 1.7687 9.8186 1.8112 57.7557 1.9952 0.3603
Car -1 -1 3.4404 302.1008 187.5424 344.0948 210.5531 1.5364 3.6959 1.8311 -20.8610 2.6452 52.5313 3.0637 0.2586
Car -1 -1 -0.0586 187.6145 181.6279 214.3486 202.2763 1.5463 3.5341 1.6557 -32.7017 2.2707 57.6081 -0.5731 0.2163
Car -1 -1 0.3812 0.0000 199.2011 64.4520 227.8431 1.4750 3.9328 1.7775 -34.6227 3.1321 43.2286 -0.2913 0.1996
Car -1 -1 -0.9218 811.3776 182.0339 890.9455 211.9050 1.5234 3.9874 1.6936 13.3448 2.0625 40.2208 -0.6042 0.1930
Car -1 -1 2.8554 488.3969 182.1210 531.6685 207.5812 1.5206 3.9381 1.7338 -6.5599 2.1498 46.8082 2.7165 0.1877
Car -1 -1 -0.0231 312.3569 193.8244 359.8169 236.0813 1.4908 3.8331 1.7140 -11.3297 2.4134 29.6328 -0.3858 0.1800
Car -1 -1 2.6092 693.4286 182.9182 745.7244 207.3476 1.4922 3.8419 1.7098 7.1918 2.1901 47.9037 2.7567 0.1745
Car -1 -1 -0.4427 888.6982 178.8689 954.4437 211.3984 1.4975 3.3775 1.6744 15.2487 1.8088 35.5730 -0.0412 0.1706
