Car -1 -1 -1.7254 698.6514 186.0630 806.4167 265.2886 1.4725 1.6398 3.6887 2.8869 1.4938 15.2636 -1.5422 0.7915
Car -1 -1 -1.4582 442.6204 183.8999 508.9744 240.1432 1.4918 1.4877 3.6778 -3.8023 1.4580 20.9460 -1.6359 0.7232
Car -1 -1 2.1080 0.0000 188.6311 180.7100 318.4482 1.5551 1.6556 3.7726 -8.1844 1.6163 10.6733 1.4658 0.7082
Car -1 -1 1.3777 644.4034 179.7819 703.8034 219.8650 1.5583 1.7081 4.0362 2.6574 1.3482 30.0410 1.4647 0.6897
Car -1 -1 -1.2443 239.0848 190.6662 444.0969 318.1222 1.5186 1.6424 3.7703 -3.7125 1.6146 10.6102 -1.5735 0.6717
Car -1 -1 3.3244 382.1538 183.7150 437.9919 220.8818 1.4942 3.5102 1.6846 -8.4128 1.4350 30.7150 3.0588 0.6583
Car -1 -1 -1.5016 480.5448 182.5046 530.9327 223.5024 1.5534 1.7640 3.7948 -4.1114 1.4518 29.1882 -1.6407 0.6319
Car -1 -1 -0.2363 580.2227 179.3576 613.9119 200.5064 1.5080 3.4703 1.7197 -0.8430 1.0914 53.1487 -0.2525 0.5080
Car -1 -1 -0.8940 255.1465 182.9482 392.5359 242.4270 1.4983 1.5876 3.7118 -7.8439 1.4423 20.1140 -1.2616 0.4621
Car -1 -1 3.0011 621.0366 181.0018 647.3574 200.0058 1.5163 3.6566 1.6653 2.1346 1.1812 59.2584 3.0365 0.3943
