Pedestrian -1 -1 1.6844 310.6634 164.2112 415.5741 325.1394 1.7692 1.0774 0.6923 -2.8290 1.5918 8.2163 1.3662 0.8486
Pedestrian -1 -1 1.5729 1123.3320 190.9318 1224.0000 370.0000 1.6607 0.7361 0.7207 4.3495 1.7491 5.3644 2.2272 0.4436
Pedestrian -1 -1 1.3200 54.2357 188.8183 101.6312 250.1866 1.7045 0.9459 0.7426 -15.2385 1.9532 20.3974 0.6874 0.3790
Pedestrian -1 -1 2.4853 833.0244 170.7556 877.9314 240.7360 1.7133 0.7803 0.7419 6.2597 1.4763 17.7930 2.8196 0.3137
Pedestrian -1 -1 2.9623 15.2500 173.2061 71.3270 262.0425 1.7304 0.8442 0.7593 -11.4312 1.5899 14.3314 2.3015 0.3081
Pedestrian -1 -1 -0.1541 256.7101 164.2817 306.4590 259.6418 1.7660 0.8802 0.7537 -6.3006 1.4673 13.6634 -0.5756 0.3076
Pedestrian -1 -1 2.7066 652.5242 165.2543 709.2321 261.9586 1.7129 0.8586 0.7455 1.3458 1.4445 13.0466 2.8087 0.3044
Pedestrian -1 -1 2.8331 518.1328 164.2152 568.3754 262.5278 1.7343 0.8859 0.6837 -1.1899 1.4487 13.0087 2.7458 0.2403
Pedestrian -1 -1 1.0532 970.6827 189.2252 1132.6492 370.0000 1.6437 0.7755 0.7103 3.2785 1.7157 5.3345 1.5799 0.2321
Pedestrian -1 -1 -0.8250 992.8325 164.8442 1068.8734 273.3523 1.7666 0.8721 0.6864 7.1828 1.5133 12.0235 -0.2965 0.2134
Pedestrian -1 -1 -0.8152 1158.2485 141.0793 1224.0000 249.1728 1.7869 0.8112 0.6505 10.1064 1.1369 12.1280 -0.1316 0.1852
Pedestrian -1 -1 -0.7154 729.6046 148.5689 785.7098 244.1828 1.8549 0.8720 0.7063 3.0307 1.2371 14.2648 -0.5087 0.1817
Pedestrian -1 -1 1.7713 291.5329 192.2010 326.6420 261.9110 1.7847 0.7211 0.7347 -7.8413 2.1025 18.6698 1.3810 0.1753
Pedestrian -1 -1 1.0029 810.0344 166.9895 869.9816 257.3309 1.7349 0.9533 0.5976 4.5998 1.4771 13.9829 1.3156 0.1635
Cyclist -1 -1 1.9955 241.8418 177.8505 388.9318 289.3544 1.6837 1.9903 0.7998 -4.5650 1.6453 11.1172 1.6174 0.2351
Cyclist -1 -1 -0.4870 642.8228 162.5569 718.9175 263.2162 1.7548 1.8471 0.6198 1.3441 1.4437 13.2934 -0.3868 0.2262
Cyclist -1 -1 0.7905 1086.0969 186.7130 1224.0000 370.0000 1.6230 1.7417 0.6167 5.4292 1.6855 6.5161 1.4629 0.2037
Cyclist -1 -1 1.4743 681.3986 162.8203 757.7354 232.3658 1.7377 1.8673 0.6356 2.8660 1.2976 18.0353 1.6309 0.1972
Cyclist -1 -1 -0.9357 1124.6747 141.8443 1224.0000 251.6119 1.7618 1.8163 0.5447 10.0843 1.1430 12.2913 -0.2596 0.1727
Cyclist -1 -1 -1.1271 280.7216 191.9285 356.9306 261.4781 1.7850 1.7351 0.7021 -7.5839 2.0952 18.6822 -1.5055 0.1685
Cyclist -1 -1 -0.4807 877.0225 156.6131 966.4070 270.3073 1.7810 1.8148 0.5907 5.2757 1.4085 11.9976 -0.0744 0.1623
Cyclist -1 -1 0.2497 0.0000 172.6715 58.3752 264.8581 1.7346 1.8783 0.5754 -11.7078 1.5890 14.2734 -0.4247 0.1580
Cyclist -1 -1 0.0642 257.0931 164.4501 302.5594 260.9786 1.7477 1.7629 0.6771 -6.3340 1.4588 13.7409 -0.3572 0.1574
Cyclist -1 -1 -0.0046 524.4910 160.8639 558.5011 264.3196 1.7719 1.8197 0.5815 -1.2193 1.4372 13.0378 -0.0938 0.1527
Cyclist -1 -1 2.7441 854.4011 172.2091 946.9375 294.9092 1.6228 1.8329 0.5451 4.1889 1.5148 10.2675 3.1224 0.1496
Car -1 -1 -2.3025 1147.8235 183.9919 1224.0000 370.0000 1.5478 1.6759 3.9026 6.5427 1.5877 5.7160 -1.4755 0.2393
Car -1 -1 0.3951 20.8196 184.5726 125.1169 231.1933 1.5507 3.8567 1.6774 -19.4021 1.7137 25.9472 -0.2394 0.2038
Car -1 -1 2.8710 584.3558 186.7620 648.7590 225.8877 1.5227 3.8004 1.7940 0.3998 1.8103 30.2380 2.8856 0.1562
Car -1 -1 2.4989 555.6725 172.8962 605.2528 195.0520 1.5562 3.7926 1.6842 -1.8198 1.0234 51.6630 2.4656 0.1562
