Pedestrian -1 -1 1.8851 811.6880 135.7685 896.4598 279.9409 1.8637 0.9532 0.6333 3.2812 1.3847 9.8604 2.1966 0.4832
Pedestrian -1 -1 3.2130 60.6583 163.9334 105.1610 253.6450 1.8160 0.8211 0.6925 -11.0919 1.6358 15.1341 2.5887 0.3954
Pedestrian -1 -1 2.8097 70.0021 182.6654 87.3886 213.0679 1.7654 0.7300 0.6252 -31.4478 2.3522 42.6599 2.1773 0.2914
Cyclist -1 -1 -2.6978 392.0535 198.4800 424.1344 251.8206 1.6678 1.5827 0.3923 -6.7878 2.5549 24.1523 -2.9697 0.3047
Car -1 -1 -2.0342 858.0320 195.1289 1242.0000 375.0000 1.5147 1.6435 3.9435 2.9481 1.7229 4.7103 -1.5042 0.8171
Car -1 -1 2.0681 0.0000 204.9865 273.0469 367.0005 1.5124 1.6853 3.8574 -6.1307 2.0238 9.4959 1.5071 0.8094
Car -1 -1 -0.0863 649.9613 176.0972 689.8069 209.7469 1.5563 3.7510 1.6272 2.8662 1.7252 35.6124 -0.0072 0.7178
Car -1 -1 1.6850 445.4744 189.1363 491.5512 225.8666 1.4728 1.6509 3.2428 -6.2816 2.2355 32.1000 1.4927 0.6875
Car -1 -1 -1.1935 188.6722 197.0005 250.5182 228.6707 1.5031 1.7950 3.3825 -20.9252 2.8599 38.7451 -1.6862 0.3921
Car -1 -1 0.2526 488.6861 189.9587 541.6744 222.6108 1.5075 4.0675 1.7812 -4.9168 2.4512 37.6654 0.1230 0.3865
Car -1 -1 -1.7081 143.3825 198.9649 192.6185 230.2982 1.4889 1.8530 3.3140 -24.1159 2.9780 39.2678 -2.2561 0.3359
Car -1 -1 -1.1473 865.5789 173.3729 937.0434 200.5606 1.5577 3.4819 1.9653 17.4396 1.5906 43.3454 -0.7675 0.3136
