Pedestrian -1 -1 2.5783 871.2065 132.8481 907.2454 209.3810 1.8437 0.6620 0.5575 6.8179 0.8803 17.7592 2.9391 0.3592
Cyclist -1 -1 1.1096 972.1375 174.2686 1242.0000 375.0000 1.6255 1.8513 0.7605 3.7692 1.6374 5.3910 1.6933 0.5037
Cyclist -1 -1 1.1101 892.2750 177.0248 1108.6707 354.0110 1.6195 1.7679 0.5499 3.6342 1.6614 6.8931 1.5766 0.4891
Cyclist -1 -1 3.7601 0.0000 201.7453 124.7177 375.0000 1.6158 1.5912 0.3687 -5.0263 1.9026 6.3499 3.1105 0.4051
Car -1 -1 3.3436 276.1241 193.5927 463.1974 334.7881 1.4758 3.8960 1.6662 -3.1738 1.8260 10.1497 3.0469 0.8096
Car -1 -1 3.5509 22.8664 198.9398 288.2110 348.1647 1.4434 3.4186 1.6194 -5.6450 1.8485 9.3974 3.0218 0.6740
Car -1 -1 1.6844 425.9621 176.9958 529.2919 255.7451 1.6451 1.9914 3.7261 -3.0665 1.7552 17.1925 1.5097 0.6740
Car -1 -1 -3.2503 648.2893 185.5771 751.6733 224.8585 1.5128 1.6527 3.9858 3.5366 2.0426 29.1791 -3.1317 0.6361
Car -1 -1 -1.5172 485.8699 191.1439 542.8389 242.7377 1.4751 1.6725 3.9775 -3.1625 2.1389 24.1238 -1.6470 0.5947
Car -1 -1 1.7615 366.6780 184.8886 446.4927 240.4039 1.4612 1.6792 3.2777 -5.9939 1.8473 21.4261 1.4914 0.5046
Car -1 -1 3.3817 296.6217 195.5892 413.4301 274.1864 1.4506 3.5699 1.6492 -5.6387 2.0210 16.2367 3.0518 0.4972
Car -1 -1 -0.1016 627.0593 182.2527 692.1088 209.4604 1.5693 1.5902 3.7280 2.8935 2.1419 43.0693 -0.0355 0.4941
Car -1 -1 -0.5193 534.5172 178.8422 582.5312 201.4101 1.5703 4.0591 1.7671 -3.8863 2.0330 53.5350 -0.5919 0.4819
