Pedestrian -1 -1 0.0695 717.3547 181.3501 735.5307 223.9154 1.6990 0.8659 0.6784 4.7228 2.0525 29.4941 0.2260 0.2771
Cyclist -1 -1 3.3044 358.1544 194.9154 385.3202 276.0042 1.6309 1.5517 0.3128 -5.2306 2.1365 15.7301 2.9877 0.4332
Cyclist -1 -1 0.4043 516.2856 175.6554 535.4157 202.5305 1.7334 1.8079 0.5937 -5.5818 1.9226 47.6836 0.2880 0.3448
Car -1 -1 -1.7752 700.4069 186.0466 838.0095 285.4960 1.4773 1.6363 3.7515 2.6609 1.7516 13.0986 -1.5803 0.8322
Car -1 -1 1.3999 654.5239 184.0584 717.9530 230.6435 1.4958 1.6334 3.7767 2.6277 1.9307 26.0416 1.4985 0.7171
Car -1 -1 -1.1289 0.0000 204.1767 393.1586 375.0000 1.4846 1.6139 3.7864 -2.5285 1.7484 4.1124 -1.6531 0.7122
Car -1 -1 1.6367 525.2447 182.7012 573.9662 224.0533 1.5565 1.7603 4.3531 -2.5112 2.0015 30.3897 1.5543 0.6553
Car -1 -1 3.0434 556.2513 184.2209 589.1279 209.3882 1.4697 3.6297 1.7282 -2.4379 2.2218 45.7947 2.9899 0.5348
Car -1 -1 1.6658 644.7467 181.5961 675.7231 207.3053 1.5177 1.6423 3.4370 3.1811 2.0935 45.6656 1.7343 0.4091
Car -1 -1 -0.1686 654.4052 177.8373 704.7386 214.0221 1.5586 3.7826 1.7028 3.1338 1.8043 33.5645 -0.0769 0.3370
