Pedestrian -1 -1 2.0301 206.7314 188.0565 304.1836 311.6612 1.5550 0.9033 0.7869 -4.7319 1.7655 9.5709 1.5812 0.4653
Pedestrian -1 -1 -0.8003 903.2177 128.0030 969.8891 237.6525 1.7890 0.8402 0.6152 5.4917 1.0576 12.2749 -0.3889 0.3880
Car -1 -1 3.7042 0.0000 195.9675 169.6403 295.9683 1.5080 4.0653 1.7014 -10.5278 2.0218 13.9353 3.0662 0.6986
Car -1 -1 -1.6061 603.9130 181.7685 689.2848 263.1686 1.5114 1.6344 3.7851 0.6580 1.7293 15.7061 -1.5661 0.6750
Car -1 -1 3.3814 333.0666 187.2867 403.4083 230.9010 1.5919 4.2231 1.8049 -9.9718 2.2350 29.9506 3.0622 0.6173
Car -1 -1 3.2888 389.9421 186.2349 437.1674 219.5946 1.5144 3.8308 1.7489 -9.8731 2.2263 36.3636 3.0250 0.5860
Car -1 -1 -1.2529 738.2668 175.2829 850.8852 242.5114 1.5749 1.7453 4.0236 4.9658 1.6472 19.2221 -1.0046 0.5477
Car -1 -1 1.7731 674.4678 179.4436 719.9961 211.6623 1.5157 1.6236 3.5489 4.4419 1.8688 36.6754 1.8921 0.5337
Car -1 -1 -2.2836 193.4540 187.4366 295.1378 229.5045 1.5082 2.9739 2.1099 -14.6103 2.1281 28.8751 -2.7486 0.5214
Car -1 -1 -1.3837 465.2312 187.5875 515.9394 222.1640 1.5629 1.8380 3.7457 -5.9514 2.3396 36.1220 -1.5464 0.5198
Car -1 -1 -0.7762 691.7139 179.5821 782.5182 218.5885 1.5091 1.5354 3.7438 5.3056 1.8069 30.1936 -0.6045 0.3895
