Pedestrian -1 -1 1.7728 270.0078 177.6994 307.2692 235.2274 1.7014 0.9067 0.6791 -9.5695 1.6202 21.3342 1.3583 0.7760
Pedestrian -1 -1 0.1773 249.1246 173.3364 285.2103 238.0059 1.7412 0.9460 0.7426 -9.3810 1.5499 19.5848 -0.2614 0.6546
Pedestrian -1 -1 -0.8835 546.9498 161.7739 589.2059 225.9564 1.8321 0.9936 0.7440 -1.1183 1.2991 20.7720 -0.9347 0.5408
Pedestrian -1 -1 3.4433 357.8109 166.2337 387.9051 227.1125 1.7669 0.7466 0.6509 -6.8863 1.3544 20.8921 3.1312 0.3747
Pedestrian -1 -1 -3.2562 994.0815 139.4206 1023.5148 209.6338 1.8689 0.7559 0.6090 10.9690 0.7770 19.2808 -2.7442 0.3680
Pedestrian -1 -1 1.7155 1126.0294 160.0898 1183.1182 248.0756 1.7116 0.8196 0.7474 11.0783 1.3162 14.3032 2.3654 0.2829
Pedestrian -1 -1 3.3947 396.4910 159.5219 432.2968 233.2566 1.8588 0.8034 0.7109 -4.9405 1.3316 18.2232 3.1362 0.2652
Pedestrian -1 -1 3.2825 210.7993 178.3897 238.6529 233.1254 1.7226 0.8088 0.6789 -12.2555 1.6578 22.7425 2.7956 0.2440
Cyclist -1 -1 2.2278 1098.0745 148.1827 1153.2645 194.1511 1.7592 1.8710 0.4487 20.5765 0.5239 28.0140 2.8576 0.5389
Cyclist -1 -1 -2.5817 292.7857 169.6409 354.0940 241.3688 1.7549 1.8390 0.5742 -7.2698 1.4908 18.2509 -2.9530 0.4231
Cyclist -1 -1 -1.9063 1012.9570 137.1790 1107.9910 215.4957 1.8064 1.7954 0.6176 10.7572 0.8088 16.8062 -1.3436 0.3899
Cyclist -1 -1 -2.0176 942.7808 143.8921 1013.1054 202.6926 1.7959 1.8336 0.6422 11.5262 0.6794 21.9409 -1.5381 0.3780
Cyclist -1 -1 -3.4848 849.2330 157.7304 881.4239 202.4822 1.7667 1.8049 0.6552 10.5665 0.8693 28.8120 -3.1351 0.2977
Cyclist -1 -1 -2.0086 754.8207 155.9430 799.4782 197.6184 1.8430 1.8539 0.6373 7.7107 0.7585 31.7597 -1.7709 0.2830
Cyclist -1 -1 0.1892 204.4323 178.7644 237.7712 235.2469 1.7302 1.7981 0.5997 -12.2831 1.6786 22.6015 -0.3011 0.2699
Cyclist -1 -1 2.4798 1010.4988 147.6821 1058.7966 195.0347 1.8147 1.8786 0.6044 17.0000 0.5585 28.0609 3.0212 0.2625
Car -1 -1 0.2361 359.6260 179.5525 495.2064 268.3951 1.4897 3.8263 1.6632 -3.3193 1.4755 13.7694 0.0065 0.6850
Car -1 -1 -0.1057 473.3384 171.7955 499.9636 192.8013 1.5495 3.8073 1.6251 -9.0941 0.9087 54.2033 -0.2692 0.4510
Car -1 -1 -1.4814 681.4962 172.7476 735.8674 194.3441 1.5080 3.7131 1.7307 7.4478 0.9680 50.6415 -1.3346 0.2476
