Pedestrian -1 -1 -1.9978 195.1936 190.4048 280.5917 296.4323 1.5923 0.9810 0.7977 -5.8684 1.7444 11.5237 -2.4655 0.6432
Pedestrian -1 -1 -0.3372 767.2306 150.2392 854.3875 305.0357 1.7896 0.9063 0.7520 2.4877 1.4295 8.7818 -0.0746 0.4532
Pedestrian -1 -1 2.1172 921.9500 153.0399 950.7186 205.8271 1.8887 0.6981 0.6849 12.1835 0.8715 26.1807 2.5439 0.2797
Pedestrian -1 -1 -0.7211 831.3019 156.7408 859.8149 208.4732 1.8675 0.7858 0.6282 8.9513 0.9748 26.4133 -0.4024 0.2634
Pedestrian -1 -1 0.9925 944.4897 161.4389 1197.5222 374.0000 1.6796 0.9356 0.7463 2.5380 1.5788 4.0559 1.5171 0.2631
Pedestrian -1 -1 -0.6828 906.6731 162.5723 983.2546 279.7533 1.6800 0.8107 0.6707 5.0928 1.4100 10.7731 -0.2560 0.2447
Pedestrian -1 -1 1.9215 996.6948 156.7716 1096.8345 316.0176 1.7135 0.8049 0.6712 5.0622 1.4488 8.2509 2.4522 0.2437
Pedestrian -1 -1 -1.8650 866.3767 159.2055 932.8328 264.4104 1.7530 0.8809 0.7065 5.0699 1.3828 12.3553 -1.4884 0.2070
Pedestrian -1 -1 -0.9470 994.3936 139.7610 1077.3977 268.3496 1.7755 0.7950 0.6604 6.2424 1.2005 10.4140 -0.4233 0.1849
Pedestrian -1 -1 3.2385 228.9904 157.1903 317.3778 349.2351 1.7458 0.8151 0.7085 -3.2312 1.5262 7.0273 2.8152 0.1689
Pedestrian -1 -1 1.2298 796.1061 164.2027 872.7161 290.3499 1.7581 0.8482 0.7396 3.3098 1.5184 10.3977 1.5251 0.1660
Pedestrian -1 -1 3.5853 0.0000 138.3309 96.8199 338.6072 1.8079 0.8901 0.6787 -5.5531 1.4196 6.9890 2.9262 0.1552
Cyclist -1 -1 -0.9977 1076.2780 130.7412 1238.0000 263.7597 1.7173 1.8385 0.6281 7.8424 1.0634 10.2424 -0.3617 0.3638
Cyclist -1 -1 1.6441 216.8051 182.9937 423.2540 371.8580 1.6336 1.7383 0.6022 -2.6365 1.6501 6.7577 1.2785 0.2880
Cyclist -1 -1 -3.5217 870.6454 148.5830 951.1416 267.6320 1.8267 1.8057 0.5668 5.0451 1.3229 11.9245 -3.1347 0.2560
Cyclist -1 -1 3.2293 215.2451 196.9408 258.7121 308.0695 1.6268 1.6370 0.4837 -5.9033 1.8957 11.5987 2.7617 0.2520
Cyclist -1 -1 -0.4606 800.1730 155.1000 877.3770 275.0754 1.6252 1.4844 0.4326 3.3866 1.2689 10.4955 -0.1611 0.2490
Cyclist -1 -1 3.4239 0.0000 169.8969 102.1814 374.0000 1.7591 1.8486 0.6126 -5.5490 1.6629 7.0168 2.7667 0.2237
Cyclist -1 -1 -0.6012 1073.3564 176.1749 1237.7371 367.0207 1.5781 1.6201 0.3189 5.0661 1.5355 6.7502 0.0185 0.2200
Cyclist -1 -1 1.1558 887.8320 169.9048 1238.0000 374.0000 1.6613 1.8520 0.8712 2.6582 1.6057 4.0829 1.6980 0.2124
Cyclist -1 -1 -0.1755 765.2025 145.0865 845.0292 304.2801 1.7908 1.8052 0.6163 2.4552 1.3825 9.0019 0.0778 0.1972
Car -1 -1 -2.6797 857.8245 195.3303 1238.0000 374.0000 1.5342 1.6587 3.9303 2.7649 1.6225 2.3871 -1.8799 0.2645
Car -1 -1 2.2610 766.4592 158.7115 857.4235 195.7755 1.5551 3.7266 1.5970 9.3332 0.5999 32.1236 2.5366 0.2077
Car -1 -1 3.0280 389.3481 173.0041 448.6223 219.7112 1.5574 3.7722 1.6383 -6.6876 1.2752 26.0035 2.7735 0.1624
Car -1 -1 1.1839 614.8490 165.4586 724.4358 212.6662 1.7749 3.9422 1.7636 2.6613 1.1728 28.4287 1.2713 0.1569
