Car -1 -1 -1.8959 742.8740 179.3378 1026.3021 364.2577 1.5553 1.6487 3.9414 2.6804 1.6472 8.1927 -1.5916 0.8265
Car -1 -1 1.8612 190.6378 202.1177 430.0322 362.5251 1.4733 1.7462 3.6914 -3.5694 1.9249 9.2210 1.5004 0.7245
Car -1 -1 1.7623 362.3867 195.9826 484.7849 282.1445 1.4500 1.7824 3.5448 -3.7549 1.9873 14.9309 1.5192 0.7146
Car -1 -1 -1.7106 664.6730 178.4273 725.3633 226.3932 1.5415 1.5933 3.8148 2.8891 1.7543 25.5645 -1.6001 0.7101
Car -1 -1 -1.8046 687.1536 179.6745 832.5088 276.5078 1.5452 1.7074 4.4219 2.6555 1.7000 14.0812 -1.6231 0.7058
Car -1 -1 1.7303 460.6992 186.4357 525.8585 235.0943 1.4917 1.6418 3.8541 -4.0219 2.0013 25.1220 1.5725 0.6449
Car -1 -1 1.7667 418.5061 188.3807 501.9987 248.6191 1.4599 1.6019 3.6574 -4.1469 1.9357 20.2606 1.5666 0.6207
Car -1 -1 -2.3642 923.2314 199.6129 1242.0000 375.0000 1.5037 1.6206 3.8459 3.0932 1.6966 3.2111 -1.6434 0.6098
Car -1 -1 -1.7956 668.5391 176.8095 765.8415 241.7190 1.5981 1.7346 4.3288 2.8237 1.7219 20.2675 -1.6600 0.4885
Car -1 -1 -1.8377 854.3760 162.9736 948.7485 203.0813 1.7619 3.6403 1.7263 13.1273 1.3282 32.7538 -1.4600 0.4041
