Car -1 -1 1.4491 668.2745 175.2965 715.7374 213.5537 1.5425 1.5826 3.6957 3.4435 1.6548 31.1855 1.5575 0.6984
Car -1 -1 -1.8025 744.8857 180.3727 889.0814 279.2379 1.5641 1.6658 4.1055 3.7009 1.7299 13.7996 -1.5468 0.6739
Car -1 -1 1.4331 569.2667 174.3635 637.5949 227.0470 1.5714 1.7295 3.6066 -0.3380 1.6251 23.5428 1.4182 0.6427
Car -1 -1 3.5441 161.8848 180.6211 297.9773 254.4472 1.5258 3.5122 1.5760 -8.8863 1.7297 17.0972 3.0707 0.5439
Car -1 -1 -1.8695 197.4250 176.9231 410.6433 310.2819 1.5881 1.9354 3.5581 -4.6967 1.6600 10.6932 -2.2749 0.5141
Car -1 -1 -0.4676 385.7430 175.9929 493.2256 232.4056 1.5534 3.5960 1.7532 -5.3110 1.6580 22.0203 -0.7021 0.5122
Car -1 -1 -2.2837 257.5939 172.8034 449.4560 269.3499 1.6651 1.5731 3.5462 -5.0548 1.6646 14.0016 -2.6247 0.5012
Car -1 -1 -0.3531 445.5913 175.8559 519.2942 219.0748 1.5535 3.6813 1.6597 -5.0914 1.6796 28.2188 -0.5305 0.4511
Car -1 -1 3.4824 247.1734 175.7990 316.7945 213.3096 1.5967 3.8674 1.6952 -14.9556 1.7399 33.0197 3.0598 0.4159
Car -1 -1 -0.5880 516.7726 177.2493 573.6018 204.5005 1.5691 3.7613 1.6513 -4.0375 1.8506 44.1652 -0.6791 0.4026
Car -1 -1 -0.3768 416.6083 173.3732 451.4542 192.3252 1.5787 3.7128 1.6686 -15.2186 1.6252 62.2072 -0.6160 0.3941
Car -1 -1 -0.2957 573.7899 177.2875 630.5502 212.5768 1.5730 3.8112 1.6835 -0.4770 1.7996 34.7504 -0.3100 0.3816
Car -1 -1 -0.2514 339.5526 171.4887 405.0540 212.0010 1.5427 3.6104 1.6919 -9.7926 1.4911 29.4494 -0.5701 0.3718
