Pedestrian -1 -1 3.4414 263.2542 170.4359 341.9286 290.5645 1.7044 0.9449 0.8329 -4.6046 1.6705 10.7453 3.0447 0.5307
Pedestrian -1 -1 3.0002 298.3157 170.0431 319.9931 215.6759 1.8321 0.9547 0.6930 -12.3689 1.7196 29.5538 2.6067 0.2994
Pedestrian -1 -1 2.1050 1015.4862 148.8903 1043.3765 198.1817 1.9052 0.7258 0.6363 16.4413 0.9793 28.3593 2.6257 0.2690
Cyclist -1 -1 0.2984 359.6805 174.3443 377.0561 201.6910 1.7849 1.7902 0.5979 -16.1258 1.8865 48.0920 -0.0238 0.2744
Cyclist -1 -1 0.2966 259.3264 175.9202 341.8816 297.8203 1.6741 1.5946 0.6883 -4.6278 1.7238 10.7760 -0.1009 0.2449
Car -1 -1 -1.4380 530.0063 167.5495 599.5019 220.4049 1.5982 1.7834 3.9178 -1.4489 1.4381 23.8322 -1.4987 0.5789
Car -1 -1 -1.5224 617.9088 176.8572 688.1134 243.4127 1.4965 1.6080 3.6204 1.1267 1.6091 18.3342 -1.4629 0.5678
Car -1 -1 3.4948 103.0732 186.2045 151.7330 209.5935 1.4980 3.5551 1.6906 -33.6296 2.4653 50.3310 2.9080 0.5555
Car -1 -1 -1.8168 618.6485 177.4847 689.2616 222.7023 1.5357 1.8018 3.4857 1.5121 1.7199 26.7698 -1.7617 0.3748
Car -1 -1 -0.6244 279.3324 184.7434 331.3494 204.7872 1.5514 1.8686 3.5867 -25.4286 2.5779 60.2555 -1.0224 0.2975
Car -1 -1 -0.2752 413.9677 171.1914 448.6216 192.4154 1.5801 3.7065 1.6517 -13.8593 1.4567 55.7345 -0.5181 0.2778
Car -1 -1 -2.7171 1145.7125 132.9947 1242.0000 200.3674 1.5439 3.2022 1.8991 15.3514 0.6308 18.0831 -2.0211 0.2753
Car -1 -1 -0.2648 318.7757 183.2204 348.9631 200.6986 1.5184 3.7158 1.7081 -25.7055 2.5111 67.0625 -0.6298 0.2515
Car -1 -1 3.0025 195.1754 188.8682 227.6720 210.9008 1.5329 3.7331 1.6735 -30.4843 2.8004 55.0947 2.4989 0.2493
Car -1 -1 -2.9731 682.8834 176.3766 751.3935 202.5713 1.5388 1.7595 3.9155 6.5436 1.7621 44.2130 -2.8276 0.2485
Car -1 -1 -1.1227 1037.2518 135.3688 1197.0238 196.7406 1.6582 3.4885 1.7032 14.8960 0.6457 21.4287 -0.5216 0.2483
Car -1 -1 -2.0554 897.5060 171.9573 979.3899 202.7216 1.7223 3.9034 1.7646 18.7658 1.6724 41.3927 -1.6328 0.2346
