Pedestrian -1 -1 3.2171 411.7164 173.3992 444.4705 250.2036 1.7389 0.6971 0.6864 -4.2618 1.7523 16.7413 2.9709 0.3471
Cyclist -1 -1 0.1088 475.7006 180.4094 522.5899 283.7010 1.7169 1.8780 0.6410 -2.0313 1.8643 13.0822 -0.0434 0.3418
Cyclist -1 -1 -0.0124 540.3866 183.4704 550.0369 210.6381 1.7508 1.8858 0.6163 -4.3667 2.4750 48.2231 -0.1028 0.2953
Car -1 -1 -1.8964 754.6355 177.1797 1134.1373 375.0000 1.5821 1.6693 3.9877 2.4686 1.6340 6.5838 -1.5537 0.7995
Car -1 -1 -1.7891 711.6791 183.8691 866.8032 295.5072 1.4875 1.5866 3.9332 2.7100 1.7007 11.9681 -1.5729 0.7425
Car -1 -1 -2.9340 415.7206 185.7360 542.5544 275.6907 1.4997 4.0399 1.7069 -2.5366 1.7985 14.6651 -3.1033 0.7187
Car -1 -1 1.3969 662.5680 179.6691 722.9095 222.8137 1.5190 1.6934 3.6066 3.0772 1.7999 27.8422 1.5051 0.7110
Car -1 -1 0.1803 301.7277 185.0041 498.8162 336.5505 1.5028 4.0487 1.7127 -2.5517 1.6994 9.5687 -0.0746 0.7023
Car -1 -1 2.8867 548.0759 180.0327 593.2580 208.5104 1.5201 3.7263 1.7065 -2.3482 1.9543 41.5723 2.8301 0.5851
Car -1 -1 0.1253 455.6934 184.3929 538.7984 247.7984 1.4677 3.7838 1.7251 -2.9556 1.8075 19.3085 -0.0253 0.4080
Car -1 -1 -0.2285 648.7099 179.2515 695.7237 208.3610 1.5178 3.9399 1.7761 3.4077 1.8967 40.6108 -0.1460 0.3612
Car -1 -1 -1.3811 458.1921 176.9009 532.6349 204.8696 1.5823 4.0185 1.8064 -6.6722 1.8241 42.0679 -1.5378 0.2991
