Pedestrian -1 -1 0.9273 1016.0569 155.9885 1096.5060 276.8284 1.7469 0.7976 0.6409 6.6064 1.5035 10.7894 1.4640 0.2964
Pedestrian -1 -1 -2.1677 416.1626 173.6928 433.1280 199.5875 1.8213 0.9817 0.6369 -13.2217 1.8820 51.3622 -2.4187 0.2783
Pedestrian -1 -1 1.0546 977.9617 185.5885 1016.8400 242.8754 1.7757 0.8148 0.7653 12.2589 2.1878 22.9336 1.5394 0.2061
Pedestrian -1 -1 3.5002 305.3405 161.1307 366.0091 276.5924 1.7576 0.7836 0.6593 -4.3613 1.5795 11.3727 3.1411 0.2019
Cyclist -1 -1 -0.3677 414.6709 175.2350 432.1490 199.9282 1.7194 1.7192 0.6266 -13.2993 1.8920 51.2908 -0.6204 0.3608
Cyclist -1 -1 -3.1511 891.2260 158.5310 911.7437 204.1226 1.7651 1.7113 0.7344 11.6054 1.2109 28.8625 -2.7726 0.2713
Cyclist -1 -1 3.1586 508.6013 160.7091 522.8505 202.5589 1.8289 1.8805 0.6063 -4.2769 1.2985 32.4977 3.0284 0.2365
Cyclist -1 -1 -0.0443 530.3158 162.4903 543.1743 198.4306 1.8748 1.9070 0.5982 -3.9657 1.3345 38.6218 -0.1464 0.2091
Cyclist -1 -1 1.2802 988.7134 157.7890 1115.8341 262.1992 1.7641 1.8065 0.6162 7.6916 1.5099 12.7048 1.8138 0.2057
Car -1 -1 -1.8611 790.9489 170.2733 916.2176 215.5568 1.5820 3.9725 1.6876 8.6910 1.4922 26.1024 -1.5435 0.5798
Car -1 -1 -0.9858 0.0000 162.1073 229.2981 250.9859 1.7683 3.7586 1.7676 -10.4446 1.5549 15.2509 -1.5783 0.4919
Car -1 -1 -0.2227 651.5546 164.6327 687.8539 189.5666 1.6162 3.6272 1.6718 3.9562 1.0837 48.6820 -0.1424 0.3942
Car -1 -1 -0.8296 248.8721 177.5978 363.2406 226.2795 1.6250 3.5685 1.6762 -10.8757 1.8038 25.7454 -1.2260 0.2883
Car -1 -1 -1.9046 806.5707 164.8995 915.5220 211.3837 1.8506 3.8708 1.7083 10.1902 1.5343 29.5881 -1.5765 0.2606
Car -1 -1 0.1089 688.2385 172.3940 717.1533 193.6121 1.5879 3.6105 1.8480 7.1953 1.5538 55.9647 0.2358 0.2183
Car -1 -1 -0.1303 440.5338 179.1442 492.7307 221.7799 1.5630 3.4734 1.6063 -5.8378 1.8321 28.9132 -0.3283 0.2145
