Pedestrian -1 -1 1.6411 243.8098 141.4413 343.2897 326.8318 1.8518 0.9160 0.6948 -3.3382 1.4633 7.5344 1.2413 0.6903
Pedestrian -1 -1 1.0802 51.7839 192.5250 103.5997 255.9391 1.7546 0.9474 0.7730 -15.2255 2.1129 20.3775 0.4474 0.3936
Pedestrian -1 -1 1.4083 1121.5626 192.9152 1224.0000 370.0000 1.6768 0.7032 0.7300 4.3573 1.7812 5.3562 2.0642 0.3652
Pedestrian -1 -1 2.7378 833.4738 172.7846 874.8431 241.7782 1.6962 0.8238 0.7131 6.2307 1.5081 17.8140 3.0703 0.3190
Pedestrian -1 -1 3.0048 12.0773 175.0702 70.3945 263.8300 1.7250 0.8701 0.8216 -11.4754 1.6211 14.3340 2.3422 0.2914
Pedestrian -1 -1 2.4376 639.8524 161.8561 699.5428 261.5692 1.7580 0.8716 0.6945 1.1415 1.4310 13.0172 2.5247 0.2579
Pedestrian -1 -1 0.9968 968.8178 190.6473 1135.8716 370.0000 1.6492 0.7943 0.7175 3.2745 1.7328 5.3186 1.5241 0.2378
Pedestrian -1 -1 2.8376 515.5844 163.2490 567.0828 262.0431 1.7376 0.8857 0.7083 -1.2224 1.4359 12.9757 2.7477 0.2306
Pedestrian -1 -1 2.0716 603.9238 168.6157 658.4899 255.5314 1.7394 0.9058 0.7047 0.5057 1.5032 14.6794 2.1070 0.2074
Pedestrian -1 -1 1.4069 994.0542 165.3155 1064.6344 271.5244 1.7435 0.9317 0.6544 7.1805 1.4959 12.0731 1.9335 0.2061
Pedestrian -1 -1 -1.6515 882.8115 163.5815 944.8756 267.4115 1.7387 0.9302 0.6775 5.3111 1.4571 12.3028 -1.2516 0.1661
Cyclist -1 -1 -0.5227 641.9013 165.9808 721.3763 266.9464 1.7553 1.8876 0.6122 1.3548 1.5046 13.2739 -0.4217 0.2975
Cyclist -1 -1 -0.0609 519.6734 162.0913 559.4199 266.5019 1.7735 1.8490 0.6103 -1.2686 1.4624 12.9650 -0.1543 0.2620
Cyclist -1 -1 3.5345 227.8723 197.8342 299.3184 316.8682 1.5792 1.5608 0.3616 -5.0275 1.8550 10.3921 3.0972 0.2334
Cyclist -1 -1 1.8670 309.4091 178.0663 453.7444 287.1384 1.6890 2.0538 0.8538 -3.5970 1.6530 11.3716 1.5702 0.2202
Cyclist -1 -1 -1.6718 578.5463 156.3755 653.1172 228.3953 1.7738 1.8230 0.6188 0.2233 1.1812 17.7960 -1.6576 0.2162
Cyclist -1 -1 -0.9044 0.0000 173.3220 97.4238 262.7310 1.7711 1.8192 0.6282 -11.4577 1.6305 14.3186 -1.5668 0.2117
Cyclist -1 -1 -2.1070 1020.1003 189.8848 1135.2772 283.3795 1.7407 1.7423 0.6840 9.0297 1.9281 13.6115 -1.5307 0.2039
Cyclist -1 -1 -0.8610 1131.8833 142.6298 1224.0000 253.4226 1.7916 1.8601 0.6125 10.3075 1.1809 12.3984 -0.1783 0.2020
Cyclist -1 -1 1.3912 684.0630 161.1022 761.0157 231.3654 1.7594 1.8525 0.6257 2.9450 1.2753 18.0301 1.5521 0.1911
Cyclist -1 -1 -0.4704 876.7870 158.1928 964.4831 271.5163 1.7831 1.8145 0.5839 5.2793 1.4338 12.0445 -0.0652 0.1911
Cyclist -1 -1 -0.4235 858.1382 175.6625 943.4025 298.3782 1.6327 1.7058 0.4566 4.1980 1.5701 10.2646 -0.0444 0.1666
Cyclist -1 -1 1.5317 575.5241 162.5191 666.2313 247.3497 1.7373 1.8611 0.6666 0.2788 1.3707 14.8263 1.5519 0.1626
Car -1 -1 0.3532 24.2769 185.0225 123.6084 231.5945 1.5476 3.8502 1.6622 -19.3933 1.7286 25.9743 -0.2807 0.2194
Car -1 -1 -2.2492 1157.2166 183.3037 1224.0000 370.0000 1.5456 1.6818 3.9069 6.5412 1.5780 5.6884 -1.4200 0.2188
