Pedestrian -1 -1 -1.0820 1124.4847 125.3729 1242.0000 348.9679 1.7856 0.7862 0.6777 5.0343 1.4068 6.2577 -0.4278 0.2607
Cyclist -1 -1 -0.5045 551.1912 183.1424 573.4665 212.2827 1.7185 1.8714 0.5170 -2.9587 2.3614 44.1303 -0.5716 0.3798
Cyclist -1 -1 -1.0816 1193.8915 158.7839 1242.0000 215.9642 1.6223 1.6638 0.6136 18.3629 1.2235 21.3546 -0.3784 0.3302
Cyclist -1 -1 -1.1068 1119.6526 128.4513 1242.0000 305.7378 1.5913 1.7070 0.6113 6.2482 1.1931 7.3773 -0.4238 0.3262
Cyclist -1 -1 3.0987 550.0418 184.8827 558.7890 210.5440 1.7836 1.7948 0.5489 -4.0346 2.6652 51.9377 3.0210 0.2301
Cyclist -1 -1 -0.8208 1082.7908 122.4593 1242.0000 354.9973 1.7785 1.8407 0.6031 5.2000 1.3934 6.4733 -0.1665 0.1754
Cyclist -1 -1 -2.1703 0.0000 134.5739 116.8017 355.0073 1.6896 1.7462 0.7414 -5.5802 1.3965 6.4692 -2.8619 0.1548
Cyclist -1 -1 0.0840 498.1407 169.2580 508.9427 198.8957 1.8093 1.7873 0.5190 -6.6587 1.5902 44.9539 -0.0626 0.1545
Car -1 -1 1.6168 453.9637 189.7099 506.4526 239.9475 1.5113 1.6154 4.0185 -4.5029 2.1495 25.2067 1.4411 0.7056
Car -1 -1 2.7667 523.5413 181.3600 562.9440 203.4413 1.5095 3.7160 1.6244 -4.9580 2.1574 52.9063 2.6733 0.3451
Car -1 -1 2.6615 523.8879 182.0777 560.3347 200.4809 1.4912 3.5569 1.6807 -5.9164 2.3138 62.3685 2.5669 0.3298
Car -1 -1 -0.3040 547.3511 181.1035 591.0493 207.4659 1.5353 3.8266 1.6690 -2.6451 2.0787 45.4078 -0.3624 0.3254
Car -1 -1 -1.7163 565.7023 182.7815 606.4597 212.7135 1.5001 1.6609 4.0491 -1.4044 2.0764 39.7191 -1.7520 0.2557
