Pedestrian -1 -1 -3.5677 951.4401 155.1042 988.9079 220.6538 1.8103 0.8228 0.6598 10.0985 1.3204 20.3445 -3.1132 0.6887
Pedestrian -1 -1 1.9377 545.1890 179.1138 567.4178 217.7271 1.6615 0.7954 0.6387 -2.3896 1.9397 31.6016 1.8622 0.4153
Pedestrian -1 -1 1.6810 648.7640 177.7390 674.2161 234.7928 1.7197 0.7126 0.6922 1.5443 1.8732 22.2181 1.7486 0.2496
Pedestrian -1 -1 0.5323 227.5083 174.3371 263.5098 234.2931 1.7578 0.7922 0.6486 -10.9450 1.8034 21.5897 0.0677 0.2136
Cyclist -1 -1 -3.4195 948.3677 158.5026 987.7100 224.8553 1.7994 1.6924 0.5410 10.0748 1.4105 20.4444 -2.9678 0.3214
Cyclist -1 -1 3.2249 506.9698 179.0947 523.7963 231.7274 1.5678 1.6319 0.3883 -2.9886 1.7700 22.5099 3.0937 0.2517
Cyclist -1 -1 3.0365 548.4114 179.7180 563.8631 216.8919 1.5734 1.6061 0.5077 -2.4136 1.8831 31.6803 2.9605 0.2129
Cyclist -1 -1 -0.3245 3.3817 176.4338 78.9103 274.7484 1.5874 1.5199 0.5697 -9.8027 1.6523 12.3525 -0.9849 0.1921
Cyclist -1 -1 3.5482 138.0392 193.7437 183.1068 268.7450 1.6074 1.5139 0.3031 -10.4054 2.1126 16.6616 2.9968 0.1877
Cyclist -1 -1 -0.5920 901.6653 175.7424 924.7560 199.7835 1.7277 1.8521 0.6354 22.2548 1.9443 53.0535 -0.1972 0.1844
Cyclist -1 -1 -1.4740 258.9370 175.5555 289.4995 202.6256 1.8632 1.8814 0.6528 -23.4726 2.0546 50.4017 -1.9081 0.1798
Cyclist -1 -1 -0.4543 914.7337 176.4746 934.6081 201.0482 1.6491 1.5671 0.6191 21.5269 1.9016 49.4506 -0.0463 0.1744
Cyclist -1 -1 -3.0044 656.0298 174.2310 675.5607 214.9058 1.6844 1.7192 0.6078 2.3548 1.7454 30.8431 -2.9296 0.1713
Car -1 -1 1.7708 337.6388 191.4331 527.6624 334.4599 1.4871 1.7645 3.4775 -2.2103 1.7828 9.7107 1.5516 0.6733
Car -1 -1 -0.2857 975.2562 171.0189 1014.1966 191.7056 1.5699 3.7032 1.7152 30.1764 1.4310 56.7395 0.2007 0.2704
Car -1 -1 -1.7250 818.7747 174.3671 870.7744 193.6915 1.5195 3.7284 1.9384 18.8615 1.6445 58.1779 -1.4133 0.2702
Car -1 -1 -0.1421 295.5722 182.7256 326.6082 205.3078 1.5060 3.4745 1.5783 -21.4591 2.2393 51.6723 -0.5342 0.2518
Car -1 -1 2.5248 891.2270 169.4667 947.5878 192.7943 1.5942 3.9836 1.6886 21.9592 1.3631 51.4332 2.9260 0.2105
Car -1 -1 -1.2022 14.5920 175.8032 209.5313 249.8587 1.7182 3.6508 1.6981 -12.3548 1.7975 18.0708 -1.7953 0.2101
Car -1 -1 2.7750 440.8997 179.6526 483.4518 203.0200 1.5180 3.7116 1.6697 -10.3175 2.0090 50.0546 2.5724 0.1975
Car -1 -1 -3.0607 767.7368 174.6168 789.5936 191.9128 1.5299 3.4404 1.6833 15.4539 1.6964 66.1016 -2.8324 0.1953
Car -1 -1 -1.8338 792.2642 173.4905 837.7213 190.3806 1.5443 3.6549 2.0529 19.0116 1.6048 67.0972 -1.5592 0.1901
Car -1 -1 0.2031 451.1475 178.3018 480.0222 197.2977 1.5370 3.8295 1.6711 -12.2741 2.0155 61.4013 0.0063 0.1879
Car -1 -1 1.6187 952.1602 169.2044 1019.5551 199.7044 1.6997 3.3897 1.7909 21.7533 1.4966 41.8298 2.0951 0.1721
