Pedestrian -1 -1 2.6571 609.0786 164.1087 640.1652 215.3427 1.7862 0.9088 0.7741 0.6673 1.2163 25.2243 2.6850 0.5211
Pedestrian -1 -1 2.8936 539.1429 171.3478 555.4293 204.8643 1.7462 0.7354 0.6976 -3.0592 1.2708 37.2930 2.8141 0.3462
Pedestrian -1 -1 -3.2046 801.5027 138.6230 827.4715 219.3544 1.8398 0.7424 0.5315 4.8519 0.8871 16.5283 -2.9223 0.3012
Pedestrian -1 -1 2.4728 940.4172 108.2747 1000.0494 219.3010 1.9123 0.6924 0.6518 6.4443 0.6700 12.5781 2.9382 0.2342
Pedestrian -1 -1 1.7196 119.5624 152.1427 210.5347 302.6738 1.7916 0.8785 0.6346 -5.5424 1.4558 8.8712 1.1790 0.2164
Pedestrian -1 -1 -0.5946 884.6210 138.4330 956.8503 257.1025 1.7734 0.8640 0.6536 4.8706 1.1464 11.0469 -0.1880 0.2113
Pedestrian -1 -1 -0.2743 783.6671 146.2791 816.0498 218.7455 1.7793 0.8073 0.5836 4.8500 0.9407 17.7621 -0.0104 0.1868
Cyclist -1 -1 -0.5401 1070.4738 87.4422 1224.0000 347.6867 1.8396 1.7881 0.4769 4.5915 1.1835 5.9059 0.0970 0.3651
Cyclist -1 -1 -0.0944 608.3354 164.7606 630.7139 216.1426 1.7679 1.7459 0.6340 0.4770 1.2279 25.2171 -0.0740 0.2979
Cyclist -1 -1 0.1068 539.7228 171.5131 553.7463 204.2726 1.6907 1.7854 0.5502 -3.0844 1.2283 37.3863 0.0269 0.2222
Cyclist -1 -1 -0.4320 891.7089 135.9629 987.2471 275.5826 1.8104 1.7798 0.5017 4.6517 1.2346 10.0552 -0.0087 0.1966
Cyclist -1 -1 3.3930 0.0000 190.5933 93.7088 370.0000 1.5979 1.5863 0.4670 -4.7468 1.6942 5.8034 2.7354 0.1935
Car -1 -1 2.9165 643.6788 169.7584 687.8499 199.7734 1.6123 3.8224 1.6716 3.3726 1.0367 39.9834 3.0017 0.6157
Car -1 -1 2.6175 559.2411 179.0990 602.0486 199.7380 1.4813 3.5248 1.6444 -1.8386 1.3820 52.6715 2.5844 0.3459
Car -1 -1 3.0241 551.0816 174.0085 588.7750 202.8638 1.5243 3.7185 1.6675 -2.0051 1.1828 39.3174 2.9753 0.3283
