Pedestrian -1 -1 2.8948 430.2174 173.3853 449.8737 212.0005 1.7146 0.7847 0.6945 -7.4643 1.4001 31.8968 2.6688 0.4361
Pedestrian -1 -1 1.1831 704.7475 166.9394 717.3165 187.7171 1.8084 0.9377 0.5832 9.3059 0.6293 61.9260 1.3332 0.3773
Pedestrian -1 -1 2.4741 552.2464 175.2158 562.3853 193.9868 1.7588 0.6266 0.7218 -4.4736 1.2648 66.7190 2.4091 0.3129
Pedestrian -1 -1 3.1504 384.4740 169.8266 416.3089 235.0350 1.7154 0.9255 0.8094 -5.5698 1.4362 19.1481 2.8735 0.2923
Pedestrian -1 -1 2.1647 819.9783 152.9195 844.5859 193.9873 1.8900 0.9039 0.6197 10.6155 0.6222 33.0818 2.4742 0.2868
Pedestrian -1 -1 1.6260 316.7688 182.5269 336.2975 216.0968 1.7271 0.9082 0.7299 -14.5472 1.8357 36.9169 1.2551 0.2653
Pedestrian -1 -1 2.2913 589.5292 168.9810 609.6826 199.5503 1.8112 0.9710 0.7295 -0.3300 1.1301 42.4803 2.2853 0.2495
Cyclist -1 -1 -1.7174 735.3510 158.5005 778.0736 199.3702 1.8051 1.7954 0.6077 6.7478 0.8349 31.5840 -1.5071 0.5251
Cyclist -1 -1 3.0021 469.1812 173.6871 484.9499 206.0024 1.7126 1.7942 0.6020 -6.9704 1.3530 38.4129 2.8257 0.5011
Cyclist -1 -1 -1.4752 675.8752 164.0587 714.2593 201.0939 1.8310 1.8611 0.5930 4.5039 1.0196 35.4467 -1.3482 0.4913
Cyclist -1 -1 0.0919 342.5963 175.7784 364.2484 221.6906 1.7452 1.8669 0.6286 -9.9213 1.5672 27.8525 -0.2450 0.4751
Cyclist -1 -1 1.3592 581.8453 167.3467 613.6018 197.7531 1.8062 1.8264 0.5826 -0.4444 1.0262 42.4778 1.3506 0.4066
Cyclist -1 -1 -0.8772 866.9631 157.7688 899.6655 188.2768 1.7586 1.8245 0.6091 16.3940 0.4497 41.6978 -0.5034 0.3557
Cyclist -1 -1 0.0693 382.3713 168.6013 416.1994 235.8738 1.7437 1.7958 0.7562 -5.6229 1.4368 19.2780 -0.2084 0.3402
Cyclist -1 -1 -0.4980 702.9622 167.4043 717.8460 187.6239 1.7470 1.7226 0.5320 9.2535 0.6167 61.9836 -0.3488 0.2869
Cyclist -1 -1 0.1365 503.2646 163.5170 519.6497 201.3145 1.7525 1.8287 0.5277 -4.4645 0.9665 33.6943 0.0078 0.2801
Cyclist -1 -1 -0.7495 926.2678 155.5562 957.5243 186.2275 1.7795 1.8083 0.6010 19.9767 0.3337 41.9687 -0.3064 0.2553
Cyclist -1 -1 3.3967 314.0387 184.2990 332.4137 216.3999 1.6207 1.6245 0.4883 -14.6394 1.8239 36.7247 3.0218 0.2508
Car -1 -1 0.7886 468.1078 175.8507 557.7816 216.7631 1.4852 2.6397 2.2316 -3.5691 1.3180 27.3899 0.6622 0.6613
Car -1 -1 0.6885 881.0881 164.1824 942.7361 192.6580 1.6749 2.4913 2.4275 18.7417 0.7165 43.2325 1.0966 0.3595
Car -1 -1 -2.4594 357.3755 179.5849 406.8372 200.2076 1.5426 3.5979 1.7908 -17.2460 1.4754 54.8846 -2.7606 0.3589
Car -1 -1 1.0727 921.2789 170.3285 1050.4879 215.5303 1.5306 3.6393 1.6563 13.2519 1.1877 24.7846 1.5600 0.3043
Car -1 -1 -1.0126 61.4042 163.8884 146.6095 193.7237 1.7733 3.8684 1.8022 -30.4296 0.7873 43.0188 -1.6229 0.2815
Car -1 -1 -0.8999 1036.2598 165.8727 1127.3047 198.1741 1.5308 3.4172 1.7648 23.7728 0.8391 35.4001 -0.3110 0.2668
Car -1 -1 1.5905 1036.8008 166.9374 1103.0259 190.2072 1.4898 3.6209 1.5889 30.8361 0.6228 46.9387 2.1703 0.2606
