Pedestrian -1 -1 3.1134 108.1004 165.1002 178.4774 313.4411 1.7246 0.7876 0.7035 -5.8186 1.6348 8.9091 2.5481 0.5415
Pedestrian -1 -1 -2.6340 243.1252 172.2287 286.4285 249.7662 1.7725 0.7403 0.6332 -8.1172 1.7585 16.8811 -3.0765 0.4544
Pedestrian -1 -1 -3.3659 757.8385 130.8064 810.9387 248.6003 1.8787 0.8625 0.6705 2.8172 1.2084 11.9366 -3.1404 0.3508
Cyclist -1 -1 2.8036 553.4671 177.3766 572.4506 203.9992 1.7699 1.9905 0.6717 -3.2588 2.0863 49.3682 2.7376 0.5244
Cyclist -1 -1 2.8637 568.0594 177.5189 582.5626 201.9769 1.6453 1.7344 0.5424 -2.4306 1.9734 49.7894 2.8147 0.4527
Car -1 -1 -1.7529 657.1675 176.8394 725.4036 226.5676 1.5382 1.6353 3.7071 2.6349 1.6846 24.5335 -1.6479 0.7726
Car -1 -1 1.7255 452.0893 185.1448 512.8192 228.6902 1.5210 1.7577 3.9035 -4.9590 2.0367 28.2784 1.5528 0.7433
Car -1 -1 -1.8758 736.2908 181.1007 976.0129 340.7914 1.4908 1.5911 3.6679 2.6391 1.6127 8.7766 -1.5942 0.7126
Car -1 -1 -1.2788 295.8394 184.0494 447.2734 279.4468 1.5346 1.7079 3.8594 -4.4750 1.7823 13.9998 -1.5835 0.6518
Car -1 -1 -0.9376 0.0000 204.9446 254.7518 375.0000 1.4991 1.6381 4.1133 -4.2061 1.8100 4.8841 -1.6221 0.6159
Car -1 -1 1.7407 507.9345 184.3703 546.9471 211.9029 1.5370 1.7650 3.5872 -4.9817 2.2635 43.6564 1.6272 0.5153
