Pedestrian -1 -1 2.8172 788.8063 143.8465 826.7118 224.5443 1.8926 0.8450 0.6386 4.6994 1.2126 17.3613 3.0768 0.3383
Pedestrian -1 -1 -0.6268 986.1074 121.2981 1100.3043 298.9690 1.8038 0.8594 0.6733 4.5911 1.2808 7.7872 -0.1110 0.2475
Pedestrian -1 -1 3.1855 366.0728 176.2056 397.6128 253.3696 1.7341 0.8050 0.6618 -5.3295 1.8144 16.7275 2.8810 0.2285
Pedestrian -1 -1 3.7969 0.0000 140.7590 88.8823 353.6650 1.8962 0.8228 0.6913 -5.6378 1.6107 6.8401 3.1263 0.2255
Pedestrian -1 -1 2.3747 0.0000 178.3718 93.6532 313.7002 1.6908 0.7802 0.7100 -7.4698 1.7666 9.4543 1.7195 0.2118
Pedestrian -1 -1 -1.3195 626.6121 179.4180 636.8885 201.7705 1.7312 0.6512 0.7050 1.6815 2.2500 56.5606 -1.2904 0.1877
Pedestrian -1 -1 1.2112 824.0731 184.5246 857.8579 243.6551 1.7291 0.7161 0.8343 6.8930 2.0876 21.7055 1.5139 0.1834
Pedestrian -1 -1 2.4369 790.6498 150.6209 812.3443 199.1139 1.9036 0.5339 0.6409 7.5742 1.0312 28.7011 2.6921 0.1822
Pedestrian -1 -1 3.2535 63.2000 171.4479 121.9193 282.8390 1.7494 0.6775 0.7045 -8.4947 1.7277 11.7957 2.6399 0.1770
Pedestrian -1 -1 2.5380 776.2362 158.8418 798.7907 202.3338 1.9084 0.7003 0.7001 7.8571 1.2939 32.1101 2.7754 0.1705
Cyclist -1 -1 -2.3988 0.0000 127.7270 101.3412 338.4040 1.7531 1.7951 0.6981 -5.9463 1.3779 6.9157 -3.0902 0.2945
Cyclist -1 -1 2.4497 1084.7109 83.7226 1242.0000 367.9767 1.7609 1.7375 0.5255 4.3229 1.2091 5.3452 3.1031 0.1987
Cyclist -1 -1 -0.4321 620.2852 178.8289 636.6906 200.9521 1.6946 1.7021 0.6308 1.4192 2.1717 56.6610 -0.4077 0.1946
Cyclist -1 -1 -0.3378 730.2279 178.4311 799.4822 277.3254 1.6539 1.7152 0.6779 2.7134 1.7622 13.0615 -0.1386 0.1898
Cyclist -1 -1 -3.4735 854.0393 174.2231 927.4551 284.7061 1.7063 1.8153 0.5586 4.6012 1.7313 12.0769 -3.1187 0.1849
Cyclist -1 -1 -3.1768 760.4775 167.3141 784.2930 224.1398 1.6808 1.8778 0.6408 4.9613 1.5173 22.3195 -2.9615 0.1841
Car -1 -1 1.8141 380.5331 188.9358 516.8271 284.2742 1.5250 1.6949 3.8578 -3.0376 1.8846 14.1565 1.6056 0.7502
Car -1 -1 -1.7090 682.9826 179.0334 796.2780 266.4442 1.4991 1.7077 3.4131 2.3904 1.6371 14.3411 -1.5482 0.6255
Car -1 -1 -0.2673 705.5371 171.3243 761.3129 206.1272 1.5454 3.8356 1.6188 5.7116 1.4779 34.0279 -0.1029 0.2979
Car -1 -1 -2.9343 619.1676 176.1894 650.3277 196.3942 1.5628 3.8526 1.7767 2.0209 1.8436 58.5769 -2.9004 0.2556
Car -1 -1 2.1099 308.1071 170.0656 451.4298 240.7964 1.9712 3.7076 1.6763 -6.8215 1.8939 21.3494 1.8037 0.2442
Car -1 -1 -2.0851 1045.1072 170.1500 1242.0000 375.0000 1.5362 1.6690 3.9122 4.9970 1.5235 5.5553 -1.3792 0.2399
Car -1 -1 -0.2978 720.5412 176.2881 788.2043 216.9027 1.5064 3.7817 1.6104 5.6886 1.6545 29.0584 -0.1070 0.2139
