Pedestrian -1 -1 2.6102 821.1623 165.5242 842.3342 203.7649 1.8416 0.8297 0.6563 10.7836 1.4890 35.2259 2.9045 0.3808
Cyclist -1 -1 2.8395 770.5868 176.1982 787.4474 205.6972 1.6111 1.7018 0.4281 9.4342 1.8030 40.4637 3.0665 0.3738
Cyclist -1 -1 3.5935 0.0000 176.6548 39.0859 221.1233 1.7476 1.8517 0.6445 -24.2540 1.9085 29.4955 2.9097 0.3114
Cyclist -1 -1 -0.0808 634.7498 181.3719 655.1158 222.9618 1.6943 1.8626 0.7117 1.4334 2.0685 30.7208 -0.0354 0.2781
Cyclist -1 -1 -0.3465 877.7341 166.1218 902.9766 203.4554 1.8104 1.9018 0.5508 13.9118 1.4843 35.9420 0.0197 0.2577
Cyclist -1 -1 3.4660 209.7554 183.1969 228.9586 211.4983 1.6476 1.6148 0.5283 -23.5513 2.2830 43.4568 2.9717 0.1918
Car -1 -1 -1.5538 553.1940 176.0655 615.5782 233.9669 1.5112 1.6472 3.8026 -0.7616 1.6134 20.9587 -1.5905 0.6129
Car -1 -1 0.0373 102.4230 176.0609 141.3142 205.0016 1.5450 3.6432 1.6846 -27.6862 1.7362 40.9498 -0.5544 0.3080
Car -1 -1 3.2100 397.2387 177.7425 419.3629 195.6518 1.5302 3.8469 1.6542 -18.1084 1.9836 64.8162 2.9383 0.3032
Car -1 -1 0.3032 297.4095 181.3528 349.7628 209.2329 1.5066 4.0800 1.7103 -16.7749 2.0307 42.3627 -0.0720 0.2665
Car -1 -1 -0.2249 255.4599 182.8556 300.4771 210.0474 1.5227 3.8605 1.6735 -20.2880 2.1605 43.9443 -0.6554 0.2660
Car -1 -1 -0.0246 10.5913 182.0120 48.4950 209.3778 1.5308 3.7896 1.7024 -35.2102 2.1112 43.6947 -0.7001 0.2602
Car -1 -1 -1.3966 4.5494 176.2401 97.8015 206.4059 1.5832 3.8304 1.7393 -30.8281 1.7785 39.8940 -2.0514 0.2522
Car -1 -1 -0.4732 716.7501 178.6571 780.0612 212.1800 1.5596 3.6347 1.6306 6.8449 1.8672 36.2234 -0.2885 0.2445
