Pedestrian -1 -1 2.2472 1012.1389 176.5628 1095.2078 278.3719 1.6630 0.9378 0.7750 7.5569 1.7301 12.4003 2.7832 0.4388
Pedestrian -1 -1 2.5469 534.4830 177.0833 551.2296 207.1222 1.7676 0.7765 0.6774 -4.0469 2.0237 43.1155 2.4534 0.4250
Pedestrian -1 -1 1.3926 543.9937 186.4835 558.6349 213.9363 1.7470 0.8340 0.7064 -3.8410 2.6401 46.8082 1.3105 0.3480
Pedestrian -1 -1 0.9243 647.3065 192.2325 667.3478 221.6335 1.7370 0.8832 0.8544 2.8528 2.9357 44.0168 0.9878 0.3251
Pedestrian -1 -1 0.8014 962.4837 193.1078 999.3135 240.7394 1.6796 0.9119 0.7804 13.5122 2.4348 26.3805 1.2694 0.3104
Pedestrian -1 -1 2.0309 375.9836 177.0601 414.0871 241.6721 1.7836 0.8305 0.6445 -6.1058 1.9049 20.3542 1.7425 0.3094
Pedestrian -1 -1 0.5197 1050.6948 191.7919 1145.9404 311.2650 1.6637 0.9465 0.8293 7.2577 1.9633 10.8149 1.0971 0.2580
Pedestrian -1 -1 1.8169 550.8862 184.7959 564.6691 209.9981 1.7387 0.8105 0.7352 -3.6899 2.5841 50.6185 1.7439 0.2258
Pedestrian -1 -1 0.3524 728.4542 187.5637 763.2354 251.3203 1.7881 0.8395 0.7569 3.9194 2.2288 21.0428 0.5329 0.2252
Cyclist -1 -1 -0.3590 790.7722 180.3594 876.4346 305.1856 1.7490 1.8990 0.6137 3.3620 1.8759 11.1939 -0.0758 0.3688
Cyclist -1 -1 -0.8957 987.8113 177.7805 1105.7911 284.2169 1.6939 1.7311 0.6146 7.4495 1.7858 12.4832 -0.3689 0.3431
Cyclist -1 -1 -0.2813 757.7794 168.4299 813.0325 256.2593 1.7484 1.9190 0.6141 3.6422 1.6607 15.3356 -0.0533 0.3169
Cyclist -1 -1 -0.2353 721.5898 189.9479 757.1542 255.9823 1.7982 1.7839 0.6095 3.7021 2.3183 21.0266 -0.0646 0.3099
Cyclist -1 -1 -0.0420 547.4674 186.2007 558.5412 214.0491 1.7396 1.7015 0.6426 -3.7345 2.6221 46.8006 -0.1218 0.3095
Cyclist -1 -1 2.7060 657.9120 179.0088 674.3674 200.5923 1.7315 1.8397 0.6306 4.5904 2.2469 59.4079 2.7822 0.2663
Cyclist -1 -1 0.9596 998.4968 179.7561 1157.6909 299.6233 1.7216 1.9302 0.7593 6.9461 1.8298 10.8419 1.5162 0.2524
Cyclist -1 -1 -0.4931 958.8614 194.3664 998.9442 246.0414 1.7743 1.6484 0.5801 13.3796 2.5836 26.2964 -0.0279 0.2456
Cyclist -1 -1 -0.4500 680.9080 171.9924 711.3723 212.0234 1.7928 1.9157 0.6197 3.9215 1.7546 33.3179 -0.3344 0.2446
Cyclist -1 -1 -3.2689 702.1711 190.5810 717.7117 238.0926 1.6964 1.6032 0.3715 3.7106 2.3839 27.1614 -3.1355 0.2345
Cyclist -1 -1 -0.7534 915.8524 166.8217 974.9869 223.3184 1.8023 1.9246 0.6317 11.0926 1.6102 24.0277 -0.3261 0.2309
Cyclist -1 -1 -0.5231 674.4075 185.7993 701.0609 223.0102 1.7601 1.7846 0.4778 3.7923 2.4170 35.6745 -0.4188 0.2210
Cyclist -1 -1 -1.3072 403.9153 199.8252 471.7335 263.7424 1.7492 1.7451 0.7099 -4.9114 2.5282 20.4460 -1.5410 0.2071
Car -1 -1 1.0525 471.8750 190.4312 562.6666 236.2703 1.4921 2.2929 2.6730 -3.4847 2.1831 26.5897 0.9227 0.7327
Car -1 -1 0.6633 0.0000 179.0821 251.9626 370.3611 1.5461 4.0538 1.6951 -5.9531 1.6336 8.0232 0.0405 0.2888
Car -1 -1 1.2784 669.6420 172.1075 726.2884 201.0907 1.8608 3.3053 1.8593 5.7383 1.8132 47.5216 1.3974 0.2503
Car -1 -1 0.2852 553.4370 182.0419 590.1656 204.8112 1.5169 3.8381 1.6195 -2.7268 2.2028 51.7783 0.2324 0.2455
Car -1 -1 -0.2570 986.5209 191.0362 1034.0431 217.8295 1.5131 3.5976 1.7375 25.0655 2.7057 45.3538 0.2445 0.2161
