Pedestrian -1 -1 -0.4971 725.2895 164.3768 762.9586 227.7590 1.8431 0.9551 0.7367 3.9504 1.5969 21.5476 -0.3189 0.5628
Pedestrian -1 -1 3.2540 319.5094 164.4396 336.4894 210.1311 1.8457 0.7525 0.5670 -11.5988 1.5062 29.5807 2.8830 0.4307
Pedestrian -1 -1 0.8308 1111.8726 124.4930 1211.0309 267.8189 1.8468 0.9193 0.5575 7.2854 1.2240 9.6208 1.4641 0.2714
Cyclist -1 -1 0.3672 285.0729 184.1639 355.2643 270.4219 1.6902 1.9270 0.7370 -6.1728 1.9464 15.3560 -0.0096 0.6163
Cyclist -1 -1 2.6102 689.7839 177.9138 705.0448 195.6853 1.6328 1.7660 0.6093 8.1828 2.1148 67.7521 2.7294 0.3573
Car -1 -1 -3.2041 656.6562 176.5632 683.6431 200.1372 1.5364 3.7236 1.6048 4.0610 1.8008 49.4878 -3.1232 0.4815
Car -1 -1 3.2249 471.7657 185.2141 507.3818 214.3004 1.5212 3.5798 1.7119 -6.8595 2.2585 41.1624 3.0603 0.4592
Car -1 -1 -1.8697 931.5112 170.7603 1011.0504 201.4204 1.6346 3.5403 1.7561 19.7376 1.5233 39.6141 -1.4108 0.4525
Car -1 -1 0.1500 492.7925 180.8757 529.5778 206.9498 1.5327 4.0898 1.7182 -6.2438 2.0644 45.7342 0.0146 0.4302
Car -1 -1 1.2468 901.4538 163.5300 1006.6190 205.7759 1.7637 3.7414 1.7387 14.7568 1.3748 31.1963 1.6847 0.4203
Car -1 -1 -0.8836 0.0000 194.9235 130.9919 375.0000 1.5549 1.6138 3.9683 -7.1452 1.8495 7.5931 -1.6211 0.4169
Car -1 -1 0.3610 411.6902 180.5790 453.2149 203.6111 1.6234 4.0111 1.7310 -13.3484 2.2282 54.3562 0.1209 0.3413
Car -1 -1 -2.9920 634.7976 177.7801 660.3234 196.7690 1.5282 3.6814 1.6305 3.1848 1.9588 61.0523 -2.9406 0.3333
Car -1 -1 2.7723 645.9857 174.3094 684.4445 195.1765 1.4940 3.7436 1.6182 4.0615 1.6073 53.9647 2.8467 0.2795
