Pedestrian -1 -1 1.2473 862.2388 123.2113 1027.4667 374.3020 1.8453 1.0326 0.5765 2.5188 1.4808 5.6270 1.6478 0.5944
Pedestrian -1 -1 2.3823 940.1487 171.8085 993.4216 246.6251 1.6902 0.8086 0.7645 8.2489 1.6669 16.7995 2.8311 0.4032
Pedestrian -1 -1 2.0226 951.4562 148.7379 983.9258 204.8079 1.8391 0.7912 0.6039 11.9311 1.0484 24.1613 2.4762 0.3465
Pedestrian -1 -1 -0.3820 705.5643 164.5627 731.0067 213.7541 1.7990 0.8662 0.6596 3.9855 1.4961 26.8835 -0.2369 0.3442
Pedestrian -1 -1 0.1474 495.7170 174.4912 520.3065 224.2509 1.7264 0.9423 0.7324 -3.6461 1.7858 25.5357 0.0064 0.2699
Cyclist -1 -1 0.1293 495.6541 174.7301 519.7224 226.5828 1.7640 1.8309 0.6139 -3.6492 1.8331 25.5288 -0.0119 0.6218
Cyclist -1 -1 -2.7903 340.2346 173.5223 423.6942 294.7483 1.7685 1.8853 0.6511 -3.6321 1.7804 11.4918 -3.0907 0.5363
Cyclist -1 -1 -0.3104 629.8286 172.0438 645.3892 196.6677 1.7506 1.8080 0.5994 1.9627 1.6933 52.2439 -0.2735 0.3517
Cyclist -1 -1 -0.1724 706.5020 165.8683 728.7551 214.5658 1.7669 1.7868 0.5191 3.9825 1.5138 27.0776 -0.0285 0.3355
Cyclist -1 -1 3.6529 0.0000 165.5000 143.5870 375.0000 1.6770 1.6975 0.4766 -4.3428 1.6296 5.5602 3.0125 0.2637
Car -1 -1 -0.0633 639.1218 176.1600 673.7662 204.6486 1.5297 3.6058 1.7262 2.5588 1.7260 40.9625 -0.0018 0.5111
Car -1 -1 1.7484 488.5839 183.0112 535.6263 215.0944 1.5782 1.8374 3.9327 -5.2333 2.1525 38.7650 1.6146 0.5053
Car -1 -1 -1.8032 779.6683 173.9097 919.8532 229.7835 1.6431 3.8021 1.7147 7.2528 1.6775 22.2563 -1.4927 0.4394
Car -1 -1 -1.6211 394.0216 182.4077 458.5113 237.6384 1.5376 1.7825 3.4351 -5.8755 1.8631 22.6488 -1.8726 0.4187
Car -1 -1 -0.8296 0.0000 202.3614 125.2028 375.0000 1.5104 1.5852 3.8586 -4.9587 1.7703 4.3573 -1.6491 0.3333
Car -1 -1 -0.7179 626.6487 176.9043 684.3521 200.6753 1.5709 4.1538 1.7255 3.1168 1.8674 50.5900 -0.6572 0.2649
