Cyclist -1 -1 2.8135 845.7125 159.4033 868.4199 198.8340 1.8099 1.8818 0.4220 11.6092 1.1929 34.0583 3.1391 0.4939
Cyclist -1 -1 0.1402 105.2393 190.5271 141.6892 253.8253 1.6862 1.7663 0.6179 -13.9616 2.2156 20.6672 -0.4482 0.4550
Cyclist -1 -1 -0.4474 194.5423 167.5771 222.9482 203.1799 1.8385 1.7759 0.6012 -21.1845 1.5664 38.0159 -0.9530 0.2669
Cyclist -1 -1 3.4881 0.0000 179.8125 94.1158 311.8038 1.7498 1.9397 0.6016 -8.4125 1.8631 10.6853 2.8330 0.2253
Cyclist -1 -1 0.2109 172.2628 189.8571 203.2835 241.4407 1.7297 1.8805 0.5723 -15.1350 2.3618 25.8221 -0.3150 0.2206
Car -1 -1 1.9845 223.7222 190.0366 349.2466 253.2489 1.4881 1.7099 3.9554 -8.8615 2.0128 20.0384 1.5725 0.7382
Car -1 -1 1.8501 320.9940 188.0861 399.2477 234.7901 1.4468 1.7110 3.3638 -8.6773 2.0155 25.1948 1.5212 0.6937
Car -1 -1 -0.9640 0.0000 189.0390 134.9807 327.7987 1.5848 1.6590 3.8747 -9.0814 1.8702 10.7051 -1.6554 0.6442
Car -1 -1 3.2589 455.8361 181.3779 492.0485 207.7716 1.5085 4.1167 1.7339 -8.4116 2.0621 44.7139 3.0736 0.5494
Car -1 -1 -1.3089 408.2797 172.2798 456.1406 189.5213 1.5802 3.9858 1.8190 -16.5192 1.5279 67.0785 -1.5497 0.3105
Car -1 -1 1.5958 693.5887 172.2825 733.0282 190.0002 1.5496 3.4306 1.8078 9.1968 1.5000 64.2795 1.7369 0.2480
Car -1 -1 0.2206 190.8993 187.6230 261.1111 230.1712 1.4442 3.6607 1.6156 -14.7639 2.0550 27.8393 -0.2634 0.2053
