Pedestrian -1 -1 1.5361 460.7520 198.6503 482.3877 234.8865 1.7007 1.0051 0.8477 -6.7840 2.9760 35.1338 1.3460 0.5007
Pedestrian -1 -1 1.6147 410.2402 187.4000 463.4290 282.3420 1.6430 0.9052 0.6596 -3.1619 1.9141 13.0189 1.3801 0.4808
Pedestrian -1 -1 1.5513 473.5815 192.3435 516.6318 271.8865 1.6901 0.9208 0.6976 -2.5975 2.1332 15.9619 1.3915 0.4295
Pedestrian -1 -1 0.8357 376.2565 197.1371 396.6776 229.0509 1.7706 0.8355 0.7458 -12.8635 3.1834 41.4151 0.5358 0.4238
Pedestrian -1 -1 3.0558 580.0121 178.3842 600.5718 221.5669 1.7164 0.8952 0.7583 -0.8478 1.9450 29.2903 3.0264 0.3866
Pedestrian -1 -1 2.1868 626.7302 207.1403 665.9802 262.3315 1.7772 1.0420 0.8517 1.2005 2.9827 24.7028 2.2334 0.3580
Cyclist -1 -1 0.1878 491.3167 196.8903 525.6671 275.4339 1.6539 1.7526 0.4667 -2.3676 2.2375 16.6192 0.0474 0.4749
Cyclist -1 -1 -1.8130 617.5300 203.3125 668.9164 258.8336 1.8356 1.6603 0.6528 1.0951 2.9064 24.8696 -1.7708 0.4042
Cyclist -1 -1 -1.2903 449.9675 196.8545 488.9192 234.7917 1.7988 1.7216 0.7738 -6.8979 2.9872 35.2532 -1.4829 0.3362
Cyclist -1 -1 0.0784 136.0223 201.4857 179.1129 299.0789 1.7518 1.8687 0.5769 -9.1014 2.3649 14.4766 -0.4750 0.3044
Cyclist -1 -1 -0.4285 1115.4642 167.1812 1150.5331 207.0495 1.7661 1.8605 0.5644 23.8057 1.5152 32.9273 0.1929 0.2865
Cyclist -1 -1 -0.1056 530.7520 189.2178 545.9376 224.9123 1.7422 1.7431 0.5908 -3.7169 2.6017 36.9659 -0.2058 0.2731
Cyclist -1 -1 3.0518 544.0856 177.1884 557.6848 207.1362 1.7659 1.9204 0.6510 -3.6330 2.0356 43.8350 2.9691 0.2618
Car -1 -1 3.5197 172.9097 206.9274 401.7514 344.2491 1.4889 3.9551 1.7048 -4.5675 2.0932 10.7972 3.1274 0.7393
Car -1 -1 2.3775 726.6213 177.9062 796.9879 206.7155 1.5227 3.9144 1.6527 8.5253 1.8246 40.9664 2.5808 0.4523
Car -1 -1 -0.1040 457.1381 192.2670 498.5467 226.5830 1.5423 3.9705 1.6773 -6.8607 2.5955 36.9897 -0.2867 0.3864
Car -1 -1 0.1237 697.5659 179.9179 734.9940 209.0096 1.4952 3.7312 1.6155 5.9085 1.9076 40.0717 0.2685 0.3711
Car -1 -1 -3.4235 1147.9491 187.8188 1242.0000 240.0256 1.4768 4.0037 1.7245 19.3819 2.0168 23.8364 -2.7475 0.3497
Car -1 -1 -0.3191 348.6445 184.3456 397.4496 212.7699 1.5452 3.7114 1.6708 -14.1300 2.2592 42.8188 -0.6364 0.2931
Car -1 -1 3.4630 181.0647 210.6978 269.5239 260.6157 1.4409 3.5251 1.7246 -13.5542 2.8801 25.5520 2.9792 0.2800
Car -1 -1 -3.1231 757.1242 195.9725 800.6574 235.6619 1.4560 3.8705 1.7098 7.2337 2.5159 30.9804 -2.8967 0.2630
