Pedestrian -1 -1 -0.6582 600.0342 179.5772 624.5522 217.8331 1.6973 0.8683 0.7359 0.0623 2.0084 32.7783 -0.6570 0.3955
Pedestrian -1 -1 1.9809 51.9158 219.1245 104.6678 284.0952 1.6598 0.8986 0.8302 -14.5116 2.9527 19.6497 1.3510 0.3234
Pedestrian -1 -1 2.4567 1068.4420 165.0693 1116.2861 239.2967 1.6817 0.7365 0.5871 11.1334 1.5057 16.7418 3.0349 0.3014
Pedestrian -1 -1 2.9742 72.8268 178.3640 88.6286 207.0717 1.7715 0.7166 0.6899 -33.1967 2.1209 45.2091 2.3435 0.2865
Cyclist -1 -1 3.3588 14.2083 163.4856 78.4298 271.0156 1.8486 1.8843 0.5295 -10.4535 1.6879 13.3671 2.7047 0.4560
Cyclist -1 -1 0.9737 964.1467 187.5670 1059.8201 265.2717 1.7238 1.8504 0.7118 9.1936 2.0722 16.6195 1.4705 0.3802
Car -1 -1 -3.4107 1053.1283 173.0540 1242.0000 268.9776 1.5672 1.5852 3.9682 10.5540 1.5716 13.2809 -2.7506 0.6490
Car -1 -1 -1.7893 563.1040 180.4277 617.9613 217.8934 1.6254 1.7412 4.1614 -1.0364 2.0107 34.4338 -1.8198 0.5308
Car -1 -1 3.6247 0.0000 206.5913 131.0292 269.1609 1.5206 2.9638 2.0258 -15.7699 2.5744 20.9046 2.9843 0.4387
Car -1 -1 -0.2185 475.1738 182.1158 508.8499 203.2913 1.4544 3.8735 1.6599 -8.8115 2.1686 53.5042 -0.3814 0.3569
Car -1 -1 -0.4728 139.9205 188.4717 231.3810 228.8126 1.5511 4.1645 1.6785 -18.2909 2.2618 30.9839 -1.0026 0.3280
Car -1 -1 -2.0071 671.8196 190.7323 769.3094 231.9501 1.5254 3.5529 1.5592 4.3920 2.2765 29.0405 -1.8593 0.3252
Car -1 -1 -0.2992 471.0391 174.8165 504.9106 195.4477 1.6140 3.7888 1.6815 -10.0173 1.7802 58.9067 -0.4672 0.3026
Car -1 -1 2.4776 587.4818 179.8730 638.7820 203.1315 1.5189 3.6895 1.6447 0.1552 2.0272 50.2602 2.4801 0.2886
Car -1 -1 2.4375 589.2761 176.1387 636.0077 197.4594 1.5614 3.5695 1.6653 0.1498 1.8223 55.3237 2.4398 0.2790
