Pedestrian -1 -1 2.7617 594.1822 121.2935 652.0215 261.5769 1.7935 0.8175 0.5051 0.1105 1.1346 9.6942 2.7717 0.3632
Pedestrian -1 -1 -2.6319 233.5436 163.4719 271.0965 229.1528 1.8524 0.8577 0.6303 -10.3448 1.5882 20.7919 -3.0888 0.3279
Pedestrian -1 -1 2.7399 279.3603 137.7136 311.4148 212.0239 1.9303 0.6498 0.5734 -8.4091 1.0178 19.1716 2.3314 0.2815
Cyclist -1 -1 -0.2554 208.3514 174.4604 232.5220 213.9412 1.8131 1.8349 0.5616 -18.4415 1.8912 34.0668 -0.7485 0.2126
Cyclist -1 -1 0.0947 277.9173 185.1676 316.6226 270.5778 1.7409 1.6490 0.6211 -6.8921 2.0266 15.8375 -0.3102 0.2124
Car -1 -1 -1.6000 108.3997 187.2686 159.6660 229.0928 1.5495 1.6854 3.7734 -19.9742 2.1929 30.1569 -2.1812 0.5284
Car -1 -1 -0.3507 297.7226 175.5570 522.8702 265.7596 1.5839 1.6000 4.0960 -4.0135 1.6459 14.6120 -0.6149 0.5081
Car -1 -1 -0.2360 1181.4615 171.9208 1242.0000 203.9009 1.5404 3.4820 1.8461 30.6713 1.4958 36.7204 0.4557 0.5042
Car -1 -1 -0.3961 382.5927 181.1379 611.4748 280.8680 1.5099 1.6560 3.6795 -2.0261 1.6772 12.8661 -0.5502 0.4273
Car -1 -1 0.0205 56.0507 185.7919 89.7673 211.2769 1.5238 3.5836 1.6835 -35.0232 2.4032 47.0675 -0.6167 0.4128
Car -1 -1 -0.0362 274.2652 185.1680 468.4086 259.7780 1.5149 1.5769 4.0436 -5.4597 1.8223 16.5558 -0.3506 0.2622
