Pedestrian -1 -1 2.4681 570.5626 166.8290 588.7133 201.0488 1.8497 0.7940 0.6364 -1.6994 1.5244 39.5067 2.4250 0.3848
Pedestrian -1 -1 -0.3879 570.9826 176.2282 590.4700 214.4748 1.7606 0.7914 0.6608 -1.4135 1.9213 33.7962 -0.4300 0.2611
Pedestrian -1 -1 -0.7611 563.4974 169.2076 580.1284 200.4315 1.8574 0.8040 0.6141 -2.3319 1.6408 43.4171 -0.8149 0.2295
Pedestrian -1 -1 0.9938 334.1432 160.3107 372.7422 238.3905 1.8463 0.6315 0.6484 -6.2734 1.5500 17.5063 0.6540 0.2195
Pedestrian -1 -1 3.4264 347.3583 158.1800 380.2847 231.6312 1.9082 0.7974 0.6280 -6.5748 1.5274 19.1541 3.0995 0.1829
Pedestrian -1 -1 3.1079 171.6440 148.1436 214.7529 259.2747 1.8270 0.6369 0.6183 -7.1582 1.4211 12.2928 2.5897 0.1651
Pedestrian -1 -1 -1.7118 444.9372 176.4328 455.3461 198.0181 1.7594 0.7508 0.6628 -13.1854 2.0566 59.3987 -1.9296 0.1372
Pedestrian -1 -1 0.8340 435.3523 170.6132 453.7287 195.5354 1.7672 1.1777 0.6169 -11.9077 1.6086 51.8187 0.6089 0.1372
Cyclist -1 -1 -0.5830 558.0648 173.2163 583.6008 203.4840 1.7934 1.9724 0.5476 -2.4180 1.8162 43.7265 -0.6384 0.2770
Cyclist -1 -1 0.0126 348.3417 160.3749 382.9533 230.0932 1.7667 1.7704 0.8368 -6.5524 1.4508 19.2522 -0.3117 0.2739
Cyclist -1 -1 -0.1486 570.4435 176.6495 589.3422 215.7043 1.7724 1.8694 0.6131 -1.4654 1.9563 33.9079 -0.1921 0.2018
Cyclist -1 -1 -0.3112 545.8132 178.0037 558.5646 197.2475 1.7019 1.8012 0.6268 -5.2562 2.1749 65.2714 -0.3917 0.1852
Cyclist -1 -1 -0.2855 569.0866 170.2439 589.7576 203.4454 1.7912 1.8037 0.6573 -1.7365 1.6508 39.8841 -0.3292 0.1512
Car -1 -1 3.3242 320.4204 193.2159 445.7670 285.4368 1.4664 3.9719 1.6592 -4.4159 1.9328 14.4473 3.0318 0.7884
Car -1 -1 3.1780 538.3097 182.8242 560.9216 202.6674 1.5410 3.9116 1.7358 -5.0160 2.3985 60.0302 3.0945 0.3357
Car -1 -1 3.0973 431.9947 183.9356 464.3889 212.1235 1.4840 3.6337 1.6549 -9.3767 2.1520 41.5024 2.8761 0.2975
Car -1 -1 -1.9388 535.7807 183.8338 584.3165 209.8553 1.5381 1.8400 3.9061 -3.3058 2.2808 46.6260 -2.0097 0.1562
Car -1 -1 -0.0754 421.9450 177.8045 450.6065 201.1937 1.5394 3.7372 1.6663 -12.1902 1.8994 50.3812 -0.3119 0.1470
Car -1 -1 3.0138 434.4768 175.5249 459.4375 194.7999 1.5590 3.6316 1.6029 -13.8062 1.7921 60.8860 2.7915 0.1371
Car -1 -1 -0.2687 555.4178 173.7956 593.2481 197.3804 1.6328 3.6158 1.8289 -2.6417 1.7038 52.1143 -0.3195 0.1342
