Pedestrian -1 -1 -0.4569 779.4510 153.5338 813.6777 221.5439 1.8059 0.7762 0.6180 5.0134 1.2932 19.6006 -0.2106 0.4143
Pedestrian -1 -1 -2.0973 898.8417 149.5604 986.0703 280.2146 1.8224 0.9071 0.7217 4.7536 1.4978 10.4706 -1.6825 0.2593
Pedestrian -1 -1 -0.7570 451.7616 176.5270 466.5995 203.2621 1.7018 0.6800 0.6458 -9.7535 1.9413 46.5121 -0.9629 0.2313
Pedestrian -1 -1 1.4401 1017.9214 156.0645 1033.7991 187.7145 1.9383 0.7697 0.6552 25.6890 0.9104 44.6340 1.9593 0.1771
Pedestrian -1 -1 -0.9043 974.3030 133.5795 1060.8473 267.5168 1.7655 0.8296 0.6371 5.5899 1.2482 10.0153 -0.4081 0.1686
Pedestrian -1 -1 2.2455 1018.9488 159.0384 1043.2955 197.5512 1.8115 0.7781 0.6325 20.0432 1.1620 34.4123 2.7689 0.1500
Pedestrian -1 -1 1.1989 224.7394 167.5931 252.0269 201.7526 1.7999 1.1502 0.6293 -19.9417 1.5230 38.6541 0.7252 0.1379
Cyclist -1 -1 0.1645 452.3433 178.1823 464.7697 203.7650 1.6082 1.5956 0.5303 -9.7850 1.9579 46.5004 -0.0422 0.3681
Cyclist -1 -1 -3.5553 905.6526 148.8972 998.0650 280.9688 1.7768 1.7402 0.5429 4.9032 1.4548 10.5767 -3.1325 0.1852
Cyclist -1 -1 0.2053 352.1213 177.7232 371.2779 210.2491 1.7523 1.9067 0.6317 -13.8400 2.0303 40.1504 -0.1250 0.1659
Cyclist -1 -1 0.0651 230.9140 169.2039 246.3223 202.0755 1.7280 1.7402 0.6233 -20.0242 1.5365 38.8501 -0.4082 0.1475
Cyclist -1 -1 0.2949 464.4100 175.0195 479.2617 199.9594 1.7824 1.8213 0.5603 -10.1029 1.9436 52.6603 0.1059 0.1376
Cyclist -1 -1 -1.8266 1012.6356 163.3313 1056.9639 201.1455 1.7742 1.6938 0.7195 20.2125 1.3278 34.4247 -1.2997 0.1367
Car -1 -1 -1.5641 596.7863 181.2511 663.5469 243.3763 1.4944 1.6548 3.7268 0.5080 1.7466 19.7522 -1.5397 0.6358
Car -1 -1 -0.8983 803.9615 178.1919 878.3618 206.7021 1.5361 3.8755 1.7028 13.2790 1.8606 41.7352 -0.5927 0.2237
Car -1 -1 -0.6016 732.2269 180.0050 784.4409 203.0685 1.5272 3.8703 1.7359 10.4477 2.0561 51.2106 -0.4020 0.2199
Car -1 -1 2.2064 867.2613 177.1836 939.8782 205.7563 1.4919 3.3560 1.7465 16.2449 1.7444 40.1306 2.5881 0.1847
Car -1 -1 2.7786 843.1578 183.2514 933.2852 230.2670 1.4448 3.6634 1.6701 9.4119 1.8293 24.8180 3.1365 0.1819
Car -1 -1 2.5046 707.5376 178.6105 751.1706 198.2476 1.5355 3.5384 1.7961 9.7946 2.0269 59.5633 2.6663 0.1675
Car -1 -1 -2.2079 704.1749 168.2946 740.3300 186.4779 1.6585 2.3811 2.3923 10.4583 1.2430 67.4227 -2.0550 0.1552
Car -1 -1 0.1289 519.5251 180.9429 546.5281 200.9505 1.5008 3.8424 1.6662 -6.1373 2.1690 57.6298 0.0228 0.1413
Car -1 -1 3.2404 349.6084 176.2587 391.0155 208.3409 1.6015 4.2737 1.6911 -12.8501 1.7955 38.7672 2.9220 0.1336
