Pedestrian -1 -1 1.6307 545.6040 171.7715 573.9069 225.0320 1.7859 0.9243 0.6362 -1.7458 1.7500 24.5150 1.5596 0.5173
Pedestrian -1 -1 3.2203 514.6789 169.1443 546.6070 237.4919 1.7883 0.9520 0.7811 -2.1673 1.6916 19.3647 3.1096 0.3108
Cyclist -1 -1 1.1640 840.4438 167.5721 891.7799 212.3452 1.8032 1.8810 0.6241 10.3984 1.5909 29.4349 1.5000 0.4054
Cyclist -1 -1 -2.9723 505.9015 171.8593 539.0775 240.6368 1.7623 1.7844 0.5952 -2.3799 1.7371 19.3904 -3.0936 0.3046
Cyclist -1 -1 2.9394 595.3964 177.6585 606.6815 197.2405 1.7800 2.0009 0.6593 -0.8599 2.2344 67.1457 2.9262 0.2973
Cyclist -1 -1 -0.1186 561.0989 175.9741 575.3546 205.2430 1.7018 1.7900 0.6397 -2.5364 1.8926 43.0879 -0.1775 0.2958
Cyclist -1 -1 -0.3778 528.1614 164.5735 550.6854 197.3952 1.9015 2.1065 0.5945 -4.2399 1.4221 42.8717 -0.4761 0.2670
Cyclist -1 -1 -3.5696 1078.8970 165.9866 1110.5905 201.6300 1.7092 1.8395 0.5763 23.8269 1.3803 35.5514 -2.9833 0.2527
Cyclist -1 -1 -2.8325 534.1450 168.1392 566.9255 223.0766 1.7636 1.7704 0.5822 -2.0125 1.6126 24.0885 -2.9156 0.1965
Car -1 -1 -2.8772 414.8334 180.2766 523.1188 251.6431 1.5426 4.0260 1.6489 -3.4404 1.7505 18.0958 -3.0632 0.6942
Car -1 -1 0.7076 1103.9099 166.0081 1215.7668 208.2882 1.6158 3.2540 1.9102 21.9053 1.3545 28.8573 1.3517 0.4693
Car -1 -1 3.4123 109.6234 149.8056 370.3740 332.1805 1.7297 4.1141 1.7229 -4.2840 1.5115 9.0099 2.9791 0.3065
Car -1 -1 -0.1485 409.7810 181.2211 438.1714 200.8456 1.5271 3.7739 1.7448 -15.5186 2.2473 59.9931 -0.4009 0.2340
Car -1 -1 -1.9631 1174.3915 181.4258 1242.0000 375.0000 1.5192 1.6406 3.8897 6.9236 1.6250 6.7631 -1.1882 0.2047
