Pedestrian -1 -1 -1.1219 1101.8846 125.4598 1218.9913 287.6480 1.8488 0.9121 0.7368 6.6409 1.3089 8.7980 -0.4917 0.4244
Pedestrian -1 -1 0.2852 1114.9387 203.0947 1152.3378 260.3192 1.7560 0.8443 0.7764 16.8669 2.7569 23.3031 0.9047 0.3098
Pedestrian -1 -1 -2.1006 471.8180 177.6537 483.6770 198.4855 1.6968 0.7771 0.5752 -10.9217 2.0958 59.4566 -2.2818 0.2892
Pedestrian -1 -1 -0.2119 419.4347 154.0660 441.1036 205.4792 1.9094 0.8115 0.6392 -6.8472 1.2120 27.2989 -0.4557 0.2600
Pedestrian -1 -1 2.6429 434.9143 177.8126 449.7764 204.9477 1.7401 0.7932 0.6410 -10.9450 2.0667 46.9635 2.4148 0.2510
Pedestrian -1 -1 1.4071 459.1481 178.2134 473.4286 208.0735 1.7336 0.7301 0.6370 -8.4945 2.0525 42.4670 1.2104 0.2452
Pedestrian -1 -1 1.7612 943.3015 175.0016 967.1014 214.1722 1.7827 0.8903 0.6471 15.9491 1.8841 33.4165 2.2025 0.2452
Pedestrian -1 -1 0.5884 977.4201 188.7075 1005.4909 231.9992 1.7921 0.7904 0.7462 16.2208 2.4798 30.7623 1.0689 0.1797
Pedestrian -1 -1 1.1834 242.8248 171.1624 267.7081 201.1614 1.7951 1.2292 0.5789 -21.5752 1.6942 43.8239 0.7281 0.1786
Cyclist -1 -1 0.0286 249.1815 171.2134 261.4329 201.2588 1.7889 1.9347 0.6128 -21.6375 1.6915 43.9638 -0.4266 0.2604
Cyclist -1 -1 -0.4475 939.6671 175.3226 972.9330 215.2606 1.7883 1.8930 0.6203 15.9566 1.9061 33.3714 -0.0054 0.2151
Cyclist -1 -1 -0.1069 474.7120 177.7122 484.5721 198.5765 1.6835 1.8240 0.6098 -10.8019 2.0919 59.6269 -0.2857 0.2022
Cyclist -1 -1 2.7393 798.1400 178.9546 817.1151 203.4791 1.7624 1.9070 0.6533 14.5689 2.2221 53.3310 3.0041 0.1970
Cyclist -1 -1 2.7368 767.6410 176.2179 785.0082 198.7968 1.7678 1.8436 0.6793 13.2769 2.0419 57.7451 2.9613 0.1904
Cyclist -1 -1 -0.1836 503.4410 176.6121 517.0261 200.7851 1.6879 1.7690 0.6491 -7.1723 1.9620 51.6140 -0.3214 0.1794
Cyclist -1 -1 -0.4615 879.3007 176.5930 904.8200 210.0492 1.7863 1.7236 0.5930 15.4329 1.9965 39.6048 -0.0930 0.1760
Car -1 -1 -1.6181 584.1097 176.3169 618.9354 208.3114 1.5392 1.6005 3.7462 -0.5164 1.7265 37.0424 -1.6325 0.6690
Car -1 -1 -1.5806 534.5940 179.4910 561.2200 205.0577 1.5316 1.6291 3.7157 -4.0234 1.9742 46.1501 -1.6675 0.5262
Car -1 -1 -0.4958 948.3013 188.9891 1032.4869 226.0559 1.4667 3.8841 1.6523 16.8292 2.2311 32.2084 -0.0188 0.2920
Car -1 -1 2.5238 670.7465 183.3544 727.5651 208.1178 1.5310 4.0368 1.7880 5.9314 2.2718 48.6731 2.6437 0.1973
Car -1 -1 -0.2388 374.1618 183.2426 407.5328 204.1450 1.5094 3.6658 1.6614 -17.0889 2.3461 56.0886 -0.5335 0.1969
Car -1 -1 -0.1473 200.8895 189.9126 240.4188 214.6919 1.5101 3.7316 1.8290 -26.4032 2.7131 48.8240 -0.6410 0.1821
Car -1 -1 3.3388 323.3057 183.7313 358.3151 205.5065 1.4823 3.6493 1.7245 -19.7507 2.3108 52.9895 2.9833 0.1812
Car -1 -1 2.2468 824.8458 175.5433 888.2323 198.6658 1.5507 4.0764 1.6935 17.3655 1.7495 51.0661 2.5724 0.1741
