Pedestrian -1 -1 1.4731 669.0513 181.6538 710.8381 260.0904 1.6552 0.8142 0.8203 1.8700 1.6599 15.5736 1.5851 0.3316
Pedestrian -1 -1 -0.0334 492.7087 176.6770 516.0798 230.9771 1.7085 0.6175 0.7165 -3.1329 1.5578 22.9644 -0.1728 0.2632
Pedestrian -1 -1 3.0550 0.0000 168.8716 24.6629 219.4511 1.7829 0.8231 0.6585 -21.2462 1.3388 25.8427 2.3668 0.2243
Cyclist -1 -1 -0.1851 578.2965 169.5721 596.0807 203.6778 1.6362 1.6881 0.5633 -0.7188 1.0649 35.3435 -0.2103 0.3215
Cyclist -1 -1 3.3365 253.2867 180.2280 271.1394 210.6282 1.7039 1.7792 0.5989 -19.4430 1.6334 41.1948 2.8929 0.2509
Cyclist -1 -1 0.4937 193.2173 171.7587 217.3796 200.4779 1.8255 1.8370 0.5756 -25.6643 1.2070 46.5786 -0.0125 0.2393
Car -1 -1 -1.2673 133.6595 190.2458 414.5214 374.0000 1.5028 1.5897 3.6643 -3.1732 1.6205 7.6657 -1.6541 0.6779
Car -1 -1 -1.5588 511.7313 172.0103 587.1844 242.7706 1.5561 1.6609 3.7840 -1.3049 1.3486 17.7366 -1.6365 0.6569
Car -1 -1 -3.0621 591.9366 170.6123 637.1414 208.1429 1.4936 3.4975 1.6591 0.5915 1.0613 30.4038 -3.0479 0.5350
Car -1 -1 -1.5362 505.4496 172.4133 561.2239 222.7301 1.5906 1.7605 3.7839 -2.3010 1.3044 24.6480 -1.6335 0.4122
Car -1 -1 0.1801 355.0512 163.3568 431.2032 220.7357 1.7932 4.4313 1.7549 -7.0771 1.2273 24.7396 -0.1008 0.4057
Car -1 -1 -0.6290 595.3681 177.1373 650.5147 201.3647 1.5220 3.8348 1.6676 1.3791 1.2486 47.1751 -0.6050 0.2914
Car -1 -1 -0.0920 679.8673 176.0633 721.3447 208.2933 1.5077 3.8468 1.6529 4.8443 1.2543 35.5529 0.0373 0.2380
Car -1 -1 -0.0626 181.8018 177.0441 213.8316 201.0952 1.5292 3.6442 1.6141 -26.7831 1.2466 47.6383 -0.5774 0.2296
Car -1 -1 -0.8286 693.8052 170.5281 744.1569 191.7408 1.5198 3.3501 1.7943 8.7190 0.7343 53.3318 -0.6723 0.2237
