Pedestrian -1 -1 2.1333 907.6900 128.8425 1053.1937 359.3432 1.7800 0.8768 0.6612 3.1160 1.3828 6.0015 2.5930 0.2203
Pedestrian -1 -1 1.2570 249.6437 174.5503 271.3650 205.5352 1.8060 1.0096 0.6329 -20.3650 1.4606 41.7836 0.8082 0.1974
Pedestrian -1 -1 -1.2247 175.3297 175.1849 188.5221 198.4932 1.7287 0.6539 0.6775 -31.6014 1.3357 52.8277 -1.7595 0.1971
Pedestrian -1 -1 -0.1913 741.0972 166.7688 770.8113 224.2825 1.6515 0.8457 0.7007 4.3835 1.2588 20.7262 0.0158 0.1911
Pedestrian -1 -1 1.5774 619.6129 163.9830 631.6827 183.9218 1.8246 1.1044 0.6933 1.9266 0.3143 65.0629 1.6086 0.1649
Pedestrian -1 -1 1.4336 475.2266 169.6360 488.2594 189.8688 1.8127 1.0811 0.6509 -11.1045 0.8406 63.8158 1.2638 0.1649
Pedestrian -1 -1 3.1409 96.5045 162.4347 113.5378 205.4058 1.8345 0.6389 0.5975 -21.6675 1.0647 30.6126 2.5317 0.1624
Cyclist -1 -1 -0.1624 476.5653 169.2575 487.2322 190.3785 1.8785 2.0432 0.6316 -11.1187 0.8798 63.9494 -0.3320 0.5275
Cyclist -1 -1 -0.1470 738.0571 164.6545 768.6901 223.0470 1.6424 1.7622 0.6216 4.3087 1.1983 20.7793 0.0562 0.4224
Cyclist -1 -1 3.2535 0.0000 185.7439 26.5068 238.7502 1.6765 1.8306 0.5417 -19.6965 1.8588 23.4533 2.5632 0.2831
Cyclist -1 -1 -1.8109 572.5524 166.3659 593.5560 186.3808 1.7915 1.7951 0.6391 -1.9599 0.5276 63.8299 -1.8397 0.2633
Cyclist -1 -1 -0.4060 617.7172 165.8947 631.8492 185.4575 1.7737 1.8744 0.6108 1.8377 0.4506 65.0858 -0.3761 0.2330
Cyclist -1 -1 -2.8644 428.4152 173.1714 442.8115 198.8102 1.7114 1.8566 0.4593 -11.5198 1.2235 48.1282 -3.0962 0.2306
Cyclist -1 -1 -1.2689 512.1674 167.5591 538.7198 193.1108 1.8156 1.7870 0.6282 -5.6989 0.8974 50.7148 -1.3784 0.2226
Cyclist -1 -1 2.3547 865.6642 167.2534 906.5143 205.6756 1.6992 1.8405 0.5991 12.7743 1.1148 32.2266 2.7304 0.1934
Cyclist -1 -1 0.1804 173.7959 176.4411 188.0480 200.8206 1.7876 1.7945 0.5949 -31.6435 1.4912 52.7825 -0.3554 0.1808
Cyclist -1 -1 -0.3408 505.9796 168.5925 518.9832 188.0562 1.7849 1.8972 0.6032 -8.5943 0.6941 65.8158 -0.4683 0.1710
Cyclist -1 -1 3.6540 116.3821 178.0944 157.8559 220.3539 1.7347 1.9305 0.5901 -19.8488 1.6374 30.0010 3.0760 0.1608
Cyclist -1 -1 3.3234 252.2170 175.8264 268.6537 206.0379 1.7480 1.7586 0.5599 -20.3809 1.4790 41.8263 2.8746 0.1606
Cyclist -1 -1 -0.1542 752.4291 152.7369 787.5836 235.9521 1.7867 1.7609 0.5017 3.6899 1.1922 16.0713 0.0691 0.1582
Car -1 -1 2.9349 545.1005 170.5705 574.0516 189.9595 1.5555 3.4360 1.7285 -3.7789 0.7601 58.6055 2.8726 0.3890
Car -1 -1 0.1213 187.1485 181.4429 223.9996 206.5025 1.4701 3.5435 1.5450 -24.5585 1.5321 43.5499 -0.3874 0.2145
Car -1 -1 2.0784 35.2900 168.7566 128.8922 203.1985 1.7175 3.4928 1.6781 -26.7939 1.1334 36.2999 1.4485 0.1719
Car -1 -1 -2.1696 719.7432 166.9122 772.9281 191.6729 1.5846 1.7025 3.6837 9.4002 0.7164 47.2721 -1.9729 0.1619
