Pedestrian -1 -1 2.5282 704.2448 170.1054 724.2208 202.2117 1.7930 0.9589 0.6933 5.8667 1.6398 40.8761 2.6693 0.2122
Cyclist -1 -1 -0.3392 702.6473 169.6983 723.9528 201.4594 1.7609 1.8232 0.6211 5.8168 1.5863 40.9562 -0.1995 0.5175
Cyclist -1 -1 -0.6835 766.4785 155.7982 802.3813 196.1807 1.9112 2.0436 0.5228 8.4469 1.1044 35.1800 -0.4501 0.3130
Cyclist -1 -1 -2.7107 321.7568 178.7221 338.1601 200.1613 1.7644 1.8094 0.5861 -23.6130 2.2668 60.8046 -3.0799 0.2468
Cyclist -1 -1 -0.9562 955.0063 166.0910 982.9550 189.9737 1.8455 2.0000 0.5758 28.2055 1.3232 56.7687 -0.4974 0.1645
Car -1 -1 1.9913 189.2960 189.3638 270.1411 229.7653 1.5577 1.6478 3.9270 -16.5144 2.3241 31.4678 1.5112 0.6070
Car -1 -1 3.4186 348.8270 184.8942 393.6135 210.7827 1.5477 3.8992 1.7647 -15.5116 2.3648 46.9615 3.1009 0.4663
Car -1 -1 2.6151 957.6774 176.2036 1005.1948 197.1277 1.5517 3.7338 1.6118 28.7572 1.8211 56.0261 3.0868 0.2813
Car -1 -1 -0.0109 0.0000 190.4005 43.2691 223.2238 1.4415 3.6368 1.6280 -29.1442 2.3558 35.6570 -0.6926 0.2649
Car -1 -1 0.2231 126.2880 184.6422 169.0608 207.9513 1.4837 3.8894 1.6787 -32.1188 2.3384 50.1763 -0.3441 0.2156
Car -1 -1 2.9345 740.1017 178.3554 784.6301 207.2417 1.5066 3.8659 1.6574 8.4167 1.8291 40.3039 3.1384 0.2135
Car -1 -1 2.8936 484.0674 175.7250 512.9390 194.2184 1.5774 3.6894 1.6814 -9.9685 1.8413 64.1963 2.7398 0.1965
Car -1 -1 1.9278 53.2536 183.4187 145.0795 213.8356 1.6439 3.9411 1.6879 -29.1372 2.2672 41.2219 1.3154 0.1845
Car -1 -1 -2.2819 917.0739 164.0793 965.9326 181.9178 1.5454 3.6330 1.8086 29.3185 0.7856 63.8827 -1.8536 0.1768
