Pedestrian -1 -1 3.3136 349.3336 167.4885 392.2971 257.2641 1.7433 0.8050 0.6948 -4.6474 1.4725 14.3938 3.0011 0.5800
Pedestrian -1 -1 1.6786 328.5785 174.9038 379.3215 260.7526 1.7491 0.9418 0.6705 -5.2138 1.6160 15.0651 1.3452 0.5786
Pedestrian -1 -1 0.7834 868.4489 139.5421 1032.2770 374.0000 1.8042 0.8092 0.8346 2.6742 1.5057 5.6658 1.2008 0.5043
Pedestrian -1 -1 -0.7981 1068.7684 140.5400 1140.9805 245.6562 1.7749 0.8228 0.6377 8.7701 1.0846 12.5945 -0.2047 0.4969
Pedestrian -1 -1 3.0820 438.2166 175.8541 479.9222 262.0092 1.6586 0.7971 0.7642 -2.8838 1.5512 14.3097 2.8810 0.3437
Pedestrian -1 -1 -0.1610 525.7866 172.6006 549.2980 217.9905 1.7665 0.8383 0.7993 -2.5549 1.4211 28.4597 -0.2549 0.3006
Pedestrian -1 -1 0.9085 1100.9844 136.3827 1173.3064 249.7362 1.8164 0.7185 0.6300 8.7724 1.0948 11.8376 1.5306 0.2941
Pedestrian -1 -1 1.9228 1188.9788 126.3780 1238.0000 253.1464 1.8126 0.8378 0.6272 9.4326 1.0258 10.7877 2.6242 0.2886
Pedestrian -1 -1 -1.0895 1129.3188 119.7960 1229.1753 266.9759 1.8517 0.8192 0.6764 7.6210 1.0767 9.5486 -0.4343 0.2783
Cyclist -1 -1 1.7482 433.1125 178.9544 539.0444 263.4665 1.6364 1.9788 0.7926 -2.3103 1.5883 14.3169 1.5855 0.4587
Cyclist -1 -1 3.2846 0.0000 204.3365 73.3846 374.0000 1.5324 1.6017 0.3390 -5.2674 1.7701 6.6505 2.6275 0.3131
Cyclist -1 -1 -0.1752 632.4654 174.3185 654.4644 206.3824 1.6372 1.8994 0.8203 2.1856 1.2714 37.6698 -0.1228 0.3108
Cyclist -1 -1 -0.9273 1154.8738 134.3498 1238.0000 261.2582 1.7631 1.7068 0.7167 9.4694 1.1094 10.8897 -0.2286 0.2922
Cyclist -1 -1 2.5079 968.3177 148.8699 1238.0000 374.0000 1.6042 1.5974 0.3991 2.6812 1.4585 4.0506 3.0576 0.2608
Car -1 -1 -1.7881 728.1968 168.3236 901.2703 291.3557 1.6043 1.7003 3.8847 3.0862 1.4338 11.3370 -1.5337 0.8119
Car -1 -1 3.1613 530.2776 176.2419 562.8229 206.5016 1.5006 3.5818 1.6118 -2.8405 1.2407 37.4557 3.0810 0.4713
Car -1 -1 3.1509 510.2702 177.8308 551.9382 216.4077 1.5083 3.5877 1.6260 -2.9400 1.3658 29.9446 3.0488 0.4208
Car -1 -1 -0.2036 663.0054 178.2218 737.8345 228.3755 1.5114 3.8707 1.6452 3.1352 1.4137 23.6382 -0.0784 0.4005
Car -1 -1 -1.8287 550.1049 170.9749 608.8882 193.3249 1.5828 3.9355 1.8413 -1.5943 0.8380 52.3177 -1.8639 0.3082
