Car -1 -1 -1.6692 672.5059 176.1591 737.3578 229.0046 1.6054 1.7413 3.9674 3.0455 1.7256 24.1719 -1.5461 0.7807
Car -1 -1 3.5300 100.4394 203.7898 324.3036 330.7480 1.4889 3.9414 1.6782 -6.0698 2.0693 11.4892 3.0529 0.7799
Car -1 -1 1.7200 436.1638 187.6198 494.0468 229.8980 1.5353 1.7479 4.0456 -5.9240 2.1857 29.7011 1.5242 0.7170
Car -1 -1 3.3523 367.1195 192.7647 452.9933 249.7829 1.4760 4.0209 1.7221 -6.0665 2.1447 22.1636 3.0875 0.7114
Car -1 -1 -1.6436 662.8802 176.4146 711.2684 218.0458 1.5680 1.6667 3.8543 3.0396 1.7233 29.4566 -1.5424 0.6646
Car -1 -1 3.4505 273.8324 195.8612 400.5626 273.5420 1.4403 3.6139 1.6285 -6.0540 2.0193 16.3048 3.0997 0.6471
Car -1 -1 -0.9185 0.0000 195.7831 154.1466 375.0000 1.5417 1.6558 3.9900 -5.8804 1.8027 6.1361 -1.6610 0.5336
Car -1 -1 -2.0232 889.8433 157.9337 1082.0732 227.5091 1.6454 3.8402 1.8301 9.2072 1.2929 18.0019 -1.5575 0.4799
Car -1 -1 -0.1843 209.3647 186.0552 285.8409 237.4212 1.4416 3.4092 1.5860 -11.6604 1.8970 23.0293 -0.6486 0.4009
Car -1 -1 1.6408 412.6881 175.7953 465.4432 197.6862 1.5656 3.6646 1.6624 -12.5472 1.7867 53.0167 1.4093 0.3482
Car -1 -1 1.2868 874.4463 156.6897 1014.1019 219.9905 1.6840 3.1750 1.8132 9.2546 1.2544 20.3090 1.7085 0.3407
Car -1 -1 -0.2720 383.5879 175.8929 432.2643 206.2671 1.5482 3.5875 1.6358 -11.0314 1.7216 39.1246 -0.5454 0.3401
Car -1 -1 1.1265 783.5220 169.3819 885.7101 216.0194 1.5893 2.9372 1.9244 7.9229 1.4714 25.7565 1.4212 0.3394
