Pedestrian -1 -1 -0.0559 359.1105 168.5382 400.8502 267.4755 1.7688 0.8068 0.6951 -4.3310 1.6920 13.3978 -0.3635 0.3821
Pedestrian -1 -1 1.6574 73.7304 138.0845 163.2855 286.3235 1.8504 0.9231 0.5422 -6.4737 1.4168 9.4634 1.0702 0.2703
Pedestrian -1 -1 2.5823 598.1580 169.0226 618.4756 207.1769 1.8121 0.7991 0.6543 -0.1220 1.6304 34.7776 2.5782 0.2423
Pedestrian -1 -1 -2.2293 526.3953 181.1116 540.7893 204.7135 1.7754 0.9113 0.6115 -5.8693 2.4135 55.1846 -2.3353 0.2253
Pedestrian -1 -1 1.0045 573.4725 191.2272 600.1124 229.6578 1.7015 0.8952 0.8704 -1.1076 2.5613 33.1393 0.9705 0.1960
Pedestrian -1 -1 1.9670 353.8670 180.8045 397.3276 248.0436 1.7419 0.9067 0.6758 -6.2619 1.9574 19.1522 1.6545 0.1931
Pedestrian -1 -1 1.7075 1151.4967 126.5650 1209.9604 238.5310 1.8446 0.7107 0.6617 9.7336 1.0824 12.3700 2.3625 0.1849
Pedestrian -1 -1 -0.1227 216.9845 163.5054 265.3592 265.2366 1.7959 0.8117 0.7010 -6.8397 1.6312 13.2671 -0.5910 0.1842
Pedestrian -1 -1 2.3189 802.1351 168.7370 866.8803 268.6537 1.6955 0.8793 0.6614 3.9183 1.6260 12.7879 2.6088 0.1668
Pedestrian -1 -1 2.0121 455.3602 168.3065 526.9614 288.2762 1.7158 0.8637 0.6354 -1.8134 1.6512 10.7405 1.8477 0.1605
Cyclist -1 -1 0.0129 528.5149 181.2106 536.2576 205.3586 1.7907 1.8890 0.5659 -5.9525 2.4409 55.1394 -0.0947 0.2979
Cyclist -1 -1 -3.4453 866.1370 151.2923 981.0720 329.4065 1.7535 1.7864 0.6235 3.3571 1.5415 8.0154 -3.0627 0.2787
Cyclist -1 -1 -1.0727 542.8799 169.3478 573.8145 199.4252 1.8352 1.8467 0.6029 -3.2335 1.6216 44.6790 -1.1449 0.2208
Cyclist -1 -1 0.2128 355.3645 139.9971 427.1182 251.2403 1.7438 1.7704 0.8011 -3.7130 1.2291 12.2210 -0.0768 0.2171
Cyclist -1 -1 -0.2382 809.4286 166.3765 876.3367 281.9809 1.7596 1.9992 0.5741 3.7725 1.6613 11.9941 0.0585 0.2053
Cyclist -1 -1 -0.0632 788.3289 186.0477 811.5898 273.7099 1.6483 1.6193 0.3378 3.7908 1.9316 14.6402 0.1841 0.1986
Cyclist -1 -1 0.1557 359.3747 183.5529 392.4642 251.0376 1.6833 1.7458 0.5710 -6.2534 1.9816 19.1886 -0.1559 0.1936
Cyclist -1 -1 -0.4455 1070.8750 86.6444 1242.0000 375.0000 1.8224 1.8943 0.5270 3.9392 1.3260 5.1346 0.1812 0.1888
Cyclist -1 -1 2.3514 1038.7924 135.3823 1242.0000 328.6008 1.8081 1.9603 0.6225 5.5894 1.4578 7.7700 2.9565 0.1853
Cyclist -1 -1 -0.4039 920.6258 151.6345 1041.0182 319.0139 1.7931 1.8159 0.5778 4.3141 1.5662 8.6470 0.0444 0.1734
Cyclist -1 -1 -1.5191 566.2631 190.4913 606.2104 230.9338 1.8201 1.8022 0.7119 -1.1225 2.6402 33.1647 -1.5535 0.1712
Cyclist -1 -1 -0.0283 538.0504 183.1347 544.6031 205.3678 1.7154 1.8860 0.4647 -5.5041 2.5492 57.5244 -0.1238 0.1601
Cyclist -1 -1 2.8466 600.5363 173.0166 623.6083 211.0955 1.7881 1.8494 0.5986 0.0488 1.7965 34.8593 2.8474 0.1592
Cyclist -1 -1 3.2723 395.6492 173.6662 471.0216 339.8279 1.6808 1.8687 0.5921 -2.0290 1.6915 8.2652 3.0375 0.1579
Cyclist -1 -1 3.2040 468.3154 181.6955 515.1273 310.2548 1.6766 1.8852 0.5564 -1.7447 1.8175 10.5054 3.0421 0.1576
Car -1 -1 -1.7991 716.8718 191.1979 759.4990 219.7130 1.4887 1.5883 3.9637 7.4230 2.6158 42.2934 -1.6272 0.3178
Car -1 -1 -0.2902 723.3889 172.3967 764.2910 196.7311 1.6107 3.7585 1.7582 9.1436 1.5808 49.7203 -0.1097 0.3162
Car -1 -1 -0.3473 653.1656 198.7626 727.6000 230.6751 1.6169 1.5857 3.7590 4.3759 3.0882 39.7457 -0.2394 0.2327
Car -1 -1 1.1077 702.0353 184.3097 744.0369 205.7207 1.5103 1.8476 3.3350 8.5156 2.4099 54.7657 1.2606 0.1870
Car -1 -1 1.8796 537.6659 189.9720 624.3741 225.4816 1.5506 3.7683 1.6378 -1.3886 2.3890 34.0344 1.8383 0.1823
Car -1 -1 2.6263 873.5322 182.0956 1242.0000 375.0000 1.4750 3.8495 1.6153 3.8793 1.5848 6.6106 3.1367 0.1625
