Pedestrian -1 -1 2.4814 588.0056 167.6214 606.3532 199.6513 1.8434 0.8619 0.6846 -0.7833 1.5426 42.0746 2.4625 0.4617
Cyclist -1 -1 2.8091 397.4341 162.2108 438.6000 224.5972 1.8199 1.8816 0.6327 -5.9186 1.5098 22.0023 2.5489 0.3558
Cyclist -1 -1 3.1683 289.3146 161.8345 305.2663 204.6573 1.8383 1.8461 0.5963 -13.8728 1.3656 31.9386 2.7613 0.3545
Cyclist -1 -1 -0.3297 758.7400 158.3362 812.2950 241.9819 1.8118 1.8967 0.5993 3.9549 1.4977 16.5994 -0.1006 0.3177
Car -1 -1 0.1983 383.9650 179.1066 516.3607 228.4511 1.5924 1.7453 4.1098 -5.3714 1.8122 24.4176 -0.0165 0.6509
Car -1 -1 -0.3154 673.6549 171.7721 802.6047 224.5973 1.6471 1.5582 3.8477 4.0924 1.6137 23.5457 -0.1461 0.5371
Car -1 -1 1.3560 809.8274 144.6228 1196.0378 333.6987 1.8139 3.5097 1.6382 4.0474 1.5435 8.1204 1.8030 0.5207
Car -1 -1 0.5637 0.0000 197.1908 306.0286 344.2639 1.4903 1.5764 3.8604 -5.8705 1.8037 8.4342 -0.0300 0.4987
Car -1 -1 -0.2945 689.0786 176.8388 841.2703 235.1689 1.5481 1.5887 3.8776 4.2429 1.6656 20.2478 -0.0917 0.4865
Car -1 -1 3.1422 494.7304 174.6854 530.2764 208.1373 1.5760 3.9371 1.6762 -4.9384 1.6737 36.2799 3.0074 0.3957
Car -1 -1 2.7949 493.9488 175.9041 544.7607 204.5788 1.5426 3.8274 1.6824 -5.2755 1.7266 41.3449 2.6684 0.3954
Car -1 -1 1.5214 774.6600 160.6816 945.6758 249.0838 1.8383 3.4700 1.6291 5.4738 1.5855 16.2482 1.8401 0.3674
Car -1 -1 -0.3315 357.3239 180.7961 393.0477 200.9189 1.5323 3.7207 1.6308 -19.0805 2.1982 58.4782 -0.6458 0.3035
