Pedestrian -1 -1 -0.6045 780.5676 119.2768 838.1047 239.9249 1.8198 0.8049 0.4980 3.0700 1.0120 11.3438 -0.3472 0.5518
Car -1 -1 -1.9918 789.3674 186.2043 1122.5956 375.0000 1.4736 1.5643 3.6131 3.0808 1.6447 7.3912 -1.6122 0.8100
Car -1 -1 -1.8037 685.9499 178.8785 814.0368 268.8102 1.5576 1.6347 3.9961 2.6508 1.6987 14.8114 -1.6311 0.7917
Car -1 -1 1.7146 416.6827 185.6398 494.6218 244.1586 1.5360 1.7492 3.9087 -4.6060 1.9586 21.8177 1.5083 0.7805
Car -1 -1 1.6778 462.7498 180.1562 518.4099 226.3445 1.5790 1.6577 4.0063 -4.4923 1.8769 27.3559 1.5160 0.6692
Car -1 -1 -1.7321 653.7799 178.9339 708.2254 219.4717 1.5256 1.6180 3.8137 2.8111 1.7927 29.6962 -1.6393 0.6670
Car -1 -1 -1.7564 672.7733 177.1945 755.0180 238.0941 1.5717 1.6225 3.9421 2.8554 1.7100 20.9164 -1.6234 0.6263
Car -1 -1 -2.3660 951.2712 198.6020 1242.0000 375.0000 1.5160 1.6375 3.9997 3.0257 1.6859 2.7391 -1.5840 0.6113
Car -1 -1 -1.7204 650.5138 178.5244 696.9810 212.1674 1.5666 1.7743 3.6766 3.0969 1.8657 36.1255 -1.6362 0.4974
Car -1 -1 -1.0959 106.9422 192.0341 306.5186 259.7251 1.4598 3.7363 1.6970 -9.4066 1.9349 16.9607 -1.5961 0.4856
Car -1 -1 2.7350 527.6279 180.2089 558.8280 197.0653 1.4968 3.1872 1.7888 -6.2854 2.2037 67.4889 2.6421 0.3797
