Pedestrian -1 -1 2.6085 764.0200 176.9369 851.3535 307.8167 1.6871 0.8836 0.8100 2.6318 1.7464 9.8686 2.8604 0.3119
Cyclist -1 -1 -0.0655 495.5216 172.5224 510.7686 203.6196 1.7586 1.7912 0.7554 -6.2269 1.7402 41.7557 -0.2130 0.3674
Car -1 -1 -1.5534 520.7806 185.4277 741.1472 375.0000 1.5182 1.6427 3.8866 0.1675 1.6805 7.3200 -1.5335 0.6365
Car -1 -1 -2.7844 350.0954 182.5339 447.0312 218.1132 1.5722 1.7892 3.9406 -9.8019 2.0357 33.4835 -3.0675 0.5867
Car -1 -1 0.6923 959.0961 177.4082 1066.2880 220.2987 1.5333 3.0171 2.1728 15.3777 1.7183 27.6883 1.1942 0.5003
Car -1 -1 2.9937 591.7261 173.9798 617.7836 193.7688 1.5909 3.5659 1.6574 -0.4896 1.6880 60.1097 2.9852 0.4760
Car -1 -1 2.5283 692.9178 177.8026 742.4937 199.4758 1.5148 3.9443 1.6639 7.9174 1.8970 53.5380 2.6739 0.4168
Car -1 -1 0.0306 945.1192 173.3770 1011.0721 196.5328 1.4911 1.5236 3.8646 24.5024 1.5275 48.1246 0.4988 0.3537
Car -1 -1 0.5568 256.4733 187.6623 302.6281 207.3804 1.4530 3.5305 1.7618 -26.4579 2.6785 57.8290 0.1291 0.3319
Car -1 -1 -0.1992 799.9589 174.6371 832.2594 195.5742 1.5239 3.6480 1.6545 15.5621 1.6641 54.7164 0.0761 0.2974
Car -1 -1 3.1833 189.0818 183.8972 215.7986 205.5236 1.5853 4.0564 1.6746 -32.3570 2.4963 57.3093 2.6711 0.2621
