Pedestrian -1 -1 -0.9707 806.6431 160.4737 821.5892 189.2404 1.8515 0.7390 0.5757 13.2376 1.0550 46.9054 -0.6976 0.3327
Pedestrian -1 -1 -1.6228 257.0302 178.6584 274.3698 205.2643 1.8522 1.0739 0.6692 -24.3744 2.2674 51.0168 -2.0668 0.1880
Pedestrian -1 -1 -0.7012 1030.9922 147.2865 1066.3428 207.2487 1.8678 0.7390 0.6283 13.8635 1.0718 22.8887 -0.1626 0.1854
Cyclist -1 -1 2.4814 897.8447 175.5658 919.2755 197.0725 1.7694 1.8578 0.6584 25.0381 2.0012 60.5916 2.8712 0.3385
Cyclist -1 -1 -0.5941 764.7044 175.3713 782.7820 195.4504 1.7157 1.7684 0.6546 14.2286 1.9385 62.8294 -0.3728 0.3235
Cyclist -1 -1 -0.6413 835.5744 165.9030 860.1598 190.9140 1.7343 1.9081 0.6316 16.7834 1.2527 51.0359 -0.3256 0.2011
Cyclist -1 -1 1.9585 1067.0490 167.5724 1121.5580 210.0006 1.6983 1.7798 0.5789 19.9252 1.4872 29.7769 2.5433 0.1882
Cyclist -1 -1 -1.1514 403.9475 183.5918 429.1823 207.1597 1.8274 1.8080 0.6610 -15.2606 2.6807 56.8394 -1.4129 0.1838
Cyclist -1 -1 0.0354 259.1451 179.8397 269.2703 205.4552 1.7592 1.7300 0.5827 -24.4442 2.2617 50.9564 -0.4101 0.1780
Cyclist -1 -1 -0.9512 1095.8040 185.1183 1156.7411 237.1970 1.7062 1.8123 0.4041 17.8068 2.1471 24.9927 -0.3384 0.1744
Car -1 -1 3.3375 279.7447 184.8900 334.2445 220.3171 1.5300 3.8607 1.6824 -14.4986 2.1421 34.6152 2.9432 0.4877
Car -1 -1 3.1403 593.9117 176.7394 616.9119 196.8674 1.5232 3.4040 1.7618 -0.3919 1.8395 56.9680 3.1331 0.4711
Car -1 -1 3.3050 359.4436 177.1397 390.7115 199.2411 1.6847 4.2429 1.7236 -18.8893 2.0433 58.0868 2.9916 0.3864
Car -1 -1 3.1115 537.4211 182.1368 568.0435 210.1878 1.4964 3.7860 1.6451 -3.3875 2.0595 41.7669 3.0305 0.2756
Car -1 -1 2.9972 432.2922 183.1283 462.8877 204.8654 1.5115 3.8794 1.7021 -12.2782 2.3150 54.2852 2.7754 0.2393
Car -1 -1 2.7044 558.8586 185.3642 603.8172 208.7226 1.5088 3.7690 1.7297 -2.0903 2.4276 50.8941 2.6630 0.1833
Car -1 -1 0.2906 557.7590 181.4587 592.4039 201.4045 1.4481 3.7665 1.6872 -2.7047 2.1425 56.1639 0.2422 0.1775
Car -1 -1 -0.3907 858.6635 175.9456 896.3968 194.5846 1.5129 3.8525 1.6455 22.6092 1.7838 61.1693 -0.0386 0.1738
