Pedestrian -1 -1 -0.6140 688.2267 142.3497 776.9122 300.0061 1.8316 0.8607 0.7110 1.5160 1.3901 8.7509 -0.4466 0.5563
Pedestrian -1 -1 -0.1557 435.8422 143.1710 461.2203 208.5902 1.8878 0.7643 0.6222 -4.6568 0.8122 20.8675 -0.3699 0.5226
Pedestrian -1 -1 3.2244 495.8154 146.1837 523.5250 222.3130 1.8398 0.7472 0.6181 -2.3863 1.0121 17.4705 3.0931 0.4857
Pedestrian -1 -1 2.1442 626.8602 139.8367 722.6239 304.2859 1.8410 0.9029 0.7083 0.7863 1.3874 8.4674 2.2354 0.4259
Pedestrian -1 -1 2.9401 566.1461 151.8123 602.4476 230.9560 1.8263 0.8620 0.7037 -0.5397 1.1659 16.8109 2.9106 0.3470
Pedestrian -1 -1 3.0748 538.9715 150.4517 570.4267 230.8329 1.8307 0.8239 0.6808 -1.2249 1.1479 16.5527 3.0043 0.3465
Pedestrian -1 -1 0.2723 232.6931 146.0397 289.7467 256.9748 1.8185 0.7349 0.6953 -5.8679 1.2553 12.0062 -0.1699 0.3313
Pedestrian -1 -1 1.6361 684.1065 137.0747 744.5983 270.3463 1.7774 0.7945 0.6670 1.4844 1.1999 9.8343 1.7833 0.3229
Pedestrian -1 -1 0.0338 276.0154 147.5679 323.7983 262.5096 1.8098 0.8820 0.6875 -5.0617 1.2929 11.6623 -0.3638 0.3174
Pedestrian -1 -1 -0.2564 107.4895 149.9316 167.3112 265.6612 1.8398 0.7148 0.6747 -7.8028 1.3555 11.7256 -0.8292 0.2936
Pedestrian -1 -1 -0.0502 415.9617 150.0146 443.8489 226.3801 1.8228 0.7903 0.6274 -4.3389 1.0967 17.3397 -0.2891 0.2704
Pedestrian -1 -1 2.8551 89.8867 157.6252 122.6497 217.6081 1.8952 0.7259 0.6917 -16.1385 1.1740 22.8322 2.2483 0.2622
Pedestrian -1 -1 2.7219 419.8298 173.5654 477.3333 276.4032 1.7074 0.7852 0.7177 -2.7628 1.5939 12.2631 2.5075 0.2385
Pedestrian -1 -1 3.0675 526.0379 134.1574 547.8030 209.1176 1.9037 0.6468 0.5152 -1.8047 0.7284 18.3131 2.9732 0.2267
Pedestrian -1 -1 3.2158 446.1627 158.9705 474.1700 232.0889 1.7946 0.7899 0.6316 -3.6719 1.2678 17.7798 3.0175 0.2149
Pedestrian -1 -1 3.1290 465.1888 167.1395 490.9164 232.6895 1.7260 0.7580 0.6692 -3.4596 1.3758 19.0473 2.9540 0.2103
Pedestrian -1 -1 3.1119 347.0064 185.5843 414.5828 331.9013 1.6503 0.8108 0.7412 -2.7538 1.7169 8.5086 2.8112 0.2073
Pedestrian -1 -1 3.0842 320.4784 160.0994 337.9190 203.9090 1.8650 0.6969 0.6660 -11.9414 0.9980 30.5493 2.7170 0.1974
Cyclist -1 -1 1.9992 325.1107 174.5879 486.0153 307.3404 1.6888 1.9502 0.7551 -2.7100 1.6153 9.5192 1.7322 0.2687
Cyclist -1 -1 -0.0536 595.1700 165.9546 616.7378 210.8785 1.7214 1.8252 0.7566 0.0002 1.1655 28.0187 -0.0518 0.2556
Cyclist -1 -1 -2.6253 233.1676 168.9914 276.0781 217.4598 1.6943 1.7226 0.6158 -12.6855 1.2935 25.5906 -3.0788 0.2205
Cyclist -1 -1 -2.7897 452.1010 158.1126 491.4055 211.9024 1.7220 1.7528 0.7237 -4.4475 1.0068 23.5550 -2.9720 0.2161
Cyclist -1 -1 0.0850 274.9144 147.0365 327.5815 264.2282 1.7949 1.8138 0.6385 -5.0745 1.2841 11.7853 -0.3099 0.2058
Car -1 -1 3.3789 0.0000 122.6291 303.2522 370.0000 1.6704 3.7913 1.7376 -3.1493 1.4598 4.6634 2.8177 0.5298
Car -1 -1 -0.1000 147.8229 165.9950 202.4616 204.9595 1.5537 3.7208 1.6448 -18.4056 0.9768 30.1709 -0.6412 0.2081
