Pedestrian -1 -1 -0.9122 836.0161 164.0907 854.9318 196.8526 1.8163 0.8249 0.5831 13.1823 1.3309 40.5049 -0.6001 0.3213
Pedestrian -1 -1 -3.4483 1196.7423 133.0178 1242.0000 219.1222 1.9084 0.7573 0.5842 13.8331 1.0258 16.4499 -2.7580 0.2600
Pedestrian -1 -1 1.5970 35.1452 200.0547 51.0242 228.4662 1.7246 0.7639 0.7606 -35.6583 3.4546 45.3477 0.9333 0.2298
Pedestrian -1 -1 -0.7408 939.3412 153.0832 966.7310 201.1184 1.8715 0.8012 0.5933 13.5407 1.1016 28.5795 -0.3026 0.2186
Cyclist -1 -1 2.5219 989.9235 154.6841 1033.4485 198.7507 1.7886 1.8850 0.6043 16.7766 1.0515 30.2556 3.0238 0.2342
Cyclist -1 -1 0.3550 0.1208 177.2204 26.2106 206.8925 1.8586 1.9985 0.6391 -38.5196 2.1470 46.5501 -0.3336 0.2296
Car -1 -1 3.5681 75.0490 187.7695 198.4105 244.9173 1.4881 3.8863 1.6452 -14.2333 1.9832 21.8923 2.9970 0.6743
Car -1 -1 3.3422 352.3023 181.0399 390.3257 206.3087 1.4930 3.6514 1.5909 -15.1234 2.0343 45.7699 3.0245 0.5054
Car -1 -1 3.3369 325.3409 177.2567 361.9296 202.3760 1.6911 4.1496 1.6730 -18.9918 2.0191 51.5157 2.9851 0.4207
Car -1 -1 2.9144 581.3561 175.7741 612.0002 196.0638 1.5503 3.5846 1.6769 -1.1213 1.7918 57.6317 2.8946 0.4135
Car -1 -1 -0.2773 792.6052 176.5412 826.1912 196.4526 1.5513 3.8643 1.6348 16.2014 1.8624 58.8718 -0.0104 0.2682
Car -1 -1 3.0624 554.3788 178.5289 581.7208 200.8764 1.5147 3.6526 1.6696 -3.0724 1.9377 51.8044 3.0031 0.2580
Car -1 -1 -0.6181 658.6232 182.2644 697.7667 199.5186 1.4983 3.7905 1.7388 6.2806 2.3996 66.9951 -0.5255 0.2156
