Pedestrian -1 -1 -0.9034 677.0351 170.4292 695.8281 203.6853 1.7820 0.7748 0.6559 4.1127 1.6524 39.1657 -0.8000 0.3867
Cyclist -1 -1 -0.1678 614.3826 176.0662 625.2985 197.9031 1.7480 1.8506 0.5888 0.7743 2.0153 58.9983 -0.1552 0.4846
Cyclist -1 -1 -0.1941 527.5099 180.5638 547.8618 217.1092 1.7276 1.9661 0.6277 -3.6156 2.1191 35.5733 -0.2953 0.4121
Cyclist -1 -1 3.0025 543.1259 177.6842 558.6147 211.5515 1.6432 1.7599 0.5323 -3.0118 1.8920 36.1841 2.9195 0.3010
Cyclist -1 -1 2.5866 668.7078 177.5829 691.5421 203.3671 1.7580 1.9824 0.6425 4.8775 2.0968 50.6025 2.6817 0.2763
Car -1 -1 -1.7118 678.4141 177.9088 779.3916 256.4933 1.5101 1.6358 3.8427 2.4584 1.6363 16.0378 -1.5634 0.7925
Car -1 -1 1.7848 369.2300 185.8934 464.8222 252.0908 1.5219 1.6707 3.8648 -5.0869 1.9070 19.3243 1.5301 0.7230
Car -1 -1 -1.0273 0.0000 189.0131 248.1554 375.0000 1.5694 1.6625 3.9368 -4.5816 1.7444 5.7495 -1.6780 0.6836
Car -1 -1 0.6319 473.0052 181.5515 551.8983 216.6107 1.5419 4.0425 1.7402 -4.6975 1.9907 35.0083 0.4990 0.4485
Car -1 -1 3.0591 629.8854 177.8188 655.3311 198.2607 1.5117 3.7375 1.6687 2.4810 1.9116 56.1767 3.1026 0.4341
Car -1 -1 1.6056 693.9040 169.5701 754.6755 200.9880 1.7146 3.3031 1.7254 6.4007 1.5358 40.5337 1.7606 0.3699
Car -1 -1 2.8941 537.8340 179.8391 575.9964 203.4394 1.5229 3.4526 1.8218 -3.7162 2.0223 49.6226 2.8193 0.2364
