Pedestrian -1 -1 2.1850 457.1404 178.6173 472.3313 203.8363 1.7085 0.7916 0.6522 -10.0036 2.1083 49.5462 1.9864 0.3551
Pedestrian -1 -1 -0.8793 1058.9548 175.0662 1152.9424 307.1972 1.7668 0.9004 0.6242 6.9267 1.8000 10.1848 -0.2964 0.1744
Pedestrian -1 -1 1.8030 360.9271 181.9088 384.0950 222.3396 1.6711 0.8021 0.6270 -10.0170 2.0564 30.3222 1.4861 0.1489
Cyclist -1 -1 -0.3397 832.4069 167.3015 900.5860 271.4870 1.8091 1.8440 0.5949 4.6879 1.7131 13.4518 -0.0122 0.3660
Cyclist -1 -1 2.8602 457.4099 179.5716 471.1860 203.3366 1.5900 1.5809 0.5076 -10.0422 2.0594 49.5536 2.6608 0.2861
Cyclist -1 -1 0.2751 167.1510 165.6711 198.1239 213.3509 1.8389 1.9421 0.5539 -17.1013 1.5623 28.8355 -0.2564 0.2159
Cyclist -1 -1 1.2202 952.6742 180.7065 1120.6903 301.8927 1.6644 1.9759 0.7196 6.0908 1.7846 10.4887 1.7331 0.2155
Cyclist -1 -1 -0.3177 645.8286 184.1600 664.5466 223.5433 1.5321 1.4643 0.3106 1.7809 2.0024 29.2436 -0.2582 0.1956
Cyclist -1 -1 -0.0221 282.8766 180.6515 292.9901 205.2831 1.7460 1.8200 0.6357 -23.5604 2.3263 52.7077 -0.4409 0.1925
Cyclist -1 -1 -0.0520 393.4073 180.7973 402.7538 203.0089 1.7313 1.8722 0.6234 -17.0444 2.3802 57.9289 -0.3373 0.1592
Cyclist -1 -1 -0.5723 753.5225 184.8878 794.3198 234.4579 1.8055 1.7540 0.6773 6.2247 2.2831 27.6737 -0.3542 0.1455
Car -1 -1 1.9230 253.4143 186.2484 376.2667 252.5312 1.5602 1.8388 3.9652 -7.9769 1.9654 19.7982 1.5441 0.6854
Car -1 -1 3.0426 230.4213 185.1662 263.5422 208.8886 1.4869 3.6272 1.6720 -24.8380 2.3616 49.2567 2.5775 0.2344
Car -1 -1 -0.2544 501.8719 178.1479 531.9056 196.0235 1.5435 3.3334 1.9171 -8.4756 2.0371 65.3303 -0.3832 0.2233
Car -1 -1 -0.2387 612.2623 180.9474 646.7733 203.1049 1.5031 3.5929 1.6912 1.3490 2.1118 52.2942 -0.2135 0.2154
Car -1 -1 -0.7432 0.0000 171.1789 79.5952 198.7483 1.6301 4.1164 1.7811 -34.8604 1.5314 43.8653 -1.4119 0.1946
Car -1 -1 3.1714 309.7061 180.5086 333.8911 200.2580 1.5680 4.0130 1.7822 -24.4202 2.2405 61.1709 2.7928 0.1828
Car -1 -1 1.5516 224.5858 178.3851 284.6340 199.9654 1.5475 3.9967 1.6962 -26.7342 1.9767 54.2633 1.0956 0.1770
Car -1 -1 -2.0714 670.9999 190.8097 716.8083 212.0954 1.4527 1.8993 3.7169 6.3063 2.8692 54.8267 -1.9581 0.1646
Car -1 -1 -0.3167 1134.0789 193.8649 1218.6144 230.9384 1.6930 2.1184 2.7953 28.1957 2.7867 36.0768 0.3420 0.1622
Car -1 -1 -0.8014 836.9730 182.4018 1097.3669 291.8210 1.5102 3.9638 1.6365 5.8446 1.7040 12.4738 -0.3732 0.1576
Car -1 -1 3.1949 262.6517 184.8851 291.3383 207.2141 1.4706 3.6385 1.6696 -23.8365 2.3658 51.6697 2.7643 0.1567
Car -1 -1 -1.5921 333.4618 182.2649 379.5742 221.4876 1.5435 1.7891 3.5593 -11.0762 1.9783 31.3222 -1.9298 0.1484
