Car -1 -1 -1.0124 0.0000 202.9005 286.2084 376.0000 1.4817 1.6853 3.6798 -4.4008 1.6800 6.1366 -1.6142 0.6914
Car -1 -1 -1.3521 325.7545 185.7250 446.6197 265.4712 1.5420 1.7194 3.9011 -4.7892 1.5559 15.9274 -1.6400 0.6840
Car -1 -1 1.6827 441.5844 182.1240 502.7740 227.0402 1.4729 1.7529 3.2798 -4.7342 1.3727 25.2683 1.4990 0.6829
Car -1 -1 -1.1474 79.3870 181.6599 263.7672 271.8881 1.5698 1.7984 3.5846 -8.5354 1.5091 14.3796 -1.6751 0.6496
Car -1 -1 1.0022 180.3260 178.3661 304.0056 230.5595 1.6121 2.9023 2.3104 -12.2113 1.4017 24.0375 0.5363 0.6217
Car -1 -1 -1.5692 576.4233 176.0673 611.1792 208.1763 1.5330 1.6598 3.7999 -0.7351 1.0974 36.2323 -1.5897 0.5900
Car -1 -1 3.2081 466.9370 179.3492 507.4733 213.5422 1.4965 3.5741 1.6170 -5.5690 1.2409 33.3154 3.0434 0.5610
Car -1 -1 -1.3358 290.9591 182.8222 373.7524 234.4952 1.5104 1.6205 3.7743 -8.7343 1.4416 22.9818 -1.6955 0.4578
Car -1 -1 3.2576 387.0831 174.1363 432.8399 208.2183 1.4940 3.5085 1.6476 -9.1560 1.0094 33.3643 2.9915 0.3597
Car -1 -1 -0.0407 444.8144 174.2367 476.1662 200.6500 1.5519 3.7190 1.7367 -9.1254 0.9080 44.2472 -0.2432 0.3483
