Pedestrian -1 -1 1.6385 519.3387 183.3520 539.1155 221.9093 1.7301 0.8546 0.6650 -3.7201 2.2146 32.9163 1.5262 0.5768
Pedestrian -1 -1 -2.6732 615.0955 185.6061 627.9053 208.3335 1.7857 0.8032 0.7445 0.8986 2.8172 57.8116 -2.6584 0.4057
Pedestrian -1 -1 1.2299 699.8475 191.0154 711.9580 213.3866 1.7646 0.7649 0.7298 7.6903 3.2374 58.0575 1.3603 0.3595
Pedestrian -1 -1 2.1180 863.3383 161.7238 954.0869 303.9097 1.7103 0.8393 0.6871 3.7552 1.5767 9.2182 2.4927 0.3457
Pedestrian -1 -1 -0.5524 857.8797 172.6586 885.7430 220.8876 1.7202 0.6602 0.7057 9.4332 1.7136 26.1287 -0.2102 0.3202
Pedestrian -1 -1 1.2101 621.4878 192.3530 632.9790 213.0166 1.7181 0.7579 0.7577 1.4420 3.3905 61.3850 1.2328 0.3088
Pedestrian -1 -1 2.4554 1054.5729 162.1385 1200.3549 349.6067 1.6921 0.8732 0.7595 4.9121 1.5958 6.9803 3.0480 0.3050
Pedestrian -1 -1 2.2843 1147.1896 144.7317 1242.0000 284.6288 1.7972 0.7829 0.6920 7.8341 1.4363 9.7172 2.9477 0.2913
Pedestrian -1 -1 1.4471 531.2209 188.7024 555.3812 226.0156 1.7902 1.1072 0.6643 -3.3175 2.5786 35.4347 1.3537 0.2876
Pedestrian -1 -1 1.8055 1147.8191 157.6113 1213.5767 262.9282 1.6955 0.7350 0.6821 9.5276 1.4504 12.1134 2.4597 0.2876
Pedestrian -1 -1 2.0381 893.3593 171.0935 915.6863 203.9444 1.7863 0.8573 0.8371 16.2230 1.6909 39.8301 2.4219 0.2429
Pedestrian -1 -1 2.2927 1133.9393 176.2763 1242.0000 361.8008 1.6400 0.8869 0.7551 5.6746 1.6755 6.8987 2.9594 0.2149
Cyclist -1 -1 0.3190 505.7100 194.7516 533.1175 249.6334 1.6922 1.6202 0.4096 -3.0124 2.4385 23.7446 0.1933 0.5026
Cyclist -1 -1 -0.0686 524.5120 186.5622 537.0642 225.3878 1.6913 1.7775 0.4466 -3.6688 2.3358 32.9882 -0.1792 0.3019
Cyclist -1 -1 -0.5324 612.9274 185.7936 627.8918 208.2504 1.7504 1.3484 0.5954 0.8051 2.8008 57.8158 -0.5192 0.2985
Cyclist -1 -1 -0.5194 948.3611 147.3900 1104.6127 317.3953 1.7596 1.8513 0.7142 4.6962 1.4964 8.3999 -0.0252 0.2732
Cyclist -1 -1 -0.2704 532.2410 192.0117 552.2090 230.8304 1.8093 1.7368 0.5284 -3.3761 2.7744 35.4273 -0.3655 0.2716
Cyclist -1 -1 -0.4168 842.5656 162.7494 939.3339 290.7796 1.7038 1.8892 0.5743 3.9977 1.5696 10.5603 -0.0651 0.2701
Cyclist -1 -1 1.1250 888.1631 170.4283 925.9951 203.2381 1.7933 1.8217 0.6671 16.3543 1.6611 39.8221 1.5117 0.2690
Cyclist -1 -1 -0.6868 1092.4459 191.7667 1176.1785 276.9997 1.7089 1.6847 0.5070 11.3151 2.1435 15.7035 -0.0723 0.2618
Cyclist -1 -1 -1.4698 549.1592 196.3166 585.1995 235.6162 1.8797 1.7023 0.6933 -2.1282 3.0419 35.3445 -1.5304 0.2536
Cyclist -1 -1 2.8335 719.5093 177.3046 737.7818 204.2251 1.7164 1.9008 0.6307 7.7381 2.0147 47.3131 2.9941 0.2440
Cyclist -1 -1 -0.7559 1050.9712 153.8483 1108.5789 205.8021 1.7252 1.6825 0.6900 16.1047 1.0945 24.8481 -0.1865 0.2345
Cyclist -1 -1 2.2821 1116.4663 154.2649 1242.0000 263.5020 1.7035 1.9057 0.6767 9.6799 1.4140 12.2509 2.9387 0.2288
Cyclist -1 -1 -0.6341 1114.4095 178.8544 1242.0000 367.2445 1.5852 1.6436 0.5575 5.6420 1.6503 6.9503 0.0264 0.2226
Car -1 -1 3.5494 0.0000 176.7450 211.9455 375.0000 1.5476 3.7319 1.6379 -4.8639 1.5917 6.0873 2.8961 0.3815
Car -1 -1 -3.0456 702.0905 188.4200 727.5769 208.0617 1.4800 3.7880 1.7366 8.6730 2.8115 59.6530 -2.9025 0.3749
Car -1 -1 2.9757 606.8633 180.4159 634.8096 200.3290 1.5465 4.0348 1.6631 0.8381 2.1955 59.7643 2.9891 0.3573
Car -1 -1 -0.3354 708.0112 183.1769 764.3665 214.8320 1.4776 3.8526 1.6578 6.3727 2.0371 37.0422 -0.1670 0.2441
Car -1 -1 -0.2471 529.2111 195.4013 579.2695 228.8287 1.4913 3.7050 1.6910 -2.9441 2.7096 36.9460 -0.3268 0.2438
