Pedestrian -1 -1 0.2960 137.1380 176.1031 293.4565 375.0000 1.6875 0.7769 0.6369 -2.4475 1.7099 4.4542 -0.1830 0.4396
Pedestrian -1 -1 2.7464 815.0205 170.0937 835.1031 207.9619 1.7524 0.6950 0.6841 10.0231 1.6251 33.7710 3.0321 0.2590
Pedestrian -1 -1 1.9376 673.1066 168.1648 687.4235 194.4897 1.8740 0.8385 0.6744 5.0225 1.5405 51.8500 2.0333 0.2395
Cyclist -1 -1 3.3444 425.7632 175.3834 436.5568 194.7555 1.7620 1.9021 0.6001 -16.5787 2.0000 66.8368 3.1019 0.4167
Cyclist -1 -1 3.4946 303.1717 192.4329 321.7380 227.3531 1.6866 1.5958 0.3375 -15.1015 2.7007 36.5519 3.1050 0.2677
Cyclist -1 -1 0.0619 374.4262 179.5737 383.7058 201.1458 1.7604 1.9890 0.6199 -19.4015 2.3345 60.5653 -0.2472 0.2631
Cyclist -1 -1 0.1877 397.0616 185.6247 409.5736 208.4087 1.7558 1.8261 0.6306 -16.5142 2.7922 57.5912 -0.0907 0.2597
Cyclist -1 -1 3.3965 218.0473 181.1984 241.5937 218.9000 1.6236 1.7628 0.5042 -17.0929 2.0091 32.3900 2.9140 0.2337
Cyclist -1 -1 0.0894 30.4262 177.0448 52.8534 215.5152 1.6609 1.8770 0.6188 -25.4798 1.8545 32.3120 -0.5744 0.2300
Cyclist -1 -1 -0.1848 719.4684 174.2790 730.4387 194.5312 1.6904 1.6884 0.6156 9.7209 1.8133 61.1941 -0.0284 0.2275
Cyclist -1 -1 -0.9118 239.7895 172.0751 264.9879 195.4198 1.8337 1.7954 0.6039 -28.3480 1.7729 57.1477 -1.3706 0.2200
Cyclist -1 -1 3.5482 208.6254 193.2566 235.8708 238.9920 1.6614 1.6150 0.3066 -14.9442 2.4697 27.7546 3.0579 0.2180
Cyclist -1 -1 -0.9183 1170.6437 144.7509 1242.0000 253.7249 1.6796 1.7899 0.7239 10.4924 1.2468 12.0697 -0.2150 0.2069
Cyclist -1 -1 3.5274 245.9134 197.1273 269.9155 238.7843 1.6821 1.6273 0.3343 -15.1135 2.7502 30.9139 3.0757 0.1992
Cyclist -1 -1 -1.4819 670.3655 165.3442 695.3087 190.5638 1.8016 1.7428 0.6013 5.2236 1.2654 51.9983 -1.3827 0.1959
Car -1 -1 -0.2258 636.8196 180.2715 671.3403 202.7441 1.5033 3.7020 1.6651 3.0791 2.0535 51.5239 -0.1669 0.3558
Car -1 -1 3.2499 353.4712 183.2238 379.6542 203.3264 1.5251 3.5548 1.6392 -19.7685 2.3955 58.6218 2.9257 0.3216
Car -1 -1 3.1359 389.7445 187.7294 413.1952 207.7079 1.4987 3.5711 1.7896 -17.0876 2.7563 59.0158 2.8549 0.3196
Car -1 -1 -2.0133 463.5044 181.4597 509.8300 204.8070 1.5358 1.9721 3.3447 -8.7422 2.1655 50.8232 -2.1832 0.3192
Car -1 -1 1.3731 795.4845 171.2445 844.3434 193.7423 1.7709 3.4791 1.7487 16.7593 1.6445 57.8064 1.6535 0.2722
Car -1 -1 3.1142 291.2805 179.1471 326.1703 211.1643 1.6090 3.8411 1.6436 -16.4256 1.9692 39.1677 2.7192 0.2438
Car -1 -1 2.8104 809.9129 172.0292 845.0571 191.3419 1.6224 3.9656 1.7138 18.8087 1.5534 62.6267 3.1006 0.2128
Car -1 -1 3.1936 543.3218 179.4969 566.3177 198.4693 1.5116 3.3930 1.7478 -4.6154 2.0839 60.4054 3.1173 0.1968
