Pedestrian -1 -1 0.1717 354.3964 141.0250 387.0893 227.2476 1.8715 0.7449 0.5697 -5.2507 1.0163 15.7508 -0.1419 0.5626
Pedestrian -1 -1 2.7507 231.2162 184.1624 263.6747 234.5079 1.6585 0.8513 0.7123 -12.1259 1.7868 23.9148 2.2884 0.5560
Pedestrian -1 -1 3.0372 51.0326 184.1007 82.1940 239.2129 1.7117 0.8180 0.7155 -17.2217 1.8310 22.5693 2.3937 0.5559
Pedestrian -1 -1 0.9073 594.0829 185.0487 612.2894 212.9949 1.6854 0.8539 0.7209 -0.1156 1.9693 43.3624 0.9061 0.5221
Pedestrian -1 -1 1.5189 537.0919 178.0429 556.9405 217.5151 1.6304 0.7969 0.6049 -2.4494 1.5304 29.5513 1.4387 0.4769
Pedestrian -1 -1 1.1733 564.6896 187.2716 592.8420 229.9452 1.7453 0.9277 0.8406 -1.1267 2.0366 29.6721 1.1371 0.4405
Pedestrian -1 -1 0.1462 911.2906 180.5470 927.1240 206.5722 1.6820 0.8473 0.8335 20.5672 1.6864 46.2740 0.5634 0.4249
Pedestrian -1 -1 1.9209 1129.6248 161.3714 1169.8175 220.4052 1.8169 0.8344 0.6457 17.1338 1.2298 22.2821 2.5711 0.4245
Pedestrian -1 -1 1.9095 331.0632 182.4213 359.6760 226.0970 1.6691 0.8458 0.7312 -10.0870 1.7462 27.4176 1.5623 0.3872
Pedestrian -1 -1 0.6060 935.0593 174.1810 954.0908 203.3283 1.6666 0.7795 0.6678 19.6398 1.3067 40.9061 1.0522 0.3605
Pedestrian -1 -1 1.0422 759.3326 186.9357 774.6683 212.9335 1.8026 0.7869 0.7360 11.3949 2.2608 49.7211 1.2675 0.3455
Pedestrian -1 -1 -2.2651 602.8353 188.5527 624.2297 223.6626 1.6730 0.7472 0.7315 0.3993 2.0727 34.4442 -2.2522 0.3285
Pedestrian -1 -1 3.0670 487.3131 163.4986 510.7540 221.5970 1.8417 0.9637 0.6838 -3.4779 1.3043 22.9529 2.9204 0.3145
Pedestrian -1 -1 -2.5536 806.2020 180.9782 824.9981 211.0834 1.7785 0.7494 0.7966 12.6026 1.8088 42.3273 -2.2648 0.3103
Pedestrian -1 -1 0.4425 587.1122 185.4704 605.8543 217.9915 1.7750 0.8300 0.7591 -0.4798 2.0564 39.2854 0.4317 0.3063
Pedestrian -1 -1 3.5484 75.5484 186.0333 111.6557 241.0752 1.6939 0.7983 0.6584 -16.1565 1.8736 22.3054 2.9298 0.3008
Pedestrian -1 -1 0.4872 1025.8237 183.4999 1053.4783 225.0475 1.7377 0.9260 0.6488 18.5189 1.8693 30.1559 1.0346 0.2933
Pedestrian -1 -1 1.1262 341.2181 184.2378 374.4720 231.4816 1.7473 0.9705 0.7373 -9.4090 1.8940 26.8438 0.7942 0.2891
Pedestrian -1 -1 0.4979 924.6870 180.6370 945.0489 210.7506 1.8328 0.9059 0.8041 20.3512 1.8427 43.6262 0.9330 0.2854
Pedestrian -1 -1 2.0167 551.2071 179.9637 578.2607 219.6853 1.6944 0.9187 0.7979 -1.7655 1.6730 30.7000 1.9614 0.2816
Pedestrian -1 -1 2.1627 1079.4476 152.2144 1137.1051 243.1369 1.7735 0.7181 0.6292 10.0853 1.2234 14.2354 2.7702 0.2596
Pedestrian -1 -1 2.1030 1053.2252 166.8721 1088.2675 213.7846 1.7892 0.9155 0.6910 18.1035 1.2710 27.5251 2.6811 0.2560
Cyclist -1 -1 3.1751 508.2245 180.3399 555.3385 298.1239 1.7430 1.7831 0.6918 -1.1933 1.7422 11.3704 3.0749 0.7192
Cyclist -1 -1 2.3696 1022.6642 182.5921 1068.3097 225.4582 1.7596 1.8026 0.5351 18.6743 1.8527 30.0470 2.9224 0.5543
Cyclist -1 -1 -3.3972 777.6886 179.2369 830.2026 258.6588 1.7238 1.8239 0.7102 4.5023 1.6980 16.2567 -3.1306 0.5199
Cyclist -1 -1 2.0871 195.9135 189.2295 377.0612 329.7867 1.5409 1.8525 0.6363 -3.7237 1.6491 8.2124 1.6774 0.4577
Cyclist -1 -1 -0.0557 220.5783 188.9220 244.8254 238.5722 1.6448 1.6763 0.6625 -12.9990 1.9501 24.6099 -0.5348 0.4386
Cyclist -1 -1 2.2523 105.4266 199.1645 336.2701 370.0000 1.5733 1.8592 0.7201 -3.5960 1.7627 6.5679 1.7728 0.3341
Cyclist -1 -1 -0.9261 905.0245 181.3627 932.2538 208.0476 1.7139 1.5746 0.6152 20.5290 1.7728 46.2983 -0.5098 0.2864
Cyclist -1 -1 -0.6091 804.6302 182.2231 825.9846 211.4956 1.7215 1.3887 0.5255 12.6006 1.8280 42.4052 -0.3209 0.2763
Cyclist -1 -1 -0.4362 830.9814 183.3071 858.3597 220.3494 1.7473 1.7734 0.5596 11.6288 1.8889 34.3962 -0.1116 0.2738
Cyclist -1 -1 1.1086 1082.2908 164.5659 1189.8311 242.1300 1.7647 1.9254 0.6602 12.3741 1.4038 16.5711 1.7423 0.2717
Cyclist -1 -1 -1.5159 575.4570 183.4312 607.0294 216.6570 1.8411 1.7358 0.6141 -0.7730 2.0080 39.5734 -1.5338 0.2686
Car -1 -1 -0.2617 809.3054 177.3102 859.1790 204.8809 1.5139 4.1821 1.7101 13.1960 1.3401 40.9494 0.0494 0.3912
Car -1 -1 2.7248 801.2316 172.2167 846.7325 195.1156 1.4979 3.7207 1.5840 14.8711 0.9574 48.1861 3.0239 0.3280
Car -1 -1 -3.1366 605.6721 180.6506 626.5037 198.1670 1.4752 4.2681 1.7558 0.9997 1.4900 61.7316 -3.1189 0.3083
Car -1 -1 -3.1733 902.3289 185.3783 959.3213 232.5315 1.4779 3.7471 1.6545 11.2400 1.6635 24.6269 -2.7485 0.3021
