Pedestrian -1 -1 3.3158 264.3789 178.7787 282.4173 218.3287 1.7176 0.7371 0.6034 -14.9162 1.9835 31.8967 2.8812 0.4260
Pedestrian -1 -1 2.6858 734.8012 173.9185 758.3955 218.0523 1.7111 0.7174 0.6636 5.3355 1.7540 28.4269 2.8688 0.3445
Pedestrian -1 -1 0.9011 1040.1841 180.0145 1093.7216 250.6302 1.6893 0.8848 0.6723 11.1650 1.8694 17.7211 1.4551 0.3307
Pedestrian -1 -1 1.4892 473.7375 182.4750 492.2948 218.9289 1.6741 0.8042 0.6567 -5.9864 2.1304 33.7740 1.3145 0.3036
Pedestrian -1 -1 2.4102 914.7517 172.7545 951.8846 232.7136 1.7257 0.7719 0.6454 9.4612 1.7232 21.2314 2.8236 0.2932
Pedestrian -1 -1 -1.8221 681.5554 171.1159 696.3536 196.6568 1.8301 0.9348 0.6249 5.6680 1.7059 52.0742 -1.7148 0.2686
Pedestrian -1 -1 2.2245 275.0982 182.0500 286.6537 201.1682 1.6813 0.6890 0.6395 -29.3107 2.5051 64.2140 1.7976 0.2579
Pedestrian -1 -1 1.9970 316.2014 182.6343 335.0126 215.0270 1.6964 0.7500 0.5949 -15.1268 2.2202 38.2923 1.6228 0.2289
Pedestrian -1 -1 2.3736 1068.0654 145.8464 1129.1984 239.7710 1.8346 0.7930 0.6500 9.7840 1.3074 14.5406 2.9561 0.2203
Pedestrian -1 -1 2.4901 850.0372 158.2327 880.7990 213.3735 1.8119 0.7545 0.6442 8.5046 1.3318 24.1651 2.8242 0.2114
Cyclist -1 -1 -3.2366 716.4584 178.5215 726.5731 199.2526 1.7269 1.8681 0.6748 9.4879 2.2184 61.5739 -3.0849 0.2953
Cyclist -1 -1 3.5431 255.0759 178.2401 288.3985 219.2260 1.7379 1.9135 0.6302 -14.9334 1.9829 31.8126 3.1071 0.2580
Cyclist -1 -1 -0.4257 678.6990 172.5700 696.4382 196.7675 1.7155 1.6908 0.6271 5.5594 1.6957 52.0515 -0.3203 0.2528
Cyclist -1 -1 -0.4934 832.3575 167.9964 873.2490 217.8046 1.7548 1.8958 0.5798 8.8165 1.5840 26.4015 -0.1750 0.2184
Cyclist -1 -1 -0.9756 1000.5065 179.8647 1091.4535 257.0616 1.6418 1.7053 0.6293 9.8289 1.8105 16.4126 -0.4447 0.2147
Car -1 -1 3.6392 0.0000 191.3105 173.4368 270.3277 1.5671 3.9001 1.7828 -12.4095 2.0623 17.3016 3.0240 0.7596
Car -1 -1 3.3384 426.1406 181.3333 464.1347 206.3862 1.5175 3.8443 1.6900 -10.7108 2.0926 46.9620 3.1150 0.6175
Car -1 -1 -0.3266 702.2900 177.0763 736.0334 195.5618 1.5448 4.1081 1.6970 9.5363 1.9292 63.4587 -0.1785 0.5599
Car -1 -1 -0.3630 586.5816 180.1074 631.9918 205.6845 1.5181 3.7681 1.6601 -0.1233 2.0021 46.0463 -0.3662 0.3329
Car -1 -1 0.1597 722.7690 178.2930 753.8482 200.2212 1.5693 3.9203 1.7301 9.7579 1.9991 54.8285 0.3345 0.2716
Car -1 -1 2.7415 520.3353 180.5505 556.0959 199.8304 1.5445 3.8212 1.6746 -6.1761 2.2234 61.5347 2.6414 0.2020
Car -1 -1 2.0303 907.1188 172.5233 961.3859 192.1922 1.5561 3.6915 1.6687 26.4735 1.5303 59.0343 2.4497 0.2011
