Pedestrian -1 -1 -0.7194 856.5735 126.1800 940.7897 265.1176 1.8918 0.9020 0.6987 4.0775 1.2567 10.3663 -0.3548 0.3341
Pedestrian -1 -1 -0.8633 1081.1185 117.4544 1242.0000 367.2410 1.8345 0.8984 0.6265 4.3851 1.4280 5.8075 -0.2412 0.2347
Pedestrian -1 -1 2.4406 64.0320 176.2669 108.8663 236.1350 1.7415 0.9041 0.6514 -15.6145 1.8454 21.4610 1.8174 0.1843
Pedestrian -1 -1 1.8252 367.7222 174.7566 393.6351 218.1483 1.8210 0.9112 0.6667 -9.7817 1.9031 30.6652 1.5185 0.1534
Pedestrian -1 -1 -1.3171 483.7404 178.8077 491.9922 198.3362 1.6293 0.5442 0.6317 -10.3032 2.1337 60.7418 -1.4848 0.1455
Pedestrian -1 -1 -0.8238 679.0748 164.3978 696.9416 197.8602 1.8148 0.7705 0.6032 4.2468 1.3566 39.6185 -0.7182 0.1311
Cyclist -1 -1 0.2318 482.9980 179.5246 495.8880 200.9386 1.7567 1.9412 0.6436 -10.1726 2.3283 60.7955 0.0663 0.2522
Cyclist -1 -1 -0.5876 735.0258 159.6084 788.6569 225.3778 1.8251 1.9131 0.5504 4.3458 1.4579 21.0097 -0.3871 0.2457
Cyclist -1 -1 0.1741 364.2857 179.7735 379.7909 208.5696 1.7190 1.7719 0.6086 -14.6775 2.1543 44.4327 -0.1435 0.2135
Cyclist -1 -1 0.3178 295.6233 188.2330 316.8548 222.9879 1.7602 1.7867 0.5032 -16.1303 2.5955 38.2574 -0.0792 0.2002
Cyclist -1 -1 2.6054 802.8426 176.0115 819.7961 195.4597 1.7066 1.7891 0.6328 17.9864 1.9937 64.5675 2.8755 0.1805
Cyclist -1 -1 -0.0188 420.2322 180.1217 428.2908 201.0890 1.7441 1.9059 0.6313 -15.9137 2.3762 61.7130 -0.2705 0.1777
Car -1 -1 -1.5304 569.6149 179.0960 619.5388 226.4595 1.5505 1.6507 3.8567 -0.5352 1.7933 26.0744 -1.5515 0.7126
Car -1 -1 -0.3948 850.4155 166.7030 893.8423 189.5123 1.5537 3.4397 1.6752 18.4154 1.1351 50.9056 -0.0497 0.2093
Car -1 -1 -2.8155 413.3707 180.7247 445.5214 199.0818 1.5175 3.7188 1.6261 -15.7995 2.2284 63.2100 -3.0598 0.2043
Car -1 -1 2.5211 756.9058 177.1435 807.6163 197.9510 1.4797 4.0260 1.6822 12.9052 1.8164 54.3910 2.7524 0.1796
Car -1 -1 -0.6721 624.6103 180.6094 670.9078 200.5629 1.5573 4.0273 1.7112 3.0859 2.2267 60.1052 -0.6215 0.1749
Car -1 -1 3.1958 483.0535 181.8078 505.2971 200.3082 1.5107 3.9131 1.7066 -10.0906 2.3171 62.9194 3.0371 0.1535
Car -1 -1 -2.6345 528.9899 182.9285 579.5986 205.5726 1.5031 2.2764 2.8127 -3.9470 2.2375 50.9537 -2.7119 0.1346
Car -1 -1 -0.5535 929.0071 155.8990 1005.3577 190.2215 1.6866 3.9485 1.7211 18.4306 0.8538 37.5039 -0.1000 0.1288
