Pedestrian -1 -1 2.9468 282.3235 156.5104 300.9227 205.0260 1.8516 0.6022 0.5537 -12.3737 1.2282 27.9402 2.5332 0.3214
Car -1 -1 1.7909 369.4777 188.6761 480.4160 261.6245 1.5008 1.8456 3.5289 -4.3758 1.9220 17.4023 1.5473 0.7919
Car -1 -1 -1.2423 241.3544 188.5717 428.3300 301.5092 1.5177 1.7119 3.9739 -4.4656 1.8285 12.2493 -1.5857 0.7025
Car -1 -1 -1.4219 475.3909 186.2522 537.1716 231.2355 1.4852 1.7340 3.7232 -3.8170 2.0179 26.8010 -1.5627 0.6832
Car -1 -1 -1.6353 703.8032 176.1788 754.3295 217.1270 1.6115 1.8457 4.1392 4.9814 1.7641 30.8879 -1.4775 0.6517
Car -1 -1 1.1973 425.2027 187.6849 531.4847 242.3230 1.4916 2.4530 2.6350 -4.1723 1.9892 22.4203 1.0147 0.5805
Car -1 -1 3.0520 575.9349 180.1623 603.3027 201.9288 1.5228 3.5674 1.7134 -1.5731 2.0852 53.6078 3.0223 0.5686
Car -1 -1 -2.5932 1051.7727 192.2161 1242.0000 375.0000 1.5385 1.6910 4.0366 3.7074 1.6626 2.5154 -1.6724 0.4544
Car -1 -1 3.0531 295.5681 177.3591 351.9664 222.3473 1.5242 3.5583 1.6376 -10.7208 1.7041 26.7923 2.6755 0.3816
Car -1 -1 1.7338 529.0397 178.8464 572.5043 196.3802 1.5111 3.6026 1.7332 -5.2430 2.0503 63.8789 1.6519 0.3372
Car -1 -1 2.1578 364.3304 176.0965 425.4537 202.7542 1.7310 3.5786 1.7363 -14.4878 1.9556 48.5357 1.8689 0.3335
Car -1 -1 2.0390 185.8761 182.6911 283.2533 217.9669 1.4522 3.3246 1.6557 -16.1215 1.8869 31.0112 1.5628 0.3238
Car -1 -1 -1.0225 444.9969 177.2039 507.6845 200.4121 1.5245 3.9023 1.7168 -9.1866 1.8321 49.4541 -1.2056 0.2942
