Pedestrian -1 -1 2.9390 469.7219 120.9130 597.7045 370.0000 1.7916 0.8871 0.7125 -0.5766 1.4251 4.8955 2.8311 0.6162
Pedestrian -1 -1 1.6085 4.6790 167.3195 100.2940 317.9110 1.7676 0.9063 0.6819 -6.9188 1.6146 8.8329 0.9631 0.5952
Pedestrian -1 -1 -0.0920 2.3446 168.8991 50.9397 260.2584 1.7657 0.8453 0.6894 -11.6667 1.5431 14.2036 -0.7669 0.4681
Pedestrian -1 -1 2.8295 644.0244 162.2031 694.3218 261.0515 1.7514 0.8726 0.6845 1.1266 1.4288 13.0244 2.9154 0.3706
Pedestrian -1 -1 -1.4655 1123.1667 189.7827 1224.0000 370.0000 1.6655 0.6908 0.7073 4.3505 1.7440 5.3481 -0.8097 0.3390
Pedestrian -1 -1 1.3090 556.6288 161.7105 612.8972 253.6849 1.8644 1.0381 0.6728 -0.4718 1.4851 14.7986 1.2795 0.2934
Pedestrian -1 -1 -0.2093 255.9356 164.2355 307.4361 259.3579 1.7646 0.8596 0.7491 -6.3049 1.4645 13.6796 -0.6306 0.2382
Pedestrian -1 -1 1.1474 972.7134 187.1501 1130.3958 370.0000 1.6531 0.7685 0.7122 3.2717 1.7087 5.3295 1.6736 0.2146
Pedestrian -1 -1 0.9282 813.6902 171.6395 873.5399 260.8777 1.7071 0.9368 0.6184 4.6658 1.5393 13.9637 1.2455 0.2132
Pedestrian -1 -1 -0.8110 992.5565 163.7780 1068.7360 272.6331 1.7732 0.8880 0.6752 7.1841 1.5024 12.0329 -0.2828 0.1995
Pedestrian -1 -1 2.4089 832.5820 172.5118 877.4150 242.4146 1.7144 0.7189 0.7860 6.2595 1.5201 17.8198 2.7427 0.1954
Pedestrian -1 -1 1.4020 65.2757 195.9619 102.4666 259.7253 1.7841 0.7710 0.6788 -15.1751 2.2461 20.5396 0.7744 0.1906
Pedestrian -1 -1 2.6702 519.2162 164.8950 572.1792 264.0387 1.7435 0.7820 0.6857 -1.1352 1.4707 12.9418 2.5866 0.1648
Pedestrian -1 -1 -0.0960 89.3295 168.8598 136.9800 262.2331 1.7663 0.8659 0.6987 -9.7368 1.5477 13.9259 -0.6938 0.1561
Pedestrian -1 -1 2.1372 1157.9557 142.9819 1224.0000 250.7241 1.7711 0.8429 0.6536 10.1137 1.1560 12.1204 2.8214 0.1537
Cyclist -1 -1 0.0477 0.0000 172.7043 43.3876 266.4101 1.7507 1.8672 0.6210 -11.7212 1.6067 14.1419 -0.6317 0.2530
Cyclist -1 -1 -0.3879 855.6478 172.7269 939.6857 296.0740 1.6579 1.7950 0.4715 4.2064 1.5551 10.3990 -0.0124 0.2220
Cyclist -1 -1 1.4527 683.5828 161.9316 760.4771 231.9696 1.7504 1.8701 0.6323 2.9273 1.2879 18.0208 1.6128 0.2071
Cyclist -1 -1 1.6557 632.7407 161.7150 734.7499 258.5459 1.7220 1.8272 0.6522 1.4224 1.3895 13.0634 1.7633 0.2017
Cyclist -1 -1 -1.6265 554.7744 147.9601 630.3553 220.9932 1.7995 1.8699 0.6378 -0.3639 0.9994 17.8038 -1.6445 0.1961
Cyclist -1 -1 1.8049 306.3134 172.6343 444.1955 283.3112 1.6701 1.9419 0.7257 -3.6107 1.5530 11.0943 1.5004 0.1837
Cyclist -1 -1 -0.0031 530.2139 163.5805 557.7233 257.6085 1.6271 1.6506 0.4751 -1.1751 1.3360 13.0732 -0.0887 0.1728
Cyclist -1 -1 0.0470 260.9015 162.3622 300.7523 259.8737 1.7710 1.8139 0.6078 -6.3413 1.4432 13.7918 -0.3734 0.1701
Cyclist -1 -1 0.7828 1089.8737 189.4572 1224.0000 370.0000 1.6119 1.7323 0.5949 5.4517 1.7012 6.5188 1.4570 0.1641
Cyclist -1 -1 -0.4900 875.2911 158.6683 963.8182 271.0309 1.7710 1.7944 0.5830 5.2676 1.4286 12.0584 -0.0861 0.1563
Car -1 -1 -2.3340 1144.8203 185.5327 1224.0000 370.0000 1.5455 1.6724 3.9041 6.5376 1.6020 5.6951 -1.5057 0.2203
Car -1 -1 0.3965 21.4353 184.3189 124.7449 230.6680 1.5446 3.8204 1.6578 -19.4009 1.6974 25.9476 -0.2380 0.1963
Car -1 -1 0.3603 342.3174 169.0357 468.4181 243.4801 1.5600 3.7730 1.6180 -4.6142 1.3214 16.7681 0.0984 0.1902
Car -1 -1 0.1485 532.6592 160.2317 615.6894 226.5985 1.6453 4.1750 1.6911 -0.7774 1.1444 19.6924 0.1116 0.1608
Car -1 -1 1.0819 644.9552 175.1262 729.7077 217.9571 1.5299 1.8194 3.4522 3.0654 1.3395 27.1904 1.1946 0.1542
