Pedestrian -1 -1 -0.4307 817.8809 162.8549 859.5926 236.3614 1.7908 0.8402 0.7033 5.6599 1.5476 18.0388 -0.1320 0.7088
Pedestrian -1 -1 -1.1710 1179.1469 144.3446 1242.0000 284.0153 1.7715 0.7890 0.6319 8.1789 1.4102 9.6448 -0.4831 0.4030
Pedestrian -1 -1 -0.6645 892.9715 135.2646 971.7635 263.3090 1.8021 0.8626 0.6683 4.6901 1.2734 10.6548 -0.2606 0.2995
Pedestrian -1 -1 2.4536 777.7719 170.8632 799.4583 209.9701 1.7867 0.7330 0.6593 8.2354 1.6961 33.4358 2.6925 0.2780
Pedestrian -1 -1 1.7096 747.7136 166.5850 765.1214 196.6129 1.8632 0.9854 0.6910 9.1540 1.4746 45.2565 1.9075 0.2318
Pedestrian -1 -1 1.1907 1069.4230 163.6291 1158.3792 286.4241 1.7076 0.8696 0.6540 7.2155 1.5797 10.4420 1.7816 0.1594
Cyclist -1 -1 -0.3557 673.3144 173.2800 691.9652 201.4454 1.7803 1.8348 0.5927 4.6494 1.8087 46.5961 -0.2573 0.5728
Cyclist -1 -1 -0.3923 688.2328 170.3038 718.1678 211.9788 1.7722 1.9206 0.6094 4.0353 1.6641 31.6869 -0.2674 0.5643
Cyclist -1 -1 2.2358 740.8030 169.2775 771.7208 198.6626 1.8074 1.9652 0.5735 9.1413 1.5878 45.3108 2.4332 0.3780
Cyclist -1 -1 2.4515 770.9927 167.5876 807.1844 207.9095 1.8194 1.8234 0.6036 8.2604 1.5821 33.5063 2.6907 0.2579
Cyclist -1 -1 2.4645 726.4630 170.8502 747.8333 193.7224 1.7853 1.8799 0.6296 10.0614 1.6292 57.2910 2.6372 0.2226
Cyclist -1 -1 -0.9847 1121.5170 129.9309 1242.0000 277.0114 1.8084 1.8224 0.6499 8.0550 1.2810 9.8358 -0.3134 0.2026
Cyclist -1 -1 3.3152 175.5680 186.8332 191.2842 214.2574 1.6328 1.5857 0.5701 -26.4264 2.5147 44.6572 2.7832 0.2024
Car -1 -1 -2.1517 950.5549 195.0892 1016.7141 220.2928 1.6036 3.6527 1.6719 25.1834 3.1378 48.7442 -1.6781 0.4651
Car -1 -1 -0.4194 11.4132 187.3214 91.6631 221.3559 1.4741 3.6812 1.6625 -26.5362 2.1929 34.2216 -1.0753 0.2386
Car -1 -1 0.3146 0.0000 185.9783 24.6108 229.4735 1.5595 3.8070 1.9041 -25.6504 2.1310 29.2734 -0.4005 0.2217
Car -1 -1 2.8873 703.2849 176.1183 734.3461 195.6429 1.5184 3.5644 1.6417 8.7762 1.7922 58.5905 3.0348 0.1858
Car -1 -1 -0.8726 258.4376 189.3368 334.1901 219.0509 1.5206 3.5134 1.7739 -17.3097 2.4605 39.7730 -1.2810 0.1764
Car -1 -1 3.5364 154.7496 183.8103 209.2925 209.0902 1.4909 3.8083 1.6664 -27.4109 2.2244 46.2840 3.0040 0.1735
