Pedestrian -1 -1 1.0300 766.3042 159.8342 864.4004 305.6932 1.7451 1.0033 0.6251 2.5850 1.4996 8.8878 1.3054 0.8466
Pedestrian -1 -1 1.3950 56.0734 191.5940 101.9224 253.7836 1.7223 0.9429 0.7932 -15.2197 2.0539 20.4106 0.7632 0.4050
Pedestrian -1 -1 2.4584 832.1047 173.9892 877.0223 242.0450 1.6724 0.7433 0.7729 6.2588 1.5140 17.8521 2.7916 0.3777
Pedestrian -1 -1 -1.6626 1126.4905 190.2696 1224.0000 370.0000 1.6859 0.6840 0.7309 4.3502 1.7684 5.3463 -1.0067 0.3088
Pedestrian -1 -1 2.8230 516.0723 163.9936 567.3899 262.6392 1.7379 0.8886 0.6959 -1.2169 1.4488 12.9976 2.7337 0.2942
Pedestrian -1 -1 2.9948 13.4181 173.2433 70.3671 262.3915 1.7340 0.8594 0.7939 -11.4601 1.5945 14.3315 2.3328 0.2769
Pedestrian -1 -1 2.4881 640.8713 162.4911 698.9734 261.3167 1.7439 0.8401 0.6966 1.1449 1.4278 13.0132 2.5755 0.2431
Pedestrian -1 -1 1.0520 970.8542 191.0894 1133.7673 370.0000 1.6432 0.7796 0.7131 3.2816 1.7302 5.3323 1.5793 0.2385
Pedestrian -1 -1 -0.8954 992.2729 164.9816 1069.8809 274.4416 1.7799 0.8969 0.6894 7.1942 1.5292 12.0346 -0.3666 0.2074
Pedestrian -1 -1 -0.6401 747.7685 147.2555 809.9196 254.8636 1.8011 0.8666 0.6668 2.9840 1.2463 12.3594 -0.4072 0.1828
Pedestrian -1 -1 -0.1392 260.2424 165.9797 307.0813 259.9991 1.7663 0.8643 0.7271 -6.3392 1.4951 13.8372 -0.5584 0.1496
Pedestrian -1 -1 2.2952 1068.3011 160.6350 1148.9308 269.5752 1.7737 0.8767 0.6917 8.4973 1.4519 12.0152 2.8999 0.1445
Pedestrian -1 -1 1.5414 513.4618 161.9631 560.2834 249.3720 1.7964 0.9624 0.6197 -1.4840 1.4171 14.8937 1.4459 0.1434
Cyclist -1 -1 1.5097 684.0098 162.3653 760.4068 232.9902 1.7594 1.8827 0.6385 2.9287 1.3092 18.0194 1.6698 0.2342
Cyclist -1 -1 0.0092 260.4001 162.4526 298.6198 259.9973 1.7714 1.8398 0.6371 -6.3791 1.4453 13.8051 -0.4131 0.2160
Cyclist -1 -1 -0.4832 643.7410 160.9261 719.3597 262.0907 1.7598 1.8585 0.6062 1.3540 1.4210 13.2698 -0.3822 0.2037
Cyclist -1 -1 -0.8188 0.0000 170.3358 97.4211 260.6977 1.7815 1.8246 0.6176 -11.4268 1.5828 14.3253 -1.4796 0.1939
Cyclist -1 -1 -0.4003 856.3555 172.1833 937.4764 294.0556 1.6436 1.7678 0.4237 4.2066 1.5331 10.4195 -0.0255 0.1928
Cyclist -1 -1 0.7982 1083.6407 193.1597 1224.0000 370.0000 1.6180 1.7843 0.6219 5.4116 1.7431 6.4879 1.4711 0.1825
Cyclist -1 -1 -0.8022 1126.6012 143.0011 1224.0000 251.6000 1.7439 1.7994 0.6256 10.0728 1.1434 12.2806 -0.1263 0.1728
Cyclist -1 -1 -1.6096 556.5913 150.1353 632.4698 223.2939 1.8043 1.8782 0.6343 -0.3111 1.0570 17.8000 -1.6248 0.1676
Cyclist -1 -1 -0.0637 521.6364 161.5209 560.3663 265.3889 1.7768 1.8018 0.5934 -1.2461 1.4538 13.0259 -0.1550 0.1655
Cyclist -1 -1 1.8703 306.0095 177.9143 448.1591 287.8176 1.6645 1.9795 0.7910 -3.5862 1.6270 11.1018 1.5678 0.1594
Cyclist -1 -1 2.6719 825.7043 168.4762 882.3687 238.7657 1.6856 1.7572 0.6099 6.2229 1.3989 17.8628 3.0032 0.1529
Cyclist -1 -1 -1.6418 593.2311 168.7401 681.3130 255.4402 1.7718 1.7977 0.6593 0.6156 1.5331 14.7998 -1.5995 0.1465
Cyclist -1 -1 0.2527 87.9600 161.7371 153.6827 260.2474 1.8044 1.8233 0.6128 -9.5249 1.4624 13.9076 -0.3354 0.1453
Car -1 -1 0.0757 44.8970 187.3177 111.6161 233.1141 1.5243 3.6472 1.6781 -19.3898 1.7968 26.1125 -0.5556 0.2744
Car -1 -1 -2.3001 1150.9553 183.8231 1224.0000 370.0000 1.5506 1.6767 3.8921 6.5422 1.5885 5.6846 -1.4706 0.2181
