Pedestrian -1 -1 3.0801 364.9510 141.8011 425.3236 299.7415 1.8273 0.9771 0.6561 -2.7249 1.4684 8.9166 2.7908 0.5320
Pedestrian -1 -1 1.7125 295.2823 139.3565 409.7967 341.5042 1.8550 0.9719 0.5711 -2.5219 1.5480 6.9921 1.3772 0.5281
Pedestrian -1 -1 -0.3326 603.3670 170.0265 625.4133 213.6834 1.7816 0.8125 0.6856 0.1364 1.6666 29.9384 -0.3287 0.3833
Pedestrian -1 -1 3.5525 42.9642 164.5744 78.1741 223.0854 1.8398 0.8112 0.6253 -17.6667 1.5799 23.1529 2.9061 0.3395
Pedestrian -1 -1 -0.6786 965.4595 160.0739 1001.8544 215.6559 1.8509 0.9573 0.6377 12.6648 1.4257 24.5595 -0.2078 0.3210
Pedestrian -1 -1 3.0069 189.0809 168.9443 209.5288 212.6962 1.8465 0.8964 0.6509 -17.6912 1.6818 31.0025 2.4919 0.2777
Car -1 -1 -1.6846 661.6336 180.0816 706.2744 216.2127 1.4584 1.5332 3.5868 3.1486 1.7939 31.6492 -1.5870 0.6974
Car -1 -1 1.3483 751.9205 176.3618 814.3055 215.7135 1.5300 1.7114 3.8862 7.1560 1.6874 30.3470 1.5771 0.6691
Car -1 -1 -2.4655 805.7866 176.4318 871.8266 204.8651 1.5188 1.7889 3.1231 12.8634 1.7304 40.7870 -2.1625 0.6054
Car -1 -1 -2.3735 1093.9463 177.5633 1242.0000 375.0000 1.5586 1.6570 4.0478 6.9699 1.6188 7.1087 -1.6192 0.5451
Car -1 -1 -1.7417 638.2275 173.8646 679.5963 202.6773 1.5682 1.7863 3.4442 2.7122 1.6288 41.2023 -1.6769 0.4897
Car -1 -1 -0.0496 219.5750 174.0131 248.5688 197.0772 1.5652 3.6795 1.6458 -26.7124 1.6510 51.1675 -0.5288 0.3010
Car -1 -1 2.0986 239.3987 177.7502 286.0052 194.7936 1.5405 3.4918 1.7319 -32.1466 2.0009 66.7931 1.6514 0.2776
Car -1 -1 -0.3839 700.8326 178.8145 739.2031 198.3109 1.5503 3.9394 1.8470 9.2036 2.0705 60.8036 -0.2348 0.2629
