Pedestrian -1 -1 2.8302 302.9836 166.2879 325.5569 214.8515 1.7901 0.6230 0.6223 -11.1247 1.5484 27.0327 2.4429 0.3649
Pedestrian -1 -1 -0.8636 588.9440 174.8457 601.6346 197.3989 1.7687 0.7363 0.6860 -1.1903 1.9283 57.1697 -0.8847 0.2712
Pedestrian -1 -1 3.1294 578.2636 173.8605 591.4635 208.4893 1.7827 0.7484 0.6761 -1.3486 1.8360 37.5541 3.0932 0.2396
Pedestrian -1 -1 2.8762 288.2307 166.4138 308.0208 211.9348 1.8064 0.5957 0.5967 -12.5996 1.5512 29.0481 2.4700 0.2134
Pedestrian -1 -1 2.0179 0.0000 172.8789 79.1337 329.0506 1.7009 0.8180 0.6755 -6.7783 1.7015 8.2757 1.3472 0.2036
Pedestrian -1 -1 2.8443 211.0155 160.7756 235.7617 212.6506 1.9061 0.6857 0.6443 -14.5013 1.4627 26.9797 2.3550 0.1909
Pedestrian -1 -1 -0.4235 702.5656 156.3979 761.1743 264.1271 1.8073 0.8321 0.7268 2.0639 1.5316 12.5991 -0.2659 0.1851
Pedestrian -1 -1 1.5619 53.9447 173.5570 156.0386 350.6937 1.7146 0.8381 0.7338 -5.3064 1.7229 7.5262 0.9639 0.1799
Pedestrian -1 -1 3.0759 18.7311 166.8235 64.8043 259.1380 1.7680 0.8137 0.6727 -11.3521 1.6529 14.3439 2.4154 0.1770
Pedestrian -1 -1 2.9860 0.0000 142.0533 28.3401 219.5265 1.9382 0.6559 0.6773 -15.4789 1.1680 18.5197 2.2968 0.1527
Pedestrian -1 -1 -1.8843 699.3992 171.5854 768.4548 291.2331 1.7109 0.8246 0.7235 1.7770 1.6931 10.7358 -1.7260 0.1436
Pedestrian -1 -1 2.9537 414.4990 170.3579 436.7505 220.6286 1.7605 0.6806 0.6527 -6.6179 1.6735 25.7129 2.7038 0.1402
Pedestrian -1 -1 1.5614 802.4142 140.0307 935.3817 375.0000 1.7719 0.8708 0.6761 1.8323 1.5499 5.3368 1.8738 0.1384
Pedestrian -1 -1 0.0410 254.8862 158.8193 291.0710 247.2138 1.8036 0.8127 0.6562 -7.1484 1.5176 15.2201 -0.3918 0.1370
Pedestrian -1 -1 2.8389 768.0028 144.8604 872.9977 350.9880 1.7501 0.8038 0.6917 1.8248 1.5128 6.5399 3.0980 0.1364
Pedestrian -1 -1 3.2375 93.6850 162.2774 167.9465 311.4080 1.7212 0.7949 0.6771 -5.8966 1.5995 8.8336 2.6624 0.1355
Pedestrian -1 -1 -0.4515 7.0285 181.8593 40.5864 230.4552 1.7593 0.7925 0.6920 -21.7985 2.0999 26.7794 -1.1300 0.1343
Cyclist -1 -1 -0.0244 581.3492 173.2225 593.7634 207.7835 1.7599 1.8051 0.6004 -1.2165 1.7800 37.6770 -0.0570 0.2593
Cyclist -1 -1 2.0948 0.0000 158.1049 154.5103 310.7129 1.7017 1.8276 0.6677 -6.5569 1.5376 8.4833 1.4517 0.2202
Cyclist -1 -1 -0.4434 586.8311 175.9490 603.1082 198.1285 1.7248 1.7351 0.6038 -1.2252 1.9747 57.2727 -0.4651 0.2130
Cyclist -1 -1 -0.4372 695.3125 155.4952 770.2357 265.6406 1.7765 1.7407 0.5869 2.0450 1.4969 12.5525 -0.2805 0.1950
Cyclist -1 -1 0.0206 251.4611 166.0349 291.9882 277.6146 1.6093 1.6358 0.5298 -5.3089 1.5113 11.2593 -0.4114 0.1911
Cyclist -1 -1 0.4252 0.0000 130.3823 55.7431 251.5553 1.7243 1.6730 0.7240 -9.4554 1.1203 11.1671 -0.2657 0.1730
Cyclist -1 -1 0.2096 25.5999 163.9918 86.6754 255.8053 1.7753 1.7968 0.6282 -11.4471 1.6043 14.8959 -0.4371 0.1712
Cyclist -1 -1 0.3987 323.2028 177.0109 375.8370 261.6209 1.6075 1.6827 0.3764 -5.3068 1.6971 14.6399 0.0562 0.1707
Cyclist -1 -1 -0.5351 708.6456 145.3732 810.8910 283.1967 1.7811 1.8282 0.5483 2.0253 1.4263 10.2744 -0.3469 0.1575
Cyclist -1 -1 0.2361 338.3854 172.9465 365.1716 215.8640 1.7145 1.7386 0.6488 -10.6634 1.7187 29.7237 -0.1059 0.1505
Cyclist -1 -1 3.6059 0.0000 155.6634 154.1718 351.6307 1.7205 1.8306 0.4916 -5.3505 1.5699 7.2740 2.9887 0.1468
Cyclist -1 -1 -0.3089 587.0863 174.3539 602.1921 198.3063 1.7491 1.7742 0.6121 -1.1789 1.8631 53.7418 -0.3312 0.1351
Car -1 -1 -0.8444 787.4134 109.0442 1242.0000 375.0000 1.6288 4.1457 1.7445 2.9575 1.4180 4.6249 -0.3046 0.1412
