Pedestrian -1 -1 -0.9691 162.8559 194.2330 310.9628 375.0000 1.6761 0.9576 0.6390 -3.2931 1.8747 6.3076 -1.4342 0.3311
Pedestrian -1 -1 2.9167 0.0000 150.3838 130.4492 375.0000 1.7385 0.8221 0.6224 -4.1046 1.5879 5.3482 2.2855 0.1614
Pedestrian -1 -1 -0.9642 987.3002 128.9771 1050.2522 232.9726 1.8370 0.7698 0.6551 7.4384 1.0623 13.2335 -0.4618 0.1434
Pedestrian -1 -1 1.5501 1023.4719 151.1871 1048.6945 211.4364 1.8090 0.6476 0.5912 12.9849 1.1588 22.0769 2.0757 0.1130
Cyclist -1 -1 3.5984 155.7115 203.9659 304.4340 375.0000 1.6627 1.6582 0.4482 -3.3123 1.9726 6.3441 3.1331 0.2488
Cyclist -1 -1 3.5890 0.0000 133.4598 147.5506 375.0000 1.7732 1.8504 0.5308 -4.2940 1.5245 5.5186 2.9506 0.2195
Cyclist -1 -1 -1.8626 535.1383 173.2056 564.6358 200.4609 1.8195 1.8608 0.7245 -4.1008 1.8440 48.8603 -1.9463 0.1498
Cyclist -1 -1 -0.2689 633.7800 176.9340 645.5557 195.9099 1.7064 1.8030 0.6208 2.6977 2.0867 66.2380 -0.2288 0.1333
Cyclist -1 -1 -2.8741 697.2863 159.3403 734.6302 217.4471 1.7300 1.6622 0.7396 3.2579 1.3280 22.3887 -2.7321 0.1183
Cyclist -1 -1 -2.1237 319.2914 152.3689 427.8435 251.4632 1.6895 1.7048 0.8364 -4.3559 1.3406 13.2192 -2.4366 0.1126
Cyclist -1 -1 -0.4254 513.8532 171.5321 541.1493 205.3876 1.7501 1.8182 0.7532 -4.4234 1.6821 38.2683 -0.5402 0.1124
Cyclist -1 -1 -0.1471 502.7840 167.9691 529.6733 214.0340 1.7468 1.8315 0.7845 -3.7412 1.5619 28.3462 -0.2777 0.1116
Car -1 -1 2.9806 646.3674 174.6319 712.4474 224.1734 1.5636 3.8768 1.6435 2.2656 1.6303 24.9059 3.0695 0.7166
Car -1 -1 3.3351 31.0618 175.8559 314.2729 375.0000 1.5725 3.9831 1.6818 -4.3062 1.6139 7.7075 2.8396 0.3675
Car -1 -1 2.7210 610.0722 179.3584 650.3619 200.4595 1.5081 3.7948 1.6531 1.4723 2.0222 54.9121 2.7472 0.1203
