Pedestrian -1 -1 -0.1196 362.5433 136.6216 426.1236 294.1049 1.8266 0.9498 0.6454 -2.7380 1.4067 8.9303 -0.4097 0.4915
Pedestrian -1 -1 1.7421 292.2196 145.7129 412.0392 345.1277 1.8291 1.0094 0.5462 -2.5175 1.5805 6.9675 1.4062 0.4708
Pedestrian -1 -1 -0.1895 604.3430 170.5023 625.3239 214.0904 1.7809 0.8214 0.7273 0.1542 1.6851 29.9476 -0.1850 0.3425
Pedestrian -1 -1 3.3771 44.6418 165.0032 76.6501 223.6546 1.8408 0.8342 0.6378 -17.6643 1.5948 23.1528 2.7308 0.2989
Pedestrian -1 -1 -1.1966 966.5969 156.6210 1001.8602 212.5021 1.8589 0.8736 0.6961 12.6907 1.3192 24.5568 -0.7249 0.2906
Pedestrian -1 -1 1.2586 962.4055 166.1274 986.6434 201.5825 1.8053 0.9533 0.6655 18.7192 1.4631 37.1368 1.7219 0.2594
Pedestrian -1 -1 1.4984 187.4122 171.8985 212.1521 214.8366 1.8164 0.8830 0.6300 -17.6824 1.7763 31.0267 0.9838 0.2164
Pedestrian -1 -1 2.0174 310.3183 169.7755 336.8348 208.6577 1.8565 1.0131 0.6372 -13.8493 1.7099 34.8013 1.6409 0.2056
Pedestrian -1 -1 -1.8455 1198.6118 166.8771 1224.9897 205.1211 1.7815 0.8027 0.6690 28.3762 1.5034 34.0764 -1.1557 0.2032
Pedestrian -1 -1 2.8303 15.0422 166.8335 40.8355 210.0005 1.8949 0.8099 0.6819 -25.9997 1.6310 32.1786 2.1546 0.1938
Pedestrian -1 -1 -1.2213 1031.1661 153.2177 1065.3944 209.0709 1.8272 0.8158 0.6232 14.6016 1.1852 24.1147 -0.6825 0.1738
Cyclist -1 -1 3.0497 605.6331 173.1862 624.1958 216.8919 1.7571 1.8210 0.6007 0.1511 1.7717 29.9530 3.0540 0.2956
Cyclist -1 -1 -3.7066 1105.7137 168.4134 1172.5859 242.9996 1.5736 1.5428 0.4213 11.6510 1.4803 16.0020 -3.0864 0.2333
Cyclist -1 -1 -0.7063 0.9832 167.3253 48.2177 209.1951 1.8381 1.7864 0.6285 -26.1190 1.5957 32.1466 -1.3847 0.2226
Cyclist -1 -1 3.4122 37.8673 167.9908 81.0940 225.8028 1.7820 1.8197 0.6350 -17.7204 1.6324 23.2004 2.7653 0.1772
Car -1 -1 -3.2649 710.0411 174.5036 742.4622 197.2109 1.5932 3.6282 1.8969 8.4280 1.7184 52.7359 -3.1077 0.4630
Car -1 -1 -0.0291 220.3622 174.4149 248.2572 197.6016 1.5711 3.7013 1.6508 -26.7011 1.6866 51.1784 -0.5080 0.3201
Car -1 -1 2.0812 241.1295 176.8744 287.5172 193.6194 1.5164 3.4671 1.7366 -31.9936 1.8944 66.7889 1.6358 0.3053
Car -1 -1 -2.3793 166.0584 180.4198 222.8519 202.4129 1.5247 3.4783 1.6951 -30.6157 2.1029 53.2113 -2.8994 0.2262
Car -1 -1 2.0171 242.0608 180.2461 293.7414 198.4354 1.5511 3.6764 1.7908 -29.9397 2.2079 63.1666 1.5758 0.2066
Car -1 -1 1.7361 7.8264 176.6144 105.6926 207.7189 1.5982 3.9743 1.8094 -29.9881 1.8119 39.2137 1.0864 0.1926
Car -1 -1 0.1373 104.3192 182.6943 140.7950 205.2038 1.5403 3.8000 1.7217 -35.9702 2.2958 53.2798 -0.4544 0.1791
