Pedestrian -1 -1 3.5874 198.4296 171.0909 239.8991 245.0739 1.7535 0.7289 0.6294 -9.5070 1.7121 17.4777 3.0953 0.2999
Cyclist -1 -1 -0.5900 1018.1143 151.6089 1100.0023 242.8121 1.8097 1.7827 0.5508 9.3722 1.3885 15.2175 -0.0471 0.2263
Cyclist -1 -1 -3.3691 834.9271 168.7013 858.7804 204.7155 1.7435 1.7556 0.7414 11.7112 1.5428 35.8348 -3.0560 0.2083
Cyclist -1 -1 0.6467 89.8019 170.4554 158.1162 235.6572 1.7726 1.9817 0.5250 -13.8916 1.7077 20.6179 0.0595 0.1951
Car -1 -1 1.9081 405.8110 185.0072 470.9286 221.7046 1.5083 1.6859 3.9484 -7.8210 2.1002 33.0655 1.6771 0.7392
Car -1 -1 1.9040 304.1442 184.1996 401.3605 239.3133 1.5871 1.7125 4.2075 -8.3715 1.9941 23.7488 1.5681 0.7043
Car -1 -1 0.6822 82.5291 176.3790 295.9474 267.2933 1.6761 3.9628 1.8701 -8.8694 1.7629 15.5752 0.1715 0.6766
Car -1 -1 3.1553 459.7843 181.7609 492.2750 211.1070 1.5017 3.5827 1.6926 -7.4322 2.0192 39.9864 2.9723 0.6063
Car -1 -1 3.0370 383.0219 182.9934 416.8609 209.0209 1.4960 3.7276 1.6482 -13.1943 2.1587 45.0939 2.7535 0.3798
Car -1 -1 -2.8030 332.1118 169.0824 383.1040 199.0223 1.6454 3.6357 1.6481 -14.4783 1.4385 41.4723 -3.1372 0.2077
Car -1 -1 -2.8707 410.4010 173.1865 447.0434 196.4787 1.6378 3.7319 1.6543 -13.2150 1.6633 52.6728 -3.1156 0.1906
