Pedestrian -1 -1 2.3909 898.6901 137.9225 1120.4639 375.0000 1.7511 0.9349 0.8068 2.4310 1.5567 4.5822 2.8512 0.2849
Pedestrian -1 -1 2.6321 405.5234 183.0172 469.3015 291.4981 1.7194 0.7866 0.7501 -2.9438 1.8976 12.0787 2.3970 0.2722
Pedestrian -1 -1 1.3444 380.5567 170.3740 455.8401 305.9860 1.7516 0.8599 0.6781 -2.6695 1.7199 9.8176 1.0846 0.2694
Pedestrian -1 -1 -0.5407 899.5771 167.5819 921.9200 207.1608 1.7807 0.6865 0.6814 13.6497 1.5439 32.8509 -0.1505 0.2570
Cyclist -1 -1 -0.6464 879.2274 131.1993 1205.1738 375.0000 1.7310 1.6631 0.8473 2.4472 1.5253 4.4595 -0.1730 0.2639
Car -1 -1 -1.7201 843.8386 171.9409 926.1506 229.0020 1.5405 1.6888 3.9351 8.0574 1.5163 21.5749 -1.3677 0.6759
Car -1 -1 -2.2616 914.3149 194.7167 1242.0000 375.0000 1.4605 1.5944 3.7453 3.0502 1.6251 3.5300 -1.5904 0.5038
Car -1 -1 -1.6074 828.7677 170.2179 866.2111 202.8115 1.5982 1.6834 3.9826 12.2588 1.4693 37.5232 -1.2943 0.4478
Car -1 -1 2.0625 332.7467 182.5332 532.2438 263.8959 1.4739 3.5642 1.6614 -3.5982 1.6871 14.6170 1.8246 0.3580
Car -1 -1 1.2011 889.7661 167.8683 982.4596 206.3531 1.7210 3.5200 1.6590 14.8982 1.4984 33.1775 1.6195 0.3521
Car -1 -1 -0.4553 995.9512 177.3616 1196.9958 272.7191 1.4724 3.5252 1.5827 8.5609 1.5664 13.1517 0.1109 0.3014
Car -1 -1 0.0342 727.0012 180.2699 753.9689 204.2796 1.5059 3.8831 1.6640 8.7926 2.0272 48.6061 0.2116 0.2798
