Pedestrian -1 -1 2.4873 837.7635 123.0893 940.7807 297.9702 1.8397 0.9356 0.6374 3.0677 1.3165 8.1295 2.8354 0.4273
Pedestrian -1 -1 -3.5548 1122.4513 166.9749 1226.6006 321.4345 1.7328 0.8450 0.6817 6.6253 1.6672 8.5801 -2.9146 0.2999
Cyclist -1 -1 2.1575 1068.9404 166.2421 1242.0000 321.7795 1.6865 1.8216 0.5147 6.5676 1.6152 8.7642 2.7838 0.3413
Cyclist -1 -1 -0.0710 210.4529 171.3138 248.5083 251.8826 1.5700 1.5989 0.5879 -7.9199 1.5404 14.8924 -0.5528 0.3197
Car -1 -1 -2.1704 877.5741 194.2573 1242.0000 375.0000 1.5161 1.6843 4.0315 3.0415 1.6977 4.0866 -1.5658 0.7659
Car -1 -1 1.7158 411.9601 187.6512 481.5671 242.1912 1.4813 1.5929 3.6842 -5.0498 1.9824 22.5190 1.4971 0.7317
Car -1 -1 -1.7168 671.2886 184.1860 767.2539 259.2643 1.4598 1.5962 3.6518 2.3153 1.7467 16.4129 -1.5802 0.7308
Car -1 -1 -1.6833 634.1370 180.3282 686.2336 224.0419 1.4788 1.5249 3.5374 1.7602 1.7758 26.8265 -1.6192 0.6883
Car -1 -1 2.1084 0.0000 200.1102 279.6943 375.0000 1.5001 1.7674 3.7645 -4.8021 1.8290 6.7625 1.5089 0.6770
Car -1 -1 3.2894 454.6305 182.4453 507.5344 220.0718 1.4994 3.6836 1.7514 -5.6126 1.9442 31.5661 3.1144 0.6602
Car -1 -1 -1.7264 613.1429 180.9221 651.2388 208.2673 1.4928 1.6845 3.6400 1.2262 1.9890 42.4268 -1.6983 0.5877
