Pedestrian -1 -1 3.2459 188.1538 183.1315 212.0285 228.9640 1.6902 0.8223 0.7037 -15.5770 2.0876 27.3556 2.7321 0.4531
Pedestrian -1 -1 2.6661 735.2413 165.4379 761.9715 219.1930 1.7946 0.6964 0.6425 4.6597 1.5473 24.5108 2.8512 0.2933
Car -1 -1 -1.7883 697.2282 179.7395 801.5455 254.1883 1.4999 1.5798 3.6319 3.0525 1.6775 16.7224 -1.6118 0.8119
Car -1 -1 -1.9863 785.6473 183.8749 1239.7111 375.0000 1.5522 1.6690 4.1796 2.8775 1.6828 6.4256 -1.5836 0.7368
Car -1 -1 3.0689 541.8371 179.4661 575.1625 207.6748 1.4993 3.6972 1.6258 -3.0156 1.8952 41.2078 2.9958 0.7221
Car -1 -1 -2.6116 649.2411 175.2563 767.7676 235.2803 1.5919 2.6107 2.4482 2.8510 1.6683 21.0581 -2.4797 0.6644
Car -1 -1 -1.6576 653.6166 177.6530 696.8144 212.8591 1.5738 1.7144 4.0359 3.0486 1.8192 34.8213 -1.5716 0.6207
Car -1 -1 -1.7327 663.0373 177.4619 728.9260 227.3766 1.5588 1.6436 3.7120 2.8252 1.7295 24.7755 -1.6212 0.4459
Car -1 -1 3.2334 424.4206 181.5579 476.9966 202.4596 1.5262 1.6463 3.7507 -12.0442 2.1980 54.6067 3.0169 0.4166
Car -1 -1 2.6725 581.5405 179.0425 625.7352 201.9356 1.5301 3.6061 1.6877 -0.5178 1.9874 51.2875 2.6619 0.3319
Car -1 -1 0.1188 409.9482 179.8223 435.6473 199.1052 1.5075 3.5042 1.6501 -15.4511 2.1012 59.5873 -0.1342 0.3065
Car -1 -1 0.2099 345.0028 180.6512 402.2451 201.6089 1.5339 1.6372 3.8589 -17.8682 2.1352 54.5822 -0.1054 0.2975
Car -1 -1 -2.9175 0.0000 0.0000 1233.5100 375.0000 1.5546 1.7306 4.0003 2.7473 1.6125 1.3235 -1.8802 0.2797
