Pedestrian -1 -1 -1.0891 1169.3812 142.3825 1238.0000 273.2025 1.8062 0.8310 0.6951 8.8844 1.2674 10.4335 -0.4013 0.4004
Pedestrian -1 -1 -1.2503 367.5009 173.9365 392.0593 211.4154 1.7727 0.9841 0.5954 -10.5833 1.4158 34.2795 -1.5527 0.3300
Pedestrian -1 -1 -0.6206 762.4654 126.6324 826.2441 236.4580 1.8900 0.9444 0.6799 3.4163 0.9471 12.9227 -0.3723 0.2251
Cyclist -1 -1 -1.6614 607.4012 166.8765 641.2102 199.0780 1.8471 1.9046 0.6177 1.3186 1.0091 41.5717 -1.6349 0.5737
Cyclist -1 -1 -2.7841 367.0801 174.1147 392.7486 211.0296 1.7211 1.7664 0.6007 -10.5994 1.3777 34.3872 -3.0861 0.3825
Cyclist -1 -1 2.4416 961.0342 151.2343 1012.7068 203.7845 1.8074 1.8350 0.5640 13.7178 0.7675 25.6609 2.9233 0.3052
Cyclist -1 -1 -0.1240 708.6327 177.9597 735.2763 244.5462 1.5202 1.5659 0.4202 2.8345 1.4405 17.1860 0.0317 0.2652
Cyclist -1 -1 3.1188 499.3119 176.5473 514.6724 217.3733 1.7544 1.9086 0.6203 -4.2117 1.5425 31.8573 2.9832 0.2466
Cyclist -1 -1 0.0048 572.5502 174.2630 583.2460 205.5152 1.7481 1.8506 0.5981 -1.3485 1.3441 41.1118 -0.0329 0.2337
Cyclist -1 -1 2.6462 758.9627 169.3825 782.0171 197.6880 1.7302 1.7746 0.6219 10.5475 0.9902 44.8441 2.8709 0.2194
Car -1 -1 3.2454 459.7658 173.7433 508.6037 214.0371 1.6026 3.8357 1.6740 -4.9326 1.2951 30.5326 3.0814 0.6114
Car -1 -1 -0.1674 578.7275 172.7851 608.9665 194.1898 1.5453 3.6395 1.6594 -0.5842 0.9167 53.7961 -0.1832 0.4456
Car -1 -1 -1.5923 532.0234 171.0126 572.5297 208.7533 1.5547 1.6644 3.8782 -2.2285 1.1237 31.5990 -1.6672 0.4390
Car -1 -1 -0.0893 608.2208 171.1672 641.0414 197.4428 1.5083 3.6776 1.6212 1.3547 0.9159 43.1179 -0.0631 0.3071
Car -1 -1 -1.1938 100.2365 167.8560 196.3035 197.0350 1.5449 4.0740 1.7911 -24.7048 0.8234 39.2874 -1.7570 0.2397
Car -1 -1 -0.1284 756.3359 175.7618 795.1135 203.5837 1.4867 3.7351 1.6180 9.7307 1.1809 40.3227 0.1019 0.2350
Car -1 -1 -0.3492 546.2628 173.5619 594.7029 200.8331 1.5455 3.4698 1.7746 -1.8778 1.0964 42.6485 -0.3980 0.2345
