Pedestrian -1 -1 2.5745 835.7114 153.6298 860.6395 201.7679 1.8651 0.7002 0.6561 9.3202 1.1206 28.3746 2.8884 0.3019
Pedestrian -1 -1 1.9799 248.8584 180.1564 314.2106 275.2616 1.6719 0.9020 0.6222 -5.9782 1.8075 13.0470 1.5574 0.2364
Pedestrian -1 -1 -2.0606 699.4336 171.4123 713.0892 192.0219 1.8021 1.0178 0.6249 8.4578 1.6764 63.5591 -1.9293 0.1797
Pedestrian -1 -1 0.7291 1114.6949 178.9026 1164.0908 239.9022 1.6743 0.8818 0.7196 14.8671 1.8489 20.3370 1.3529 0.1789
Pedestrian -1 -1 1.9943 198.6501 192.6950 216.7374 218.2664 1.6979 0.8475 0.7262 -27.3026 3.0545 48.9197 1.4873 0.1776
Cyclist -1 -1 -0.3778 698.6725 171.8058 712.9003 192.2665 1.7746 1.8678 0.5919 8.4083 1.6840 63.5551 -0.2473 0.3882
Cyclist -1 -1 -3.2507 754.3606 175.3450 768.0422 204.9420 1.6990 1.8387 0.5862 8.8678 1.8494 42.5191 -3.0470 0.2551
Cyclist -1 -1 -2.4608 196.3678 191.2744 221.1202 217.7698 1.7257 1.6221 0.5767 -27.2808 2.9994 49.0228 -2.9666 0.2465
Cyclist -1 -1 -0.8137 1107.1409 184.2837 1172.2031 245.5024 1.6302 1.5701 0.4789 14.8475 1.9656 20.3322 -0.1905 0.2127
Cyclist -1 -1 0.0382 159.8430 176.0417 183.1814 226.5644 1.7054 1.8245 0.6282 -15.4804 1.8223 25.4229 -0.5043 0.1765
Car -1 -1 -2.5102 804.5053 182.8353 932.6118 236.6153 1.4743 1.6924 3.3808 7.8810 1.8097 22.3441 -2.1760 0.6508
Car -1 -1 3.3079 356.4769 182.2239 388.4767 204.2527 1.5106 3.5663 1.6619 -17.4232 2.2233 52.9684 2.9912 0.4451
Car -1 -1 3.4829 297.4544 194.5838 380.4983 239.6984 1.5372 4.1604 1.7883 -10.6993 2.4647 28.6895 3.1284 0.2767
Car -1 -1 3.3293 402.7757 183.6472 431.2369 202.2619 1.5194 3.6613 1.7464 -16.8281 2.4900 62.9713 3.0688 0.2629
Car -1 -1 -0.1170 357.3947 198.1520 406.1704 234.3220 1.4703 3.9988 1.7696 -11.0236 2.7595 34.5714 -0.4240 0.2144
Car -1 -1 -0.7247 676.8833 175.8049 725.0231 195.8642 1.5855 3.9954 1.7426 7.4761 1.8391 59.7965 -0.6013 0.2025
Car -1 -1 -1.0854 150.4433 195.3149 223.7450 219.5048 1.5653 3.9909 1.7139 -28.9231 3.1320 49.3751 -1.6133 0.1762
