Pedestrian -1 -1 3.3237 0.0000 186.4790 138.7461 375.0000 1.6551 0.9041 0.7245 -3.6207 1.7547 4.6903 2.6929 0.4409
Pedestrian -1 -1 0.2154 953.0378 156.0552 1007.5837 261.6989 1.8251 0.7605 0.7359 6.6184 1.5352 12.9892 0.6768 0.4025
Pedestrian -1 -1 1.1705 380.0305 183.9134 406.4269 225.5539 1.6497 0.8594 0.6095 -8.8632 2.1079 29.3620 0.8793 0.3316
Pedestrian -1 -1 2.3102 830.1835 160.7866 869.7698 223.2613 1.7773 0.8199 0.7279 6.9535 1.4344 21.0602 2.6244 0.2986
Pedestrian -1 -1 1.9608 423.3317 153.5541 472.3368 237.6491 1.8926 0.9430 0.6023 -3.7764 1.4586 16.6118 1.7401 0.2562
Pedestrian -1 -1 0.3164 475.3934 155.7451 499.7807 210.4169 1.9125 0.8273 0.6307 -4.3975 1.3144 25.6932 0.1482 0.2436
Pedestrian -1 -1 -1.7664 952.0527 178.3757 961.4938 200.0929 1.6451 0.5213 0.7121 26.5365 2.0716 55.2721 -1.3213 0.2195
Pedestrian -1 -1 1.7961 490.8735 164.1448 525.8495 223.4571 1.8796 0.9905 0.6753 -3.3127 1.6039 23.2406 1.6555 0.2188
Pedestrian -1 -1 0.3611 946.3160 181.7512 957.4419 201.3498 1.7804 0.7498 0.7089 31.5041 2.6075 66.5273 0.8012 0.2020
Cyclist -1 -1 3.4472 0.0000 187.8082 150.1884 375.0000 1.6169 1.7440 0.5855 -3.7522 1.7375 4.8780 2.8171 0.3880
Cyclist -1 -1 -0.3868 948.8653 177.7101 967.9191 202.1551 1.8273 1.9519 0.6190 26.6726 2.2066 55.3188 0.0599 0.2908
Cyclist -1 -1 -1.3402 451.1238 167.9638 484.9611 198.5408 1.7571 1.8257 0.6435 -8.2549 1.4764 41.8148 -1.5343 0.2256
Cyclist -1 -1 1.1077 814.6200 160.2378 885.9555 223.7953 1.8158 1.8750 0.6760 6.9658 1.4557 21.0842 1.4221 0.2248
Cyclist -1 -1 -0.7067 860.9132 165.4047 890.9641 196.5251 1.8087 1.8671 0.6051 15.7682 1.3761 42.9137 -0.3571 0.1918
Cyclist -1 -1 -1.4479 759.9996 153.1590 846.8696 236.1589 1.7918 1.8257 0.6068 4.2883 1.3670 16.1917 -1.1942 0.1820
Car -1 -1 3.0258 549.2205 175.2890 576.2452 196.4345 1.5568 3.4750 1.6753 -3.6851 1.7505 55.4090 2.9593 0.3726
Car -1 -1 1.6262 398.5434 177.8209 442.8302 197.1807 1.7140 3.8117 1.8187 -17.2452 2.1760 65.7985 1.3705 0.3212
Car -1 -1 -3.2226 927.2778 177.3851 953.0330 196.9072 1.6122 4.0706 1.7009 28.6796 2.0208 62.8079 -2.7964 0.3139
Car -1 -1 -3.1654 672.5574 170.7849 731.7465 227.3171 1.6368 4.2125 1.7073 2.8303 1.5773 23.0672 -3.0455 0.2409
Car -1 -1 -1.7148 727.6529 173.6857 795.7280 203.1332 1.7401 3.8218 1.6899 9.0977 1.7918 43.6445 -1.5111 0.2323
Car -1 -1 -0.0809 575.9674 173.8532 601.7531 195.7288 1.5923 3.7652 1.6469 -1.6597 1.6711 54.6587 -0.1115 0.2013
Car -1 -1 0.3689 451.9913 173.3882 499.2686 200.0947 1.5395 3.6667 1.5934 -8.1020 1.5735 43.6162 0.1859 0.1991
