Pedestrian -1 -1 2.5530 753.6682 173.5113 840.2313 304.0519 1.6920 0.8075 0.8366 2.4919 1.7018 9.8773 2.7917 0.2700
Pedestrian -1 -1 1.8881 639.0175 171.5026 649.2244 191.6310 1.8568 0.7759 0.6741 3.1514 1.7325 67.0113 1.9346 0.2571
Cyclist -1 -1 -0.4740 492.7049 171.6495 520.6272 202.4697 1.7387 1.7384 0.9012 -6.0116 1.6711 41.6727 -0.6168 0.2905
Car -1 -1 -2.7595 296.4869 184.4307 471.1444 244.7843 1.5028 1.6590 4.1505 -6.0338 1.8296 19.3447 -3.0586 0.7130
Car -1 -1 -1.5873 528.5090 185.5099 747.4064 375.0000 1.5107 1.6418 3.8555 0.1565 1.6736 7.3370 -1.5690 0.6413
Car -1 -1 -0.5909 1011.9072 165.5468 1200.8929 224.8783 1.6409 1.7748 4.2379 14.1767 1.4392 20.8409 -0.0006 0.5766
Car -1 -1 -0.0926 425.6235 180.9128 453.2184 202.9410 1.5223 3.7205 1.6467 -12.6735 2.1414 53.3688 -0.3250 0.4551
Car -1 -1 -2.4136 0.0000 200.3885 135.7549 255.5944 1.4651 1.5779 3.8745 -16.2686 2.3028 21.0074 -3.0666 0.4353
Car -1 -1 -1.0311 247.3318 176.2445 333.3766 210.0917 1.7812 3.9391 1.7702 -17.4167 1.9716 39.3163 -1.4459 0.3143
Car -1 -1 0.8004 945.6995 176.9068 1050.0847 217.8987 1.5075 3.2722 1.7800 15.0385 1.6731 28.1038 1.2869 0.3047
Car -1 -1 -0.2979 628.7922 178.7764 665.0410 199.6469 1.5221 3.9980 1.7020 2.7955 1.9996 55.9844 -0.2487 0.2760
Car -1 -1 1.5798 535.9788 182.2458 595.9672 207.1133 1.5152 3.7167 1.7239 -2.8065 2.1221 45.6429 1.5182 0.2693
