Pedestrian -1 -1 1.0336 773.1355 149.2998 866.4727 292.6796 1.8184 1.0695 0.5149 2.7851 1.4244 9.3462 1.3158 0.5287
Pedestrian -1 -1 1.4760 1124.7333 193.8094 1224.0000 370.0000 1.6839 0.7203 0.7432 4.3651 1.7960 5.3538 2.1329 0.3963
Pedestrian -1 -1 2.2622 832.2032 176.9156 878.0753 246.4700 1.7030 0.7472 0.8097 6.2711 1.6169 17.8364 2.5963 0.3747
Pedestrian -1 -1 1.5411 59.3208 187.5309 99.1751 248.3277 1.6960 0.9079 0.7237 -15.2169 1.9062 20.4133 0.9095 0.3665
Pedestrian -1 -1 2.9702 14.1727 171.9828 72.4855 262.1901 1.7518 0.9076 0.7901 -11.4249 1.5881 14.3236 2.3094 0.3190
Pedestrian -1 -1 1.2639 555.3898 159.6106 612.4230 250.4567 1.8310 1.0548 0.5951 -0.4844 1.4116 14.7012 1.2335 0.2728
Pedestrian -1 -1 2.5972 641.4046 165.1514 697.8672 263.1911 1.7326 0.8137 0.7153 1.1383 1.4630 13.0134 2.6841 0.2541
Pedestrian -1 -1 1.0857 972.6039 189.0138 1134.2765 370.0000 1.6476 0.7788 0.7073 3.2827 1.7179 5.3219 1.6139 0.2356
Pedestrian -1 -1 2.8107 517.1678 164.0172 568.1335 262.4110 1.7353 0.8795 0.6849 -1.2003 1.4462 13.0054 2.7227 0.2243
Pedestrian -1 -1 -0.1954 254.1195 164.6409 305.8113 259.5462 1.7601 0.8815 0.7579 -6.3419 1.4676 13.6866 -0.6187 0.2179
Pedestrian -1 -1 2.6236 817.1655 168.9070 868.0380 258.5907 1.7112 0.8315 0.6169 4.6366 1.4917 13.9554 2.9392 0.1990
Pedestrian -1 -1 1.2448 77.1775 201.3374 113.6051 260.4759 1.7656 0.7382 0.6931 -15.8608 2.4293 21.9600 0.6274 0.1887
Pedestrian -1 -1 -0.7974 993.0521 165.8904 1067.7042 273.6499 1.7596 0.8662 0.6703 7.1885 1.5227 12.0469 -0.2693 0.1727
Pedestrian -1 -1 -0.6374 749.4811 143.7664 809.9059 251.5477 1.8044 0.8362 0.6520 2.9958 1.1911 12.3443 -0.4032 0.1627
Pedestrian -1 -1 0.7069 1040.9462 193.6721 1114.9270 286.0954 1.6925 0.9129 0.7774 9.0362 1.9567 13.5874 1.2843 0.1544
Pedestrian -1 -1 2.7454 607.0239 166.7048 655.4993 253.6273 1.7378 0.8337 0.7377 0.4941 1.4636 14.6513 2.7801 0.1525
Pedestrian -1 -1 -0.6595 730.4068 149.9436 785.0368 244.2250 1.8318 0.8584 0.6961 3.0326 1.2398 14.2707 -0.4527 0.1494
Cyclist -1 -1 -2.1710 1017.2614 193.6421 1130.3867 287.5378 1.7487 1.7421 0.6821 8.9726 2.0105 13.6296 -1.5981 0.2241
Cyclist -1 -1 1.5033 681.9590 164.0229 757.9772 233.8993 1.7433 1.8727 0.6337 2.8747 1.3338 18.0338 1.6604 0.2107
Cyclist -1 -1 1.7864 629.8636 163.8616 739.5934 261.7167 1.7209 1.9087 0.7179 1.4341 1.4299 13.0733 1.8948 0.2069
Cyclist -1 -1 2.6880 826.5182 172.5983 881.0036 242.6966 1.6841 1.6838 0.6113 6.2156 1.4959 17.8548 3.0191 0.2018
Cyclist -1 -1 1.9402 245.1402 175.6262 388.3570 286.0903 1.6769 1.9449 0.7549 -4.5396 1.6046 11.1126 1.5640 0.1991
Cyclist -1 -1 0.9899 1040.3383 199.9804 1224.0000 370.0000 1.7123 1.7600 0.6130 5.1077 1.9062 6.6202 1.6255 0.1984
Cyclist -1 -1 0.0829 257.4396 161.4536 301.3969 258.8159 1.7694 1.8162 0.6169 -6.3714 1.4249 13.8038 -0.3390 0.1784
Cyclist -1 -1 -0.9583 0.0000 170.2384 100.3972 260.0798 1.7769 1.7971 0.6290 -11.4131 1.5756 14.3357 -1.6181 0.1754
Cyclist -1 -1 -1.6669 632.7170 155.5302 724.4207 243.5926 1.7721 1.8209 0.6491 1.4517 1.2713 14.5505 -1.5677 0.1570
Cyclist -1 -1 -0.4973 818.5611 173.4749 905.2289 283.0706 1.6146 1.8107 0.4799 4.0253 1.5127 11.3437 -0.1634 0.1539
Cyclist -1 -1 -0.0205 524.5546 160.9232 558.5287 264.2173 1.7670 1.8206 0.5806 -1.2330 1.4337 13.0267 -0.1108 0.1482
Car -1 -1 -2.3257 1145.3705 185.0213 1224.0000 370.0000 1.5497 1.6727 3.8966 6.5343 1.6007 5.7007 -1.4981 0.2281
Car -1 -1 -0.0073 0.0000 180.2554 27.6433 217.7372 1.5642 3.9444 1.7916 -27.0307 1.5555 31.5823 -0.7085 0.2080
Car -1 -1 2.4992 555.6697 172.8922 605.2431 195.0473 1.5561 3.7928 1.6842 -1.8202 1.0230 51.6616 2.4659 0.1558
Car -1 -1 0.1791 34.7114 187.0300 113.2970 232.2809 1.4998 3.5721 1.6726 -19.4244 1.7594 25.9700 -0.4556 0.1508
