Cyclist -1 -1 0.2315 179.7867 179.1782 203.0950 212.1847 1.6470 1.8299 0.6377 -21.6836 1.9831 37.3398 -0.2917 0.2407
Cyclist -1 -1 3.1884 283.0665 177.0926 293.8571 203.4069 1.7220 1.8173 0.5765 -21.6255 2.0128 48.4733 2.7705 0.2164
Cyclist -1 -1 -2.3913 197.0104 175.9000 233.2039 207.2423 1.6634 1.8586 0.6397 -21.6128 1.8344 39.4598 -2.8898 0.1868
Cyclist -1 -1 1.2620 940.0754 174.8680 1090.3932 281.2831 1.7250 2.0516 0.9471 6.8296 1.7617 12.3721 1.7554 0.1786
Car -1 -1 -1.6062 573.9022 175.0075 613.8284 213.1745 1.5381 1.5807 3.7447 -0.7891 1.6374 31.2085 -1.6319 0.5431
Car -1 -1 3.6171 0.0000 178.3494 91.3729 227.1348 1.5949 3.7672 1.6509 -20.6607 1.8090 26.0442 2.9513 0.5422
Car -1 -1 -0.3742 428.4431 181.3176 467.1037 202.0196 1.5300 3.8350 1.6971 -12.8873 2.2240 57.0726 -0.5956 0.3149
Car -1 -1 0.3256 315.5414 177.0966 353.0578 197.6989 1.5433 3.6123 1.6815 -21.6214 1.8876 56.6415 -0.0378 0.2945
Car -1 -1 -0.4627 643.8863 177.1207 677.3654 194.1183 1.5134 3.4899 1.7276 4.6638 1.9224 67.1591 -0.3941 0.1975
Car -1 -1 -0.7922 0.0000 169.3830 100.0903 202.1674 1.5177 3.6656 1.7358 -26.7860 1.3574 34.4836 -1.4490 0.1887
Car -1 -1 -2.8487 644.0588 178.4127 680.2527 199.4503 1.5283 4.0647 1.6931 4.0463 1.9753 55.7776 -2.7771 0.1876
Car -1 -1 3.0120 624.3470 176.9942 654.2459 199.1494 1.5375 3.9331 1.6853 2.0801 1.8529 52.8667 3.0506 0.1788
Car -1 -1 2.1047 87.2797 176.8677 182.3574 211.0752 1.6663 3.6404 1.6953 -23.8783 1.8737 36.2909 1.5259 0.1763
Car -1 -1 2.8543 608.9872 182.0683 649.0502 206.4997 1.4856 3.6055 1.6637 1.1737 2.1150 47.3039 2.8784 0.1665
