Pedestrian -1 -1 -0.5610 667.3539 171.7778 688.0839 207.8105 1.7683 0.8298 0.6914 3.3318 1.7159 35.9336 -0.4699 0.5345
Pedestrian -1 -1 -1.5782 427.3885 173.9562 435.9516 195.5543 1.7762 0.6839 0.6094 -14.7935 1.8684 59.7536 -1.8202 0.2903
Cyclist -1 -1 -3.2373 723.3818 172.8801 738.0076 205.6339 1.7154 1.8167 0.5970 6.4306 1.7172 38.7131 -3.0745 0.3397
Car -1 -1 -1.9699 762.5261 181.7370 1028.1685 339.6317 1.5100 1.6089 3.8273 3.1990 1.6464 9.0852 -1.6427 0.7802
Car -1 -1 -2.3039 884.5677 193.9942 1242.0000 375.0000 1.5379 1.6621 4.0324 3.0837 1.7078 3.7094 -1.6498 0.7669
Car -1 -1 2.0258 0.0000 195.9190 244.2059 375.0000 1.4755 1.5910 3.3928 -5.6397 1.7929 8.1280 1.4341 0.7349
Car -1 -1 1.8871 185.6006 187.5210 362.1475 292.8235 1.5129 1.7483 3.5986 -5.7702 1.8110 12.7654 1.4698 0.7244
Car -1 -1 -0.5392 471.0060 180.1544 530.5525 208.7264 1.5141 3.7634 1.6639 -6.3134 1.9516 41.2253 -0.6906 0.6723
Car -1 -1 -0.1873 227.4838 177.9968 291.9029 218.9245 1.5695 3.9762 1.7256 -14.8059 1.8010 30.3087 -0.6386 0.4576
Car -1 -1 1.2012 679.6747 173.1413 728.9772 192.3050 1.5235 3.5396 1.8756 7.6378 1.5478 58.7324 1.3295 0.4059
