Pedestrian -1 -1 1.6204 392.0112 158.9604 441.8046 270.9943 1.8615 0.7928 0.7247 -3.3625 1.6310 12.4232 1.3606 0.3221
Cyclist -1 -1 3.3659 265.0548 185.0735 300.1808 245.5345 1.7079 1.7335 0.5853 -9.8508 2.0904 21.6539 2.9431 0.2952
Cyclist -1 -1 -3.4446 892.0848 176.7811 916.2224 211.7504 1.7135 1.8491 0.5982 14.8318 1.9177 36.5096 -3.0621 0.2856
Car -1 -1 3.7282 0.0000 190.8110 178.3236 278.7624 1.4823 3.5605 1.6062 -10.6707 1.8935 14.7006 3.1087 0.7954
Car -1 -1 1.4569 590.9784 176.8416 638.4177 216.3123 1.5252 1.5582 3.7088 0.0975 1.7031 30.1970 1.4595 0.6814
Car -1 -1 1.9691 162.0884 185.5999 294.0944 249.5518 1.5523 1.9484 3.7389 -10.5763 1.9442 20.2246 1.4923 0.6305
Car -1 -1 -1.2880 757.6356 172.5034 876.2979 248.9756 1.4917 1.5907 3.6560 4.6455 1.4852 16.0436 -1.0118 0.5157
Car -1 -1 -1.2714 696.1892 177.0585 781.0315 231.5413 1.5559 1.6423 3.7072 4.1184 1.7017 22.9391 -1.0968 0.4130
Car -1 -1 1.0137 850.0991 175.1201 900.8807 195.4957 1.5804 3.3873 1.7372 21.0893 1.7649 57.4283 1.3636 0.4003
Car -1 -1 -0.0905 678.0344 176.9990 794.5748 223.1666 1.5651 1.5646 3.9309 4.3543 1.7176 25.5529 0.0757 0.3904
Car -1 -1 -0.4510 727.1793 175.9487 879.1689 239.8693 1.6001 1.6688 3.5657 5.0821 1.6885 19.3426 -0.1986 0.3546
Car -1 -1 -0.8022 851.3039 176.4229 926.5492 206.5678 1.4887 3.6033 1.5876 14.6114 1.6870 38.0637 -0.4387 0.3187
Car -1 -1 -2.2384 667.9575 175.6337 746.9897 211.2638 1.5715 3.1117 1.9667 4.5133 1.7081 33.7172 -2.1071 0.2803
