Pedestrian -1 -1 -0.6159 979.3096 164.8609 1037.1852 252.8619 1.7110 0.8499 0.6397 7.9312 1.5559 14.4870 -0.1242 0.6571
Pedestrian -1 -1 0.4455 1182.7849 146.0491 1242.0000 285.7744 1.8908 0.7999 0.7039 8.7155 1.5285 10.2493 1.1355 0.5149
Pedestrian -1 -1 2.4541 888.3025 176.6664 952.5064 254.8613 1.6208 0.9172 0.8922 6.6378 1.7065 15.5761 2.8493 0.4882
Pedestrian -1 -1 2.8391 567.4914 171.0063 586.2314 208.5684 1.8179 0.8402 0.6997 -1.6692 1.7289 35.4327 2.7919 0.3218
Pedestrian -1 -1 2.2691 496.7953 170.0735 528.7653 224.7536 1.7762 0.7960 0.6870 -3.2694 1.6863 23.9387 2.1342 0.3122
Pedestrian -1 -1 0.4778 487.1076 174.1762 520.8396 235.8525 1.7273 0.7681 0.6813 -3.0834 1.7665 20.6992 0.3310 0.2418
Cyclist -1 -1 -3.0996 665.5175 173.3294 688.7805 232.4290 1.7784 1.9027 0.6573 2.0825 1.7944 22.7122 -3.0102 0.7061
Cyclist -1 -1 -1.3512 522.6873 169.1413 560.2179 204.9414 1.8005 1.8070 0.6333 -3.5202 1.6142 36.7123 -1.4466 0.3652
Cyclist -1 -1 1.2720 867.8996 177.5986 969.1072 258.8612 1.7066 1.8915 0.7072 6.6079 1.8127 15.6417 1.6640 0.2902
Cyclist -1 -1 0.4425 40.1071 179.9648 85.9094 228.6639 1.7458 1.8990 0.6141 -20.5927 2.0235 27.1456 -0.2019 0.2755
Cyclist -1 -1 1.2897 770.9059 173.6678 880.1823 265.4329 1.6966 1.8617 0.7133 4.0159 1.7128 13.7027 1.5679 0.2739
Cyclist -1 -1 2.6892 818.8365 163.8188 847.5331 201.3838 1.7430 1.8025 0.5702 10.5893 1.3241 34.4114 2.9849 0.2663
Cyclist -1 -1 1.4018 847.2689 173.0581 944.0572 247.8838 1.7108 2.0120 0.8675 6.6880 1.7162 17.1201 1.7676 0.2652
Cyclist -1 -1 -0.3713 742.4316 153.7310 795.8352 228.1039 1.7864 1.7921 0.7063 3.9507 1.3275 18.2700 -0.1623 0.2447
Cyclist -1 -1 -0.8271 1082.1211 151.9318 1209.5419 265.6604 1.7268 1.7613 0.5492 8.6943 1.4095 11.8714 -0.2072 0.2396
Cyclist -1 -1 -1.0354 75.8425 173.5056 161.8510 238.9663 1.8714 1.9657 0.7604 -14.3646 1.8912 21.0690 -1.6281 0.2374
Cyclist -1 -1 -0.0445 520.3577 169.6730 535.0429 208.2031 1.7799 1.8314 0.6097 -3.9580 1.6333 34.2806 -0.1590 0.2360
Cyclist -1 -1 0.3416 494.2637 168.9676 527.7023 223.2187 1.7318 1.7275 0.5535 -3.3115 1.6081 23.9316 0.2050 0.2355
Cyclist -1 -1 3.2616 489.9767 175.9147 516.4996 237.1607 1.6855 1.7504 0.5535 -3.1127 1.7780 20.8250 3.1143 0.2295
Cyclist -1 -1 0.4816 237.0648 169.2676 291.0671 233.8972 1.7560 1.8198 0.6067 -9.8543 1.6589 20.5224 0.0387 0.2253
Cyclist -1 -1 -0.2026 737.2250 160.2442 774.3240 223.4391 1.7893 1.8251 0.7114 4.2423 1.4326 21.3428 -0.0097 0.2223
Car -1 -1 -0.4206 704.2072 173.8113 742.5076 194.1562 1.5409 3.6525 1.6210 8.8590 1.6193 56.8075 -0.2671 0.3905
Car -1 -1 3.3159 379.1709 167.4604 474.6913 238.6348 1.6348 4.0937 1.6870 -4.6469 1.5113 18.6687 3.0747 0.3664
Car -1 -1 2.0728 297.7122 176.6710 392.5883 214.0170 1.5518 3.4879 1.6773 -11.4925 1.7236 31.2966 1.7233 0.3450
Car -1 -1 0.0021 31.1444 182.1757 86.3687 225.5481 1.5268 3.5952 1.6253 -21.5177 1.9157 28.1483 -0.6461 0.3203
Car -1 -1 0.4130 74.0190 181.3177 147.7996 215.6253 1.4912 3.3716 1.6404 -23.5093 1.9124 34.0620 -0.1877 0.2455
Car -1 -1 2.9104 725.5949 177.9078 795.9661 222.6374 1.4874 3.9013 1.6430 5.3830 1.6867 26.4146 3.1086 0.2210
