Pedestrian -1 -1 2.8713 746.4797 179.4807 807.5021 289.6284 1.6284 0.8332 0.7144 2.5120 1.7353 11.1528 3.0859 0.5787
Pedestrian -1 -1 -3.1284 803.3507 161.7366 823.9296 213.6820 1.8186 0.7722 0.6960 7.2191 1.4298 25.7265 -2.8583 0.2063
Pedestrian -1 -1 -0.2996 878.9907 166.5996 917.6026 237.5442 1.7332 0.8559 0.6695 7.1624 1.5808 18.0754 0.0714 0.2041
Pedestrian -1 -1 1.3090 1061.2305 156.6169 1127.5770 258.4176 1.7335 0.8242 0.6517 8.4698 1.4573 12.7209 1.8853 0.1775
Pedestrian -1 -1 2.3335 921.0645 167.2672 976.2726 248.8517 1.7062 0.8595 0.6636 7.2671 1.5898 15.6095 2.7614 0.1687
Pedestrian -1 -1 -0.9072 1107.0717 160.7834 1202.9382 291.9396 1.7384 0.8312 0.6680 7.5211 1.5788 10.0527 -0.2795 0.1588
Cyclist -1 -1 0.3138 244.2836 181.4703 260.2295 204.7972 1.7119 1.7562 0.5640 -27.0546 2.3743 54.5308 -0.1450 0.3278
Cyclist -1 -1 -0.5283 908.3177 166.0310 979.8561 248.8692 1.7114 1.8169 0.5702 7.2410 1.5708 15.8377 -0.1072 0.1877
Cyclist -1 -1 0.2638 233.3862 180.0962 249.7188 205.0609 1.7618 1.8191 0.6019 -26.7869 2.2979 52.4212 -0.2068 0.1780
Cyclist -1 -1 0.4937 18.0003 178.8060 58.9990 221.6425 1.7786 1.9145 0.5441 -24.7438 2.0447 31.2211 -0.1724 0.1682
Car -1 -1 1.8676 276.3070 186.5183 330.9605 217.9497 1.5412 1.6681 3.8467 -16.5689 2.3202 39.1130 1.4690 0.6146
Car -1 -1 3.1998 403.8728 180.2354 430.1915 202.2469 1.4840 3.5965 1.6197 -13.8626 2.0346 51.8578 2.9395 0.4585
Car -1 -1 1.5421 617.8531 164.7173 681.9402 192.9369 1.6119 3.6608 1.7310 2.2658 1.1475 42.1223 1.5951 0.2173
Car -1 -1 3.7125 0.0000 191.0665 104.7082 239.2767 1.4944 4.0017 1.6867 -20.3587 2.2032 25.9937 3.0529 0.2058
Car -1 -1 -0.0925 657.7549 175.6281 698.9003 208.5721 1.5454 3.9199 1.6801 3.3287 1.6923 36.1369 -0.0019 0.1812
Car -1 -1 -0.1561 347.1049 183.4108 373.1297 200.1104 1.4845 3.2892 1.8425 -23.7270 2.5133 68.4040 -0.4891 0.1689
