Pedestrian -1 -1 3.0406 330.9257 180.1187 351.1344 224.8232 1.7095 0.8315 0.6623 -10.5875 1.9998 28.2764 2.6850 0.5544
Pedestrian -1 -1 -2.0315 49.2109 177.5575 97.6409 255.0554 1.7188 0.6596 0.6749 -12.3189 1.8296 16.5020 -2.6652 0.2002
Pedestrian -1 -1 1.9520 1216.1238 152.3525 1242.0000 199.9446 1.8686 0.8180 0.6722 24.8515 1.0640 28.8445 2.6579 0.1830
Pedestrian -1 -1 -2.2144 1135.3263 197.0186 1242.0000 375.0000 1.5754 0.7864 0.7849 4.7371 1.7786 5.6526 -1.5434 0.1571
Pedestrian -1 -1 1.9172 0.0000 179.9248 44.9340 263.2056 1.6716 0.7799 0.6490 -12.3923 1.8231 14.9883 1.2350 0.1229
Pedestrian -1 -1 3.1315 145.1076 169.1283 171.7921 231.5100 1.7917 0.7666 0.6554 -13.3283 1.6850 21.2201 2.5761 0.1081
Pedestrian -1 -1 0.2308 81.5530 173.3124 119.8616 241.7840 1.7634 0.8036 0.6588 -13.5058 1.7762 19.0818 -0.3788 0.1018
Cyclist -1 -1 -1.4162 1192.4742 151.2686 1242.0000 199.1711 1.8695 1.9362 0.5676 24.7191 1.0274 29.0733 -0.7167 0.2543
Cyclist -1 -1 2.1515 875.2982 166.9014 901.1893 189.9535 1.8171 1.9233 0.5942 22.2649 1.3482 57.8260 2.5171 0.1771
Cyclist -1 -1 3.4398 295.4658 176.7265 322.6586 221.9043 1.7114 1.9303 0.4404 -11.9036 1.8699 28.4803 3.0468 0.1555
Cyclist -1 -1 -3.1138 753.1833 167.9940 769.1069 208.2780 1.7125 1.7620 0.6406 6.5884 1.5063 31.6013 -2.9106 0.1447
Cyclist -1 -1 3.5397 49.2298 177.5104 103.6897 253.1825 1.6515 1.6766 0.3860 -12.3755 1.7652 16.7101 2.9097 0.1434
Cyclist -1 -1 -3.5958 1142.5984 172.4413 1242.0000 375.0000 1.5708 1.5575 0.4361 4.9181 1.5682 5.8680 -2.9235 0.1311
Cyclist -1 -1 -0.0492 415.8739 174.9136 430.7915 206.4400 1.7123 1.7460 0.7201 -10.4565 1.8303 40.2500 -0.3022 0.1194
Cyclist -1 -1 2.6606 707.3063 173.6800 725.8038 196.7988 1.7333 1.7866 0.6406 8.1036 1.7979 55.1119 2.8054 0.1135
Cyclist -1 -1 -0.6056 920.0135 172.7546 946.9701 201.1140 1.6866 1.7503 0.5993 19.6012 1.6810 43.8245 -0.1879 0.1021
Car -1 -1 -1.5773 596.8285 178.4303 661.6120 241.1563 1.5546 1.6368 3.7996 0.4657 1.7254 20.1325 -1.5554 0.7122
Car -1 -1 -0.8758 1060.0515 167.9377 1174.9989 203.5277 1.5658 4.2572 1.8002 23.7571 1.3498 34.0328 -0.2707 0.1511
Car -1 -1 -0.0765 701.7899 174.5084 729.5296 197.2191 1.5496 3.9050 1.6549 7.4787 1.6727 51.5250 0.0665 0.1365
Car -1 -1 -2.3111 1104.7064 179.6354 1242.0000 370.6242 1.5351 1.6998 3.9871 7.5997 1.6289 7.9359 -1.5664 0.1336
Car -1 -1 -3.2122 756.5779 163.1439 803.3208 202.5603 1.6710 4.2664 1.7480 7.6206 1.2597 32.8286 -2.9864 0.1290
Car -1 -1 3.2720 494.9982 180.2203 522.8752 201.7120 1.6197 4.0418 1.7010 -8.0806 2.2308 57.7925 3.1333 0.1059
