Cyclist -1 -1 3.0281 516.5203 175.6796 538.1667 221.9353 1.7379 1.8374 0.6327 -3.2848 1.8525 28.1920 2.9126 0.6314
Car -1 -1 1.4719 634.4954 178.3478 676.8274 212.5959 1.5279 1.6523 3.7815 2.1046 1.8073 34.7246 1.5313 0.6965
Car -1 -1 -0.5176 862.9204 186.9957 1161.5142 292.3160 1.5002 1.5616 3.8489 6.1269 1.7396 11.3484 -0.0343 0.6772
Car -1 -1 -2.5159 4.3273 184.0936 319.9279 299.2799 1.5417 1.5669 3.8342 -6.6145 1.7248 10.7845 -3.0555 0.6659
Car -1 -1 -0.4099 773.6504 183.4820 966.3459 254.6024 1.5143 1.5343 3.8689 5.8320 1.7719 16.5481 -0.0775 0.6432
Car -1 -1 -0.4249 739.3708 183.5642 901.3224 244.5181 1.5118 1.5744 3.8632 5.5354 1.8151 19.3376 -0.1510 0.6015
Car -1 -1 0.3588 170.2535 181.7535 384.7126 261.5777 1.5611 1.7095 3.7671 -6.9559 1.7621 15.2942 -0.0620 0.5813
Car -1 -1 -1.3507 390.7691 182.0619 493.7844 220.6924 1.4835 3.7422 1.7548 -6.7249 1.8656 29.0193 -1.5769 0.5495
Car -1 -1 -3.7338 942.6831 184.1516 1242.0000 328.5405 1.5234 1.5327 3.8135 6.1410 1.6698 8.5287 -3.1269 0.5221
Car -1 -1 -0.5110 834.1360 177.6270 1068.5515 264.1760 1.5502 1.5719 3.8348 6.4607 1.6493 13.9744 -0.0867 0.5159
Car -1 -1 -0.3554 728.0325 172.1970 868.2838 234.5439 1.7930 1.5735 3.7750 5.5658 1.7745 21.7346 -0.1087 0.5147
Car -1 -1 -1.2670 230.6042 161.0780 410.6972 244.6592 1.9320 3.7141 1.8789 -7.0317 1.6602 17.7411 -1.6398 0.5097
Car -1 -1 -2.4875 0.0000 186.8546 250.6183 341.5719 1.5380 1.6857 3.7154 -6.4053 1.7136 8.1765 -3.1365 0.4992
