Pedestrian -1 -1 3.0071 211.9872 177.9184 230.3193 212.0587 1.8341 0.8533 0.7774 -21.3281 2.1158 39.5042 2.5146 0.2201
Pedestrian -1 -1 2.8186 293.4476 178.0389 307.1687 204.6823 1.8304 0.5663 0.7360 -21.5772 2.1949 50.2019 2.4143 0.2094
Pedestrian -1 -1 -0.4037 936.5164 167.3821 962.6138 214.9515 1.7621 0.7138 0.6562 12.7011 1.5598 27.0917 0.0300 0.1957
Pedestrian -1 -1 3.0936 147.6380 176.6475 165.8593 213.0979 1.8521 0.7934 0.7624 -23.4809 2.0515 37.3157 2.5350 0.1682
Cyclist -1 -1 0.1746 202.1732 177.9512 225.5027 209.9447 1.6860 1.9044 0.7945 -21.6409 1.9718 39.3773 -0.3253 0.2399
Cyclist -1 -1 -3.0846 632.6534 179.5613 641.6723 203.2270 1.6858 1.8440 0.5594 1.9686 2.1864 52.8739 -3.0481 0.2248
Cyclist -1 -1 -0.1648 182.7133 177.3961 207.4841 209.6374 1.6462 1.8014 0.8520 -21.9409 1.8924 38.0774 -0.6847 0.2035
Cyclist -1 -1 3.4626 289.5048 177.2009 308.2029 202.9145 1.7395 1.8449 0.6412 -21.6123 2.0473 50.0760 3.0569 0.1656
Car -1 -1 -1.5869 574.2421 175.0850 613.8984 213.0130 1.5452 1.6299 3.8276 -0.7740 1.6491 31.5665 -1.6118 0.6413
Car -1 -1 3.6324 22.0107 175.0340 123.0992 218.7004 1.5639 3.5886 1.6239 -20.7086 1.6543 27.9196 2.9987 0.5770
Car -1 -1 -0.4304 667.1561 177.7391 708.1676 198.8642 1.5301 3.8167 1.6775 5.8820 1.9189 55.2945 -0.3254 0.3225
Car -1 -1 -2.7763 320.4124 177.0372 359.8945 197.7207 1.5946 3.8486 1.7265 -21.7902 1.9444 58.3371 -3.1326 0.2289
Car -1 -1 2.4268 662.2725 179.9672 716.8296 203.6308 1.5113 3.7613 1.6339 5.3650 2.0175 49.2975 2.5340 0.2159
Car -1 -1 2.7532 429.5433 181.4060 468.4610 201.8226 1.5277 3.8526 1.7084 -12.9490 2.2375 57.7880 2.5334 0.1854
Car -1 -1 -0.3100 729.8086 180.9389 768.9604 202.7101 1.5204 4.0959 1.7024 10.3737 2.1510 54.1075 -0.1221 0.1701
