Pedestrian -1 -1 -0.7931 893.6915 161.5251 916.0093 201.2838 1.8136 0.7775 0.5714 13.5988 1.2972 33.3810 -0.4097 0.2705
Pedestrian -1 -1 -1.0947 813.1412 165.4919 829.3950 194.3440 1.7922 0.8160 0.5550 13.2314 1.3352 45.2990 -0.8126 0.2324
Pedestrian -1 -1 -0.7764 1080.3085 168.7536 1119.0140 221.3301 1.7809 0.8618 0.7028 16.8632 1.6423 24.9259 -0.1876 0.2227
Pedestrian -1 -1 -2.0425 202.2943 179.9533 213.9937 200.3725 1.7072 0.6769 0.5778 -34.0362 2.3128 61.0710 -2.5493 0.2047
Cyclist -1 -1 -3.3849 824.0596 175.6524 837.8107 196.7196 1.7567 1.9348 0.6677 18.7721 1.9990 61.4073 -3.0900 0.3181
Cyclist -1 -1 -3.5895 947.2145 168.7729 981.0995 211.9905 1.7815 1.7850 0.5653 14.9750 1.6136 30.6330 -3.1391 0.2076
Cyclist -1 -1 -0.3353 770.6375 176.3940 785.5987 197.6642 1.7676 1.8909 0.6468 14.2419 2.0733 61.2578 -0.1083 0.1938
Car -1 -1 3.2768 350.9600 179.6824 380.9457 201.9513 1.6320 4.0636 1.6834 -19.0412 2.1860 56.3506 2.9520 0.5257
Car -1 -1 3.3705 244.2092 184.7040 309.0092 224.1744 1.5378 3.8865 1.7136 -14.4713 2.0885 31.4302 2.9418 0.4903
Car -1 -1 3.0035 587.9839 179.3798 615.5753 199.9535 1.5387 3.6895 1.6865 -0.7085 2.0736 57.1479 2.9907 0.4475
Car -1 -1 0.1063 398.9060 182.1172 426.0793 203.1214 1.5070 3.6714 1.6315 -15.1604 2.2438 55.4200 -0.1598 0.2789
Car -1 -1 0.3185 298.9360 177.8419 346.3874 204.3913 1.6008 4.0075 1.6533 -18.4115 1.9355 46.3205 -0.0582 0.2680
Car -1 -1 -0.2944 731.2854 181.9769 761.6446 199.3684 1.4820 3.7928 1.6720 12.3369 2.3359 65.5311 -0.1096 0.1832
Car -1 -1 3.1194 538.6000 183.2969 568.5684 209.9558 1.4482 3.9327 1.6778 -3.4219 2.0981 42.8340 3.0396 0.1796
