Pedestrian -1 -1 0.0409 155.3587 170.3349 182.9328 230.8462 1.7994 0.7938 0.6821 -13.4593 1.7249 21.9659 -0.5037 0.7409
Pedestrian -1 -1 -0.3161 798.0757 168.2176 837.5763 238.4563 1.7601 0.8467 0.7429 5.2747 1.6443 18.5173 -0.0436 0.6366
Pedestrian -1 -1 2.0001 15.5910 160.2836 121.5724 294.0818 1.8571 1.0204 0.7219 -7.8772 1.6829 10.4686 1.3670 0.5503
Pedestrian -1 -1 2.9789 465.4600 175.4395 482.8095 212.9755 1.7745 0.8019 0.6982 -6.5710 1.9009 34.6718 2.7925 0.5396
Pedestrian -1 -1 -1.1369 500.0135 173.0151 516.5508 200.0447 1.8062 0.9252 0.6306 -6.8876 1.8176 48.6545 -1.2772 0.4063
Pedestrian -1 -1 -1.1168 731.3517 170.2596 752.5327 209.5804 1.7814 0.7300 0.6914 6.0292 1.6642 33.1798 -0.9392 0.3635
Pedestrian -1 -1 -1.3079 437.4461 171.5280 451.0452 201.1161 1.7130 0.6308 0.6328 -9.7027 1.6366 42.0977 -1.5334 0.3623
Pedestrian -1 -1 2.7376 509.3174 171.7764 524.8886 201.4352 1.8375 0.8749 0.6789 -5.8606 1.7711 45.2494 2.6092 0.3552
Pedestrian -1 -1 2.2149 780.7708 171.8818 805.8251 212.4409 1.7121 0.7942 0.6790 7.8277 1.6714 30.9778 2.4596 0.3147
Pedestrian -1 -1 0.8173 748.0761 170.0918 768.5046 201.8204 1.7927 1.0755 0.5280 8.4488 1.6369 41.2711 1.0173 0.2845
Pedestrian -1 -1 -1.8451 665.8651 170.5623 679.4326 195.0751 1.8300 0.8675 0.6677 4.6836 1.6593 54.2734 -1.7598 0.2484
Pedestrian -1 -1 -1.7835 561.4622 173.8943 571.8848 193.7324 1.8111 0.8293 0.6904 -4.0059 1.9078 66.3613 -1.8440 0.2200
Pedestrian -1 -1 -2.3870 550.1530 175.1327 562.7816 197.8652 1.7952 0.8040 0.6241 -4.2965 1.9790 57.5880 -2.4615 0.2121
Pedestrian -1 -1 0.2427 379.6902 160.3619 406.2972 216.0054 1.8575 0.7918 0.6950 -7.4055 1.4409 24.4964 -0.0482 0.2036
Pedestrian -1 -1 -1.8087 849.8048 165.6680 866.4573 201.1177 1.7486 0.6396 0.6824 12.3237 1.3945 35.9558 -1.4814 0.2007
Pedestrian -1 -1 -0.3548 374.5196 179.4119 386.0043 201.5325 1.7193 0.6568 0.6760 -18.1189 2.2404 56.8229 -0.6624 0.1882
Cyclist -1 -1 -0.1549 675.3734 174.2816 688.4267 200.5007 1.7624 1.8473 0.6100 4.8991 1.8627 49.5402 -0.0573 0.5518
Cyclist -1 -1 2.7160 664.0001 172.0109 680.0143 195.3763 1.7280 1.7092 0.5395 4.6282 1.6660 54.2556 2.8003 0.5083
Cyclist -1 -1 3.1883 466.0040 177.0752 480.7018 214.7759 1.7551 1.7912 0.6131 -6.6062 1.9641 34.7261 3.0012 0.4866
Cyclist -1 -1 -0.4382 860.2432 163.4039 917.6358 236.5328 1.7961 1.9642 0.5959 7.1520 1.5643 18.7209 -0.0792 0.4148
Cyclist -1 -1 -0.5963 702.5322 176.2904 731.4172 210.1157 1.7200 1.7851 0.5930 5.5557 1.9049 37.8093 -0.4521 0.3833
Cyclist -1 -1 2.7943 507.3174 174.3721 525.6538 203.5211 1.7921 1.7279 0.5886 -5.9185 1.8897 45.3534 2.6649 0.3204
Cyclist -1 -1 3.0574 561.7306 175.3315 570.1171 194.8279 1.7623 1.8663 0.6140 -4.0826 1.9941 66.4313 2.9959 0.3133
Cyclist -1 -1 0.2358 482.1560 180.5291 496.6117 205.7659 1.6517 1.6944 0.5818 -8.1485 2.1783 48.6111 0.0702 0.2877
Cyclist -1 -1 3.1258 385.0728 162.0209 400.5535 217.2951 1.8199 1.7370 0.4793 -7.4746 1.4635 24.6536 2.8340 0.2767
Cyclist -1 -1 3.0664 438.4572 174.7575 450.3320 205.5195 1.7549 1.7371 0.5469 -9.7223 1.8689 42.1817 2.8409 0.2625
Cyclist -1 -1 2.4666 841.5292 168.7153 873.6558 203.0451 1.6660 1.7098 0.5626 12.2707 1.4655 35.9132 2.7930 0.2500
Cyclist -1 -1 2.9757 501.8849 174.3008 514.1083 200.2051 1.7180 1.5938 0.5616 -6.9334 1.8179 48.7888 2.8349 0.2224
Cyclist -1 -1 -0.8007 809.9550 165.5468 883.0394 235.5114 1.6659 1.8672 0.5690 5.8611 1.4922 18.1340 -0.4935 0.2163
Cyclist -1 -1 2.9856 549.8286 177.0893 560.8233 198.8265 1.7011 1.7221 0.6152 -4.4047 2.0456 57.7249 2.9094 0.2143
Cyclist -1 -1 -0.4331 730.4454 165.8484 758.6841 205.6636 1.7881 1.7380 0.6025 6.1597 1.4738 33.3181 -0.2523 0.2066
Cyclist -1 -1 -0.0378 431.5988 180.3430 441.4076 205.9443 1.6688 1.6754 0.5766 -11.6815 2.1810 48.4318 -0.2737 0.1910
Cyclist -1 -1 -0.2715 677.2455 165.2129 696.5256 198.6748 1.8210 1.8523 0.5889 4.2398 1.4055 40.2250 -0.1676 0.1889
Car -1 -1 0.4578 265.4136 178.4065 312.3531 201.0085 1.5897 3.7501 1.6997 -23.8193 2.0172 53.5918 0.0411 0.2219
