Pedestrian -1 -1 0.8236 1100.9139 171.7922 1147.2380 238.1535 1.6962 0.7699 0.6162 13.3389 1.6695 18.7985 1.4328 0.4628
Pedestrian -1 -1 0.4210 1114.8140 189.3086 1168.2714 263.6284 1.6882 0.8678 0.7391 12.5921 2.0922 17.1624 1.0449 0.2418
Pedestrian -1 -1 -2.2762 849.1686 190.8878 867.9846 223.6486 1.7658 0.6695 0.7286 13.6944 2.7740 39.8588 -1.9484 0.2120
Pedestrian -1 -1 0.7989 719.6539 185.9877 748.3113 233.1157 1.7538 0.7963 0.7351 4.7109 2.2675 27.6718 0.9649 0.2115
Pedestrian -1 -1 2.4155 391.4759 178.5604 401.9171 197.7996 1.7186 0.6871 0.5991 -19.2794 2.2377 65.1472 2.1286 0.2056
Pedestrian -1 -1 -2.1580 647.9516 171.6036 660.1138 195.6494 1.7083 0.5957 0.6741 3.1257 1.6198 51.6997 -2.0983 0.1958
Pedestrian -1 -1 2.8168 754.2311 158.4066 781.4531 212.9529 1.8418 0.7890 0.6955 5.3728 1.3543 24.7923 3.0273 0.1911
Pedestrian -1 -1 2.2199 605.7464 171.8039 618.1172 194.0389 1.8534 0.7641 0.7138 0.1401 1.7662 60.6566 2.2218 0.1887
Cyclist -1 -1 -0.1068 482.6596 175.5697 499.2104 207.5114 1.7727 1.9814 0.7252 -6.8553 1.9323 41.2710 -0.2708 0.5086
Cyclist -1 -1 -1.4904 593.8583 170.6798 615.8527 192.3207 1.8093 1.8086 0.5938 -0.4520 1.6279 60.6852 -1.4981 0.3875
Cyclist -1 -1 -0.8156 1141.1031 191.6207 1242.0000 316.3840 1.6233 1.5256 0.3804 8.4423 1.9147 10.4035 -0.1487 0.3519
Cyclist -1 -1 -2.4527 740.9288 160.2306 797.8737 215.5091 1.7618 1.8323 0.8835 5.2458 1.3598 23.9078 -2.2398 0.3441
Cyclist -1 -1 0.2965 47.2108 173.0418 78.0805 212.3604 1.7812 1.8433 0.6325 -25.5608 1.7906 33.6678 -0.3492 0.2435
Cyclist -1 -1 -0.0093 209.3153 178.0166 220.7138 206.5553 1.7827 1.8683 0.6277 -25.4319 2.1219 46.3878 -0.5086 0.2342
Cyclist -1 -1 -0.3235 721.2446 186.2902 746.5225 232.5974 1.6988 1.6212 0.4609 4.7154 2.2322 27.7890 -0.1580 0.2318
Cyclist -1 -1 3.3048 292.0493 175.4094 305.4736 200.8338 1.7510 1.7550 0.5894 -21.9341 1.9346 50.7997 2.8989 0.2117
Cyclist -1 -1 -1.5126 552.2896 175.4091 577.0681 200.6148 1.8379 1.7834 0.6295 -3.3507 2.0270 52.9926 -1.5759 0.2091
Cyclist -1 -1 -0.4914 912.9160 174.5379 937.9094 203.1345 1.7521 1.7954 0.6612 19.7288 1.8602 45.2369 -0.0830 0.1987
Car -1 -1 0.7208 0.0000 185.0468 269.2397 336.3941 1.5054 3.3361 1.8518 -6.2833 1.6920 9.2393 0.1366 0.6571
Car -1 -1 -1.5103 498.8860 179.4409 551.6193 226.6342 1.5551 1.6757 3.8441 -3.0598 1.8134 26.2868 -1.6257 0.6124
Car -1 -1 0.1478 496.9755 176.5522 531.0586 201.5176 1.5464 3.7043 1.6792 -6.2546 1.7978 47.1082 0.0161 0.3152
Car -1 -1 3.2277 294.1832 187.2214 328.6685 212.9321 1.4930 3.7007 1.7229 -19.0943 2.4533 46.1811 2.8374 0.2588
Car -1 -1 1.4220 553.5186 180.2752 601.9706 201.0477 1.4872 3.3825 1.6995 -2.4424 2.0513 53.6464 1.3762 0.2524
