Pedestrian -1 -1 2.8657 517.4825 169.3251 531.7003 202.8716 1.8155 0.7294 0.5962 -4.7136 1.6249 39.4980 2.7473 0.3112
Pedestrian -1 -1 1.7406 510.1906 166.4982 529.1695 204.6432 1.8872 0.8454 0.6386 -4.5448 1.5731 36.0337 1.6156 0.2840
Pedestrian -1 -1 0.1759 477.3566 170.4696 504.9467 235.3982 1.7653 0.6930 0.6428 -3.3300 1.7008 19.9646 0.0120 0.2614
Pedestrian -1 -1 -0.3491 638.0349 174.4932 652.5730 204.0654 1.7672 0.7388 0.6641 2.0984 1.8676 43.6160 -0.3019 0.1673
Pedestrian -1 -1 3.3178 363.9278 163.9480 417.1638 276.8336 1.8077 0.9246 0.6981 -3.7004 1.6655 12.0516 3.0252 0.1634
Pedestrian -1 -1 3.0367 466.0857 160.1433 503.1693 248.9232 1.7884 0.7472 0.6831 -2.6617 1.5327 14.9847 2.8631 0.1627
Pedestrian -1 -1 3.1784 341.4122 157.0714 398.6103 301.6809 1.7363 0.8578 0.6553 -3.0830 1.5471 9.1632 2.8616 0.1511
Pedestrian -1 -1 1.6427 370.0035 156.9282 425.8399 277.6449 1.7812 0.7714 0.7263 -3.2937 1.5466 11.0799 1.3594 0.1409
Pedestrian -1 -1 0.5707 135.8364 147.5465 318.8900 375.0000 1.7436 0.7727 0.6646 -2.3365 1.6050 4.3791 0.1040 0.1250
Cyclist -1 -1 3.4030 351.9371 162.8480 418.9774 279.3384 1.7923 1.8641 0.6004 -3.7567 1.6387 12.0408 3.1060 0.3281
Cyclist -1 -1 -0.1873 516.8328 171.6665 535.5083 204.6604 1.7697 1.7531 0.7029 -4.6509 1.7064 39.6404 -0.3038 0.1987
Cyclist -1 -1 -1.3850 524.4919 183.4539 556.3796 214.5126 1.8782 1.8587 0.6714 -4.3015 2.5359 44.3313 -1.4818 0.1543
Cyclist -1 -1 -2.7733 302.3236 154.6871 404.2749 299.5533 1.7163 1.8284 0.6335 -3.3606 1.5014 9.4705 -3.1064 0.1408
Cyclist -1 -1 -1.2941 456.8575 161.6504 523.2025 221.7404 1.7365 1.7912 0.7789 -3.5816 1.4131 21.3360 -1.4590 0.1315
Car -1 -1 -0.0608 529.0203 180.4940 557.8616 206.3198 1.5387 3.6904 1.6060 -4.3170 2.0476 46.0839 -0.1542 0.4245
Car -1 -1 -0.7619 0.0000 147.1524 404.8386 375.0000 1.7449 3.6038 1.6991 -3.8181 1.5780 5.9780 -1.3109 0.2043
Car -1 -1 -1.5399 560.7934 186.0617 608.9136 207.4375 1.5360 3.5332 1.8153 -1.8777 2.5396 53.8902 -1.5751 0.1519
Car -1 -1 3.1029 510.0361 175.7554 535.6222 199.3072 1.5814 3.7347 1.6434 -6.2096 1.7944 50.9064 2.9817 0.1400
Car -1 -1 2.7551 470.8590 181.6572 535.0432 217.0495 1.5351 3.8532 1.6940 -5.2006 1.9810 34.4222 2.6057 0.1395
Car -1 -1 1.8758 417.6364 176.8067 523.9944 220.2340 1.5902 3.6703 1.6697 -5.3315 1.7477 27.6488 1.6866 0.1264
