Pedestrian -1 -1 1.2574 805.8766 139.3114 934.8938 325.9573 1.8606 1.1333 0.5503 2.7135 1.4414 7.4442 1.5900 0.5963
Pedestrian -1 -1 3.1795 379.9883 182.0257 398.4304 223.8666 1.6722 0.6854 0.6953 -8.6206 1.6949 29.1358 2.8890 0.3190
Pedestrian -1 -1 2.6589 667.3684 175.9563 689.4713 218.4967 1.7678 0.5453 0.7576 3.2240 1.5384 30.2430 2.7590 0.3137
Pedestrian -1 -1 1.1118 922.2045 153.2266 1067.4425 354.9810 1.7975 1.0264 0.6009 3.5914 1.5470 6.7032 1.5817 0.3121
Cyclist -1 -1 3.4556 194.8095 191.3483 232.5779 262.6493 1.5117 1.5174 0.2976 -8.7690 1.7458 16.2137 2.9610 0.2611
Cyclist -1 -1 -0.3430 631.3057 166.4851 651.4675 195.3736 1.7894 1.9066 0.6617 2.5257 0.8601 45.4996 -0.2928 0.2499
Cyclist -1 -1 -0.2854 762.4590 171.7149 778.0167 195.7485 1.7406 1.7993 0.6232 12.4485 1.0325 52.9383 -0.0605 0.2477
Car -1 -1 -0.0989 175.3652 177.2407 341.9719 236.7343 1.5924 1.7435 4.2613 -10.0445 1.4796 21.0735 -0.5441 0.6017
Car -1 -1 -0.8853 455.4187 175.3652 554.8125 219.6797 1.5507 1.6565 3.8826 -3.5861 1.3371 27.2217 -1.0202 0.5827
Car -1 -1 -0.2398 321.0280 180.0368 373.8482 211.0605 1.5599 3.9896 1.7374 -13.5763 1.4872 38.2581 -0.5837 0.5399
Car -1 -1 -0.0980 553.9457 174.6823 579.5099 194.8466 1.5356 3.5931 1.6472 -2.7416 1.0170 56.6015 -0.1511 0.3545
Car -1 -1 -0.5297 564.1948 179.1578 614.5505 202.7135 1.5248 3.8635 1.6635 -0.8472 1.3739 48.5785 -0.5521 0.3518
Car -1 -1 -1.1934 391.2831 174.2281 443.9245 194.3875 1.6738 3.9507 1.7439 -15.4956 1.0705 60.7488 -1.4471 0.3453
Car -1 -1 -1.5178 7.8654 176.3797 117.3507 213.7536 1.5857 3.8500 1.7620 -24.0884 1.3694 32.2768 -2.1601 0.3314
Car -1 -1 -1.6184 217.6659 165.2841 296.8968 197.6682 1.7946 4.0501 1.7998 -19.9024 0.8968 41.5603 -2.0674 0.2710
