Pedestrian -1 -1 2.2266 1075.2712 118.0303 1233.6620 361.5304 1.7842 0.7373 0.6983 4.2500 1.3829 5.7402 2.8391 0.3827
Cyclist -1 -1 -0.3957 705.6981 176.8225 721.2615 197.6201 1.7140 1.7926 0.6540 8.6854 2.0539 60.7755 -0.2549 0.3248
Cyclist -1 -1 -0.1641 829.4122 208.1888 907.5251 375.0000 1.6377 1.5656 0.3989 2.3325 2.0099 6.7855 0.1515 0.2703
Cyclist -1 -1 3.1380 529.7650 178.6884 539.6364 205.7546 1.7131 1.8032 0.6274 -4.9402 2.1010 46.9971 3.0334 0.2644
Car -1 -1 -2.0933 827.9365 184.5030 1242.0000 375.0000 1.5417 1.6666 3.9494 3.0486 1.6611 5.3680 -1.6014 0.8356
Car -1 -1 -1.8369 772.4890 163.8170 979.1511 302.6838 1.5704 1.6411 3.8284 3.3918 1.4686 10.1082 -1.5229 0.6951
Car -1 -1 1.7245 483.9098 183.8370 576.9865 252.8822 1.5088 1.7680 3.8959 -1.9533 1.8193 18.3855 1.6193 0.6456
Car -1 -1 0.1219 584.2442 177.5109 609.9255 197.0560 1.5712 4.2327 1.6801 -1.0827 1.9810 61.2373 0.1039 0.4908
Car -1 -1 -1.7112 737.3771 178.3628 800.3137 226.2627 1.5477 1.6413 3.8362 5.5359 1.7596 25.7341 -1.5024 0.4382
Car -1 -1 -0.1633 682.9177 177.3691 717.3282 201.4335 1.5346 3.7401 1.7045 6.0006 1.8512 48.6299 -0.0418 0.4331
Car -1 -1 -1.6708 741.9796 162.6904 838.6805 244.9151 1.5758 1.6332 3.6760 3.7583 1.3813 15.7529 -1.4415 0.4225
Car -1 -1 -1.7539 729.2208 176.5117 777.6399 209.7755 1.5311 1.6430 3.8848 6.9713 1.7218 35.5875 -1.5626 0.3625
