Pedestrian -1 -1 1.1491 776.0853 180.8800 804.7673 223.6620 1.6737 0.9026 0.6987 7.1572 1.9993 28.8094 1.3895 0.2909
Cyclist -1 -1 -1.0495 919.4193 161.2105 1006.5615 235.3490 1.6931 1.7756 0.6924 8.4333 1.4275 17.4020 -0.6054 0.4205
Cyclist -1 -1 -0.5145 624.5349 178.3971 640.0009 196.8985 1.6969 1.7927 0.6502 2.0636 2.2245 67.6853 -0.4846 0.3468
Cyclist -1 -1 2.9931 554.8426 177.4852 565.3609 199.2064 1.7107 1.7931 0.5849 -4.0526 2.0904 58.1613 2.9234 0.2682
Cyclist -1 -1 -1.2350 1129.1777 158.3180 1225.1588 230.4845 1.7640 1.7928 0.7687 14.5339 1.4090 18.5942 -0.5796 0.2462
Cyclist -1 -1 3.1853 388.3757 186.6971 400.3336 226.8879 1.6342 1.6271 0.4173 -9.2264 2.2408 30.7541 2.8957 0.2449
Cyclist -1 -1 -0.2433 775.3022 179.4879 801.0193 222.3573 1.6638 1.7868 0.5876 7.1459 1.9406 29.1724 -0.0061 0.2398
Car -1 -1 -1.5524 574.0126 180.0644 631.6974 234.2568 1.5012 1.6387 3.7611 -0.2371 1.7440 22.3728 -1.5637 0.6803
Car -1 -1 3.1167 383.8555 182.5290 419.4795 214.2109 1.5458 4.0855 1.7340 -11.2703 2.0956 38.7612 2.8352 0.5394
Car -1 -1 -1.5171 358.7337 177.8030 400.2375 197.7728 1.5991 3.1726 2.1272 -19.1239 2.0203 59.9132 -1.8251 0.3530
Car -1 -1 2.6847 536.5602 181.9406 577.6117 203.1772 1.5717 3.7989 1.7479 -4.2580 2.3193 57.2566 2.6104 0.3466
Car -1 -1 -3.3237 811.1592 175.2121 859.7191 206.2536 1.5299 3.8611 1.7429 11.7323 1.6606 37.8825 -3.0260 0.2960
Car -1 -1 3.3605 333.3811 183.1967 399.0574 226.4215 1.6032 4.0730 1.7227 -10.0433 2.0623 29.8849 3.0385 0.2800
Car -1 -1 1.9606 231.5989 170.0374 311.9034 203.3752 1.8462 3.7266 1.7857 -19.1705 1.6906 40.9325 1.5249 0.2594
Car -1 -1 -0.3562 553.8465 182.0129 584.0063 198.6246 1.4859 3.3402 1.8045 -3.9429 2.3801 68.5178 -0.4139 0.2315
