Pedestrian -1 -1 3.3574 398.5391 172.7145 444.1935 266.9229 1.6908 0.7736 0.6667 -3.5291 1.6887 13.3468 3.1029 0.6906
Pedestrian -1 -1 0.9195 1139.3688 161.5921 1242.0000 330.1191 1.6752 0.8013 0.7718 6.1767 1.5636 7.5611 1.5848 0.2890
Pedestrian -1 -1 0.7754 664.5219 169.1665 678.0055 188.7440 1.7961 1.1621 0.6036 5.6545 1.4582 66.8016 0.8592 0.2622
Pedestrian -1 -1 2.1739 1095.1296 142.3874 1154.1810 232.0583 1.8695 0.7906 0.6786 11.0182 1.2347 15.5296 2.7817 0.2621
Pedestrian -1 -1 1.3318 383.5859 187.3593 420.5172 246.0471 1.6727 0.8926 0.7842 -6.2187 2.1147 21.4020 1.0516 0.2598
Pedestrian -1 -1 3.2912 460.4679 161.4268 478.2094 206.6650 1.8751 0.6909 0.6349 -5.9372 1.4018 30.2630 3.0987 0.2596
Pedestrian -1 -1 1.8424 1101.5223 162.5191 1170.4479 265.2514 1.7326 0.8361 0.6768 9.2056 1.5587 12.7040 2.4579 0.2530
Pedestrian -1 -1 2.8703 504.4388 167.5322 529.9887 220.0453 1.8270 0.8671 0.6923 -3.3458 1.6422 25.6351 2.7412 0.2529
Pedestrian -1 -1 1.7566 814.4230 170.3289 830.5443 202.7009 1.7689 0.7401 0.7032 11.7184 1.6313 39.9046 2.0398 0.2497
Pedestrian -1 -1 0.1061 245.5786 137.6643 300.2156 274.7288 1.7866 0.7996 0.5920 -4.6510 1.3282 9.8754 -0.3242 0.2241
Cyclist -1 -1 -0.0573 687.2857 165.9819 715.1711 240.0315 1.8199 1.9270 0.5951 2.2986 1.6513 18.7102 0.0622 0.5911
Cyclist -1 -1 -0.2971 717.2318 171.8171 733.1805 197.1209 1.7556 1.7904 0.6116 8.1034 1.6840 50.9872 -0.1408 0.4779
Cyclist -1 -1 -0.1727 562.7487 177.1907 576.4675 204.3452 1.7027 1.8815 0.5657 -2.6448 1.9887 46.5356 -0.2297 0.4762
Cyclist -1 -1 0.1716 453.4642 175.2034 483.8329 223.9642 1.7443 1.7956 0.8129 -5.2757 1.8349 26.8026 -0.0214 0.4071
Cyclist -1 -1 -1.5446 719.2682 154.0573 770.1810 204.4532 1.7670 1.7676 0.6225 4.7709 1.1083 25.7825 -1.3641 0.3895
Cyclist -1 -1 -0.4689 663.1314 169.9212 678.3668 189.7673 1.8134 1.8883 0.6190 5.6074 1.5458 66.9182 -0.3860 0.3205
Cyclist -1 -1 1.8729 349.6057 184.4948 428.9689 243.9793 1.7223 2.0613 1.0266 -6.6308 2.0798 21.6127 1.5780 0.3070
Cyclist -1 -1 -3.4267 842.0571 157.9504 948.0060 325.5145 1.7986 1.8935 0.6417 3.3156 1.6390 8.7082 -3.0753 0.2983
Cyclist -1 -1 -0.3677 716.3833 167.2735 742.8103 198.1686 1.7436 1.7956 0.9180 6.8621 1.4290 41.6913 -0.2061 0.2938
Cyclist -1 -1 1.4642 823.4116 169.9781 883.0125 219.3812 1.6995 1.9023 0.9073 8.5126 1.6009 25.4619 1.7828 0.2794
Cyclist -1 -1 -0.2064 542.5269 169.0643 565.6317 206.8410 1.7728 1.7153 0.7728 -2.7466 1.5954 34.7904 -0.2851 0.2741
Cyclist -1 -1 -1.1721 1075.1322 159.5695 1242.0000 338.8368 1.6988 1.7010 0.6602 6.0138 1.5733 7.7355 -0.5303 0.2609
Cyclist -1 -1 3.2845 309.6653 162.8473 367.6764 293.5252 1.7905 1.8370 0.5505 -4.0919 1.6537 10.8392 2.9308 0.2530
Cyclist -1 -1 -0.3609 740.9102 150.1430 791.6016 222.0197 1.7731 1.7605 0.6972 3.9776 1.2132 18.7204 -0.1553 0.2465
Cyclist -1 -1 2.5051 763.5565 176.6051 785.2949 200.7968 1.6795 1.6971 0.6145 11.6455 1.9511 51.2685 2.7268 0.2395
Cyclist -1 -1 1.9785 802.9166 171.1879 837.6351 201.9718 1.6699 1.7624 0.5679 11.5899 1.5799 39.9163 2.2587 0.2250
Cyclist -1 -1 -0.5151 750.6113 163.9573 821.0988 252.2388 1.7570 1.7768 0.6474 3.6423 1.5803 15.3015 -0.2867 0.2201
Cyclist -1 -1 2.4030 1081.0448 157.0145 1204.3429 266.4706 1.7581 1.9026 0.5785 9.1494 1.5041 12.5660 3.0207 0.2196
Cyclist -1 -1 -0.3324 778.5518 154.6493 857.2274 272.4179 1.7887 1.8250 0.6630 3.3252 1.5126 11.8889 -0.0670 0.2071
Cyclist -1 -1 -0.7262 1009.2154 167.4778 1085.0969 237.6909 1.7037 1.8068 0.5999 11.0876 1.5736 18.4497 -0.1926 0.2021
Car -1 -1 -2.7499 358.0248 182.8980 449.7036 236.2056 1.5287 3.5721 1.5877 -6.5848 1.8789 23.2600 -3.0234 0.3245
Car -1 -1 2.1431 931.9064 171.8199 1072.9094 221.2360 1.5498 3.9132 1.7619 13.2999 1.5177 24.7638 2.6306 0.2626
Car -1 -1 3.1679 222.4789 184.4289 352.0947 298.8926 1.5076 3.8680 1.6814 -5.3300 1.7349 12.0350 2.7585 0.2382
Car -1 -1 -0.7735 969.2252 183.2502 1242.0000 375.0000 1.4648 1.5480 3.7360 4.3918 1.5407 4.4153 -0.0242 0.2218
Car -1 -1 -3.1182 873.8187 172.4122 926.0580 219.3349 1.5386 4.2010 1.6104 10.3957 1.5244 25.9044 -2.7410 0.2060
