Pedestrian -1 -1 2.0569 0.0000 187.0762 103.9999 375.0000 1.6642 0.8149 0.6410 -3.9543 1.7645 4.6787 1.3826 0.2831
Pedestrian -1 -1 -1.2471 512.6724 172.6751 524.9938 198.3002 1.7243 0.6721 0.6034 -6.2082 1.7126 48.9105 -1.3731 0.1915
Cyclist -1 -1 -0.2987 788.4172 159.6139 844.7943 249.9697 1.8154 1.8516 0.6237 4.3326 1.5498 15.4294 -0.0307 0.2738
Cyclist -1 -1 3.2760 495.6703 173.3768 512.3534 211.6812 1.7498 1.8581 0.5332 -5.0107 1.7754 33.9155 3.1299 0.2721
Car -1 -1 -2.1248 877.4801 174.4038 1242.0000 375.0000 1.5663 1.5980 3.8241 3.0801 1.5804 4.4691 -1.5527 0.7065
Car -1 -1 3.3043 305.7933 173.1353 430.2958 272.4397 1.5991 3.5812 1.6146 -4.4221 1.6054 13.5169 2.9932 0.6057
Car -1 -1 1.6521 443.7562 175.6278 502.9145 223.8687 1.6169 1.8179 3.7732 -4.9598 1.7263 26.3788 1.4675 0.5463
Car -1 -1 3.3081 377.2542 168.4657 476.7876 246.1708 1.6978 4.1925 1.6963 -4.4443 1.6022 17.9150 3.0677 0.5182
Car -1 -1 3.1235 477.3427 172.7282 513.6197 206.1600 1.5440 3.7614 1.6624 -5.6785 1.5385 35.3176 2.9648 0.3802
Car -1 -1 1.3095 501.1604 177.7823 563.1777 202.1169 1.4767 3.5780 1.7892 -4.9875 1.8005 45.8637 1.2014 0.2706
Car -1 -1 1.5271 523.4014 176.6469 575.0716 197.7299 1.4954 3.6841 1.7871 -4.4894 1.7787 52.7015 1.4422 0.2388
Car -1 -1 1.7154 513.6119 172.1083 565.1132 192.7936 1.5940 3.8059 1.7557 -5.5351 1.5369 56.5649 1.6180 0.2113
Car -1 -1 -0.1835 622.6531 179.4396 667.1028 209.8581 1.4631 3.8511 1.6240 1.7252 1.8250 37.5950 -0.1386 0.2032
