Pedestrian -1 -1 -0.6560 869.9280 167.3345 894.1741 206.1411 1.8273 0.8536 0.7096 12.9592 1.5677 34.4842 -0.2998 0.3912
Pedestrian -1 -1 2.7759 82.2995 175.5098 103.5707 213.1735 1.7554 0.7472 0.5915 -24.5073 1.8831 34.1423 2.1568 0.2964
Cyclist -1 -1 -0.2731 753.4698 175.0367 769.7079 200.7736 1.7248 1.8886 0.5974 10.3555 1.8778 49.4781 -0.0684 0.3417
Cyclist -1 -1 -1.6346 638.8952 150.3485 735.3364 246.4378 1.8157 1.8169 0.6358 1.4198 1.3908 13.9801 -1.5364 0.2959
Cyclist -1 -1 -0.7310 843.2090 165.5515 875.5557 199.9685 1.7561 1.7965 0.5308 12.9928 1.3838 37.7427 -0.4022 0.2931
Car -1 -1 -1.9444 909.5286 176.8914 1074.7760 259.0533 1.5447 1.7597 4.1321 8.1333 1.6461 15.9104 -1.4800 0.7318
Car -1 -1 -3.0306 544.6543 177.1747 609.1342 230.0993 1.5102 3.7577 1.6295 -1.0122 1.6588 22.8295 -3.0751 0.6762
Car -1 -1 0.6766 288.8074 185.6407 463.6864 265.2383 1.5383 3.5381 2.0563 -5.2784 1.8689 16.6131 0.3729 0.6570
Car -1 -1 -1.9343 1032.4827 164.2959 1196.3076 245.9142 1.5560 1.6411 3.7644 10.7476 1.3932 15.7712 -1.3452 0.5705
Car -1 -1 3.5874 166.2060 177.6359 318.4569 253.7695 1.5700 3.8697 1.6699 -8.5419 1.6964 17.0662 3.1292 0.5300
Car -1 -1 -0.1667 715.6532 169.7874 766.0936 205.3929 1.5396 3.6468 1.6712 5.8874 1.4074 33.0271 0.0077 0.4291
Car -1 -1 -2.2731 1156.8671 173.2617 1242.0000 262.4298 1.5479 1.6731 3.9558 13.2715 1.5576 14.5406 -1.5439 0.3342
Car -1 -1 -2.4928 0.0000 190.5666 144.2684 261.5279 1.5134 4.0946 1.7220 -14.1472 2.0171 18.4566 -3.1400 0.3190
