Car -1 -1 -1.8291 630.5876 174.3621 705.8922 223.1647 1.6194 1.7130 4.1041 1.9781 1.6792 26.2491 -1.7554 0.7232
Car -1 -1 1.4026 673.8068 176.1131 799.9470 271.7160 1.5312 1.6644 3.7375 2.1714 1.6014 13.5621 1.5569 0.6496
Car -1 -1 -1.4183 0.0000 189.0464 277.1728 375.0000 1.5339 2.1872 2.9649 -3.5733 1.6861 4.9537 -2.0186 0.6457
Car -1 -1 -1.4902 493.3230 177.5901 545.9536 223.4121 1.5770 1.6622 3.8057 -3.3751 1.7684 27.1659 -1.6133 0.6033
Car -1 -1 -2.5579 105.3258 185.7848 302.7414 255.8461 1.5301 1.8064 3.7270 -9.6203 1.8574 17.1908 -3.0619 0.4855
Car -1 -1 -1.3722 371.6707 168.8897 424.8516 189.6316 1.6407 3.8351 1.7787 -17.0424 1.3275 58.1211 -1.6564 0.3844
Car -1 -1 -1.2211 355.3261 170.0583 414.1548 193.7331 1.7268 3.7942 1.7741 -16.7298 1.5232 53.6020 -1.5224 0.3660
Car -1 -1 1.8751 317.6369 173.5808 439.4350 221.4842 1.7557 4.0494 1.7880 -8.7480 1.7846 27.3695 1.5681 0.3528
Car -1 -1 -1.0410 86.6243 178.6914 249.4821 236.2032 1.5567 3.5963 1.7058 -12.5560 1.7307 20.5807 -1.5833 0.3525
Car -1 -1 -3.0258 615.6704 173.5185 654.6093 201.0284 1.5596 3.2354 1.9477 1.4945 1.6010 42.7334 -2.9916 0.3365
Car -1 -1 3.2514 492.3694 179.6229 538.9201 216.6709 1.5367 3.8342 1.6714 -4.2364 1.8607 32.5641 3.1225 0.2924
