Pedestrian -1 -1 2.7516 841.8721 168.8897 865.3565 210.4979 1.7731 0.8250 0.6976 10.4813 1.6045 31.1804 3.0726 0.5958
Pedestrian -1 -1 2.7604 648.2625 179.5618 669.4395 218.1941 1.6378 0.7320 0.6894 2.0682 1.9325 31.1995 2.8253 0.4236
Pedestrian -1 -1 0.0988 55.3310 158.3912 111.2831 270.8073 1.7702 0.8872 0.6552 -8.7251 1.5428 11.9071 -0.5232 0.2705
Pedestrian -1 -1 3.0474 258.6083 174.0101 280.9835 224.8946 1.7443 0.6657 0.6484 -11.9309 1.7858 25.2031 2.6090 0.2382
Pedestrian -1 -1 3.0335 544.9369 181.6274 563.7668 221.1496 1.6939 0.6821 0.7495 -2.4742 2.0823 31.5068 2.9551 0.2177
Pedestrian -1 -1 3.1699 360.2198 175.7967 376.0826 215.7909 1.7447 0.7244 0.6461 -10.7550 1.8773 31.9783 2.8476 0.1828
Cyclist -1 -1 -0.4666 835.8787 170.2555 868.0243 211.6208 1.7435 1.7243 0.6041 10.4399 1.6343 31.3058 -0.1481 0.2622
Cyclist -1 -1 -0.2822 933.3678 162.5206 964.7035 212.6682 1.8133 1.8309 0.5637 12.6403 1.4400 27.0345 0.1505 0.2470
Cyclist -1 -1 3.0103 541.3557 178.7479 559.7441 216.7537 1.5970 1.7402 0.5741 -2.6471 1.8622 31.5099 2.9266 0.2354
Cyclist -1 -1 -0.0658 291.5539 172.3577 319.4795 228.0003 1.6960 1.7815 0.7046 -9.7414 1.6812 22.9436 -0.4635 0.1969
Cyclist -1 -1 -2.6284 645.5247 165.1316 679.0726 203.6759 1.7486 1.6770 0.8501 2.4119 1.3987 33.6653 -2.5580 0.1876
Cyclist -1 -1 2.9329 648.9798 178.4098 669.0599 216.0807 1.5698 1.6156 0.5367 2.0651 1.8165 31.1506 2.9978 0.1776
Car -1 -1 0.1566 434.8847 187.0760 549.9712 277.4331 1.4965 3.9184 1.6675 -2.2627 1.8219 14.5276 0.0038 0.7254
Car -1 -1 1.5716 576.0897 179.7341 617.4553 217.5866 1.5149 1.6937 3.5718 -0.6177 1.8312 31.3309 1.5514 0.7222
Car -1 -1 2.8668 367.8495 179.9833 398.8545 199.0418 1.5386 3.4717 1.6436 -19.3856 2.1661 61.5723 2.5627 0.3753
Car -1 -1 1.8125 232.4937 174.6804 345.8609 224.7702 1.7925 3.5817 1.6786 -11.9762 1.8642 27.0348 1.3988 0.3212
Car -1 -1 2.7952 673.9662 179.1255 716.0859 203.2098 1.5277 3.6723 1.6704 5.6714 1.9692 48.7753 2.9097 0.1792
Car -1 -1 1.3130 852.5123 173.1586 914.9740 195.2770 1.5721 3.9105 1.7903 19.8065 1.5951 52.4012 1.6721 0.1724
