Pedestrian -1 -1 1.5584 993.9556 179.8331 1085.1028 329.1314 1.6448 0.8921 0.7854 5.0110 1.7333 8.5571 2.0721 0.5953
Pedestrian -1 -1 2.1091 1048.0472 197.2198 1242.0000 375.0000 1.6790 0.7819 0.8149 3.0610 1.8346 4.0681 2.7184 0.4522
Car -1 -1 1.7126 421.0714 190.1998 518.5229 267.4781 1.4744 1.6572 3.7647 -3.1350 1.9186 16.5410 1.5273 0.8071
Car -1 -1 1.8088 212.1740 196.4239 453.6084 369.8345 1.5297 1.8112 3.8560 -3.1423 1.8866 8.9103 1.4779 0.7802
Car -1 -1 -0.3773 694.5840 178.7394 942.3304 267.5660 1.5576 1.7261 4.2453 3.8567 1.6803 13.8920 -0.1129 0.6554
Car -1 -1 -0.0359 632.3279 176.8537 729.8349 220.4280 1.6138 1.5559 3.6326 2.6532 1.7730 27.7635 0.0576 0.5523
Car -1 -1 3.2883 103.4328 190.5969 280.8363 317.0653 1.4310 3.2826 1.7111 -5.9180 1.7352 10.5135 2.7859 0.5345
Car -1 -1 3.0708 537.1902 180.1798 571.8036 210.9449 1.5724 3.4347 1.6457 -3.1171 1.9930 39.5638 2.9922 0.5132
Car -1 -1 1.2349 484.8268 175.1185 566.8369 224.1300 1.6519 2.0963 2.9750 -3.1593 1.7404 26.2789 1.1158 0.4960
Car -1 -1 1.6936 390.5594 186.0247 457.9724 234.8103 1.4487 1.7852 3.2621 -6.1654 1.9203 24.0871 1.4451 0.4484
Car -1 -1 -0.8795 0.0000 202.0504 275.4630 375.0000 1.5313 1.6540 3.9802 -2.6785 1.7085 2.2975 -1.6852 0.3999
Car -1 -1 -1.7588 339.6755 178.0501 426.9295 238.7364 1.5235 1.6905 3.7243 -6.5642 1.6862 20.5011 -2.0654 0.3214
