Pedestrian -1 -1 1.1677 885.7561 165.9151 997.5500 317.4729 1.6944 0.9618 0.7426 3.8655 1.5331 8.2812 1.5916 0.6445
Pedestrian -1 -1 1.4662 55.9255 195.6793 100.6203 259.7104 1.7635 0.9607 0.7976 -15.2186 2.2160 20.3792 0.8336 0.3930
Pedestrian -1 -1 2.3819 831.4382 175.0081 875.8255 243.3861 1.6787 0.7125 0.7805 6.2325 1.5455 17.8394 2.7140 0.3080
Pedestrian -1 -1 -1.5935 1129.1519 191.8813 1224.0000 370.0000 1.6763 0.6781 0.7278 4.3400 1.7722 5.3477 -0.9388 0.3070
Pedestrian -1 -1 2.9457 10.6752 171.4880 70.7141 262.1024 1.7571 0.9004 0.7973 -11.4594 1.5840 14.3011 2.2827 0.2726
Pedestrian -1 -1 2.7239 640.8907 162.8540 695.2491 261.3597 1.7426 0.8275 0.7203 1.1070 1.4321 13.0115 2.8085 0.2684
Pedestrian -1 -1 2.9644 254.6163 167.2469 306.4503 261.1236 1.7381 0.8721 0.7743 -6.3209 1.4944 13.6646 2.5417 0.2578
Pedestrian -1 -1 2.7890 514.7272 165.1425 569.0185 263.1805 1.7221 0.8919 0.7288 -1.2119 1.4540 12.9736 2.6999 0.2415
Pedestrian -1 -1 -1.9273 735.1030 162.2260 795.0879 254.0367 1.8044 1.0176 0.6487 3.1827 1.4468 14.2829 -1.7110 0.2398
Pedestrian -1 -1 1.0863 971.2562 187.2708 1129.8679 370.0000 1.6460 0.7670 0.6976 3.2703 1.7023 5.3344 1.6118 0.2216
Pedestrian -1 -1 -0.8882 993.9915 165.8408 1070.5850 274.6022 1.7686 0.8799 0.6844 7.2093 1.5319 12.0248 -0.3581 0.2118
Pedestrian -1 -1 1.2655 555.7596 158.2551 612.9041 249.4592 1.8397 1.0603 0.5889 -0.4757 1.3926 14.7094 1.2357 0.1794
Pedestrian -1 -1 1.6668 292.7387 194.3486 326.6605 265.9052 1.8223 0.7554 0.7378 -7.8133 2.1982 18.6424 1.2772 0.1778
Cyclist -1 -1 -0.0504 520.6608 164.9106 559.6688 268.6115 1.7631 1.8374 0.6167 -1.2572 1.4997 12.9697 -0.1430 0.2700
Cyclist -1 -1 -1.4866 557.2718 147.8516 633.1831 221.0701 1.8028 1.8636 0.6317 -0.2699 1.0005 17.7858 -1.4995 0.2360
Cyclist -1 -1 0.0539 13.8120 170.8978 62.8839 262.8407 1.7438 1.7937 0.6615 -11.4982 1.5634 14.3299 -0.6097 0.2287
Cyclist -1 -1 -0.9391 1121.1562 144.8831 1224.0000 253.7347 1.7426 1.8744 0.6108 10.0799 1.1741 12.2987 -0.2635 0.2160
Cyclist -1 -1 1.8569 630.0053 159.6116 739.7152 258.1888 1.7295 1.9040 0.6768 1.4301 1.3647 13.0782 1.9651 0.2069
Cyclist -1 -1 -1.1844 279.1160 198.0762 355.8707 268.4934 1.8069 1.7379 0.7174 -7.6163 2.2821 18.6836 -1.5644 0.1910
Cyclist -1 -1 1.4330 682.2374 162.5868 759.4565 232.3360 1.7476 1.8746 0.6264 2.9019 1.3004 18.0431 1.5915 0.1812
Cyclist -1 -1 -2.0693 1019.9464 190.0832 1134.3474 283.3382 1.7316 1.7219 0.6730 9.0154 1.9232 13.6085 -1.4935 0.1750
Cyclist -1 -1 1.9092 311.4428 176.7668 449.6331 285.7598 1.6483 1.9355 0.7272 -3.5362 1.5935 11.0891 1.6103 0.1680
Cyclist -1 -1 -0.5727 931.9225 152.6140 1035.6388 269.6076 1.8015 1.8400 0.6081 6.2288 1.3738 11.8275 -0.0973 0.1592
Cyclist -1 -1 -0.4369 837.6908 176.8576 916.6405 290.2442 1.6640 1.7847 0.4387 4.2490 1.6122 11.2787 -0.0843 0.1585
Cyclist -1 -1 0.0232 261.1550 163.9608 297.8959 259.9734 1.7415 1.7863 0.5941 -6.3538 1.4432 13.7582 -0.3989 0.1575
Car -1 -1 0.0610 46.3082 189.1858 111.1667 234.7777 1.5074 3.6368 1.6758 -19.3738 1.8541 26.1108 -0.5699 0.2340
Car -1 -1 -2.1800 1166.8983 180.3280 1224.0000 370.0000 1.5528 1.6819 3.9992 6.2792 1.5538 5.3593 -1.3432 0.2123
Car -1 -1 -2.8158 414.2526 172.7329 533.7623 246.1758 1.5479 3.8507 1.6366 -3.0248 1.3858 16.9246 -2.9876 0.1577
