Pedestrian -1 -1 2.3863 976.2336 165.2643 1076.9531 299.0356 1.7163 0.9027 0.7720 5.5750 1.6192 9.7876 2.8904 0.5449
Pedestrian -1 -1 0.6891 596.4844 184.4450 619.5321 220.3747 1.7432 0.8822 0.7623 -0.1356 2.3307 35.9627 0.6846 0.3326
Pedestrian -1 -1 -1.5078 530.5897 180.2156 543.5266 204.3543 1.7123 0.8831 0.6759 -5.2568 2.2442 51.7497 -1.6090 0.3137
Pedestrian -1 -1 -0.3209 611.5843 170.9269 634.0165 213.1347 1.8009 0.8177 0.7515 0.5100 1.7191 31.2868 -0.3054 0.2503
Pedestrian -1 -1 2.4817 441.3329 176.3992 454.5465 201.5484 1.7250 0.6988 0.5902 -11.2745 1.9736 50.0645 2.2609 0.2146
Pedestrian -1 -1 2.3396 720.6731 167.2149 746.6808 213.1482 1.8160 0.7761 0.6812 4.9337 1.5934 29.0377 2.5057 0.2015
Pedestrian -1 -1 2.1232 1185.3774 172.2738 1242.0000 293.8541 1.6608 0.7783 0.6030 8.8046 1.6532 10.3188 2.8149 0.1793
Cyclist -1 -1 3.2503 310.4676 193.3453 335.0050 262.7700 1.6850 1.6351 0.4175 -7.5403 2.2448 18.8514 2.8741 0.2791
Cyclist -1 -1 -0.2063 598.0754 186.0546 617.0103 222.8896 1.7592 1.5722 0.6295 -0.1694 2.4315 35.8902 -0.2118 0.2765
Cyclist -1 -1 2.7628 718.5501 178.5227 748.5523 223.5771 1.6417 1.7323 0.5120 4.6356 1.8646 27.4170 2.9278 0.2383
Cyclist -1 -1 -0.1536 441.8015 176.8582 453.7565 201.2040 1.6532 1.8435 0.5361 -11.3366 1.9378 50.2632 -0.3747 0.1933
Cyclist -1 -1 -0.1391 530.8986 180.3094 542.5981 204.7198 1.7025 1.6925 0.6043 -5.2893 2.2469 51.7597 -0.2409 0.1878
Cyclist -1 -1 -0.8081 955.8990 161.5720 1104.7141 305.1601 1.7577 1.7947 0.6172 5.5651 1.6200 9.7785 -0.3044 0.1856
Car -1 -1 3.2868 375.6342 191.1984 454.7301 251.1937 1.4892 3.9511 1.6752 -5.6650 2.0815 21.2225 3.0284 0.8266
Car -1 -1 2.8633 642.2070 173.3270 741.9082 237.5643 1.6498 4.1461 1.7378 2.1829 1.6652 20.7539 2.9658 0.6668
Car -1 -1 3.3221 424.0760 187.5125 483.1229 227.9001 1.4771 3.5402 1.7463 -6.3604 2.1131 29.4864 3.1109 0.5453
Car -1 -1 3.1683 451.7055 186.8092 488.9391 221.2347 1.5385 3.7344 1.7143 -6.9238 2.2703 35.8318 2.9783 0.2617
Car -1 -1 -0.0203 548.1576 180.4027 572.0898 202.7770 1.5151 3.8059 1.6422 -3.6636 2.0817 52.1552 -0.0905 0.1820
Car -1 -1 -0.2420 576.5817 175.1674 612.7322 198.7657 1.5835 3.8583 1.6663 -1.1524 1.7538 50.9031 -0.2649 0.1790
