Pedestrian -1 -1 1.5923 192.2505 171.6835 207.6116 195.7238 1.8577 1.0257 0.5905 -31.5732 1.1777 55.1352 1.0764 0.2509
Pedestrian -1 -1 1.8328 213.8710 167.7638 232.8502 196.2212 1.8446 0.9627 0.6245 -24.9554 1.0204 46.2385 1.3425 0.2480
Pedestrian -1 -1 1.3983 1069.2689 156.6378 1224.0000 370.0000 1.6394 0.8481 0.7424 3.4005 1.5099 4.4034 2.0237 0.2433
Pedestrian -1 -1 2.7355 798.7332 175.2322 861.3005 276.4899 1.6587 0.6927 0.7965 3.7510 1.5741 11.9645 3.0334 0.2271
Pedestrian -1 -1 1.6439 218.3106 184.1499 241.6256 227.2507 1.6734 0.7646 0.6916 -14.8677 1.8218 27.9943 1.1620 0.1956
Pedestrian -1 -1 -0.0633 28.6192 160.3318 58.1369 229.9978 1.7924 0.8410 0.5659 -14.8874 1.2751 18.6885 -0.7258 0.1942
Pedestrian -1 -1 3.2381 1.5572 162.9683 39.7699 239.0179 1.8360 0.8340 0.6493 -14.5660 1.4144 17.5916 2.5572 0.1866
Pedestrian -1 -1 2.6283 839.8777 136.3036 933.0463 293.2016 1.7745 0.8757 0.6888 3.3020 1.2764 8.4769 2.9892 0.1726
Pedestrian -1 -1 1.1331 505.3799 165.7641 520.5909 184.0522 1.7438 1.3024 0.6420 -8.8255 0.3398 68.0317 1.0065 0.1584
Pedestrian -1 -1 1.3610 765.4594 163.8148 815.9789 251.2510 1.7239 0.8672 0.6466 3.6969 1.3965 14.2753 1.6108 0.1541
Cyclist -1 -1 -0.1377 727.0063 166.2336 751.7770 217.0270 1.5981 1.6998 0.5610 4.3466 1.1508 23.1025 0.0476 0.3408
Cyclist -1 -1 -0.2671 475.8835 169.9371 487.9192 189.4339 1.7990 1.9952 0.6094 -11.5192 0.8255 66.2677 -0.4367 0.2662
Cyclist -1 -1 -0.6510 804.9162 148.8058 882.3149 232.7410 1.7311 1.7691 0.6635 5.1599 1.0791 15.5218 -0.3343 0.2648
Cyclist -1 -1 0.2300 429.1683 169.0281 442.7653 195.0055 1.7873 1.8921 0.5059 -11.8429 0.9993 49.5872 -0.0012 0.2545
Cyclist -1 -1 0.2443 193.3464 175.1627 207.7892 198.6948 1.8097 1.7907 0.5593 -31.6178 1.4005 55.3076 -0.2709 0.2522
Cyclist -1 -1 0.6713 989.5142 156.4502 1224.0000 370.0000 1.6485 1.8820 0.7049 3.4006 1.5198 4.4246 1.2946 0.2328
Cyclist -1 -1 2.9450 506.8316 167.5709 517.3267 186.5862 1.8077 1.9948 0.6298 -8.9492 0.5797 68.2577 2.8170 0.2192
Cyclist -1 -1 2.5092 829.1113 167.5158 859.7645 200.1503 1.6652 1.7818 0.5740 12.5053 1.0041 37.0078 2.8341 0.1813
Cyclist -1 -1 3.6259 0.0000 165.2705 53.6116 241.6789 1.8047 1.7766 0.5750 -14.6142 1.4466 17.6228 2.9442 0.1743
Cyclist -1 -1 -3.0864 735.2000 153.1265 762.0927 224.6951 1.7580 1.7029 0.5942 3.6886 1.0872 18.2616 -2.8886 0.1736
Cyclist -1 -1 0.1906 216.4552 169.6288 231.5405 197.6540 1.7999 1.8229 0.5292 -24.9718 1.1031 46.3551 -0.2989 0.1728
Cyclist -1 -1 3.3523 136.3960 170.3408 162.6234 213.7497 1.8004 1.7910 0.5735 -19.5003 1.3805 30.2591 2.7864 0.1637
Cyclist -1 -1 2.7417 520.2965 165.4991 538.1885 189.3389 1.7554 1.8732 0.6591 -5.6831 0.6521 53.0366 2.6373 0.1522
Cyclist -1 -1 3.6412 100.3472 174.8398 143.0900 219.1957 1.7778 1.8964 0.6234 -20.0281 1.5524 29.3068 3.0484 0.1505
Cyclist -1 -1 3.3156 273.9041 170.1782 289.8769 199.7163 1.8094 1.8736 0.5890 -20.2328 1.1785 44.2875 2.8915 0.1463
Car -1 -1 2.1910 206.8941 176.6300 278.0498 201.8634 1.5700 3.7712 1.6789 -23.1016 1.3305 45.1006 1.7221 0.2376
Car -1 -1 -0.7639 688.2726 171.0835 760.9548 201.8281 1.5246 3.5393 1.8017 6.2035 1.0591 37.0279 -0.5976 0.2094
Car -1 -1 -1.0120 66.4876 169.9864 153.0156 201.4946 1.6862 3.4877 1.7662 -27.1286 1.1249 38.7952 -1.6166 0.2024
Car -1 -1 -2.7269 666.5331 166.1224 729.9961 189.7747 1.5852 1.7663 4.0037 6.4782 0.6229 49.1786 -2.5950 0.1751
Car -1 -1 2.1664 200.2189 182.4437 278.4430 210.2332 1.5159 3.5077 1.8102 -20.5754 1.6299 39.8352 1.6945 0.1642
Car -1 -1 0.3678 517.0267 173.1107 585.1203 197.9086 1.5489 1.7623 4.0125 -3.4656 1.0887 45.5825 0.2942 0.1600
Car -1 -1 1.7593 560.6194 171.9860 635.4398 199.8265 1.5210 3.9567 1.7559 -0.3747 1.0573 39.8433 1.7517 0.1559
Car -1 -1 0.2646 420.2204 175.3945 452.3636 193.8564 1.5624 3.5784 1.8482 -14.6521 1.1315 61.6512 0.0341 0.1483
Car -1 -1 -2.1900 691.4731 169.2298 751.8005 196.8604 1.5650 1.8009 3.5640 6.8786 0.9280 42.0390 -2.0273 0.1474
Car -1 -1 -2.7399 398.3519 174.3333 442.7256 197.7083 1.5549 3.7562 1.6296 -12.7290 1.1460 49.0070 -2.9908 0.1437
