Pedestrian -1 -1 -1.3138 616.0927 179.3750 625.0379 199.5984 1.6613 0.5936 0.6670 0.8558 2.2069 59.9295 -1.3001 0.2732
Pedestrian -1 -1 2.9090 249.9314 140.6691 342.5392 328.8592 1.7992 0.8972 0.6938 -3.3115 1.4919 7.4625 2.5036 0.2690
Cyclist -1 -1 2.8289 613.5899 179.6972 627.3674 200.9425 1.7161 1.8554 0.5989 0.8388 2.2937 59.8832 2.8423 0.4364
Cyclist -1 -1 -1.3918 543.0497 171.9166 570.7486 197.5916 1.7939 1.8630 0.6353 -3.7652 1.7288 50.8251 -1.4657 0.2885
Car -1 -1 2.6288 861.8265 179.1936 1047.9307 268.3504 1.5161 3.8730 1.6331 6.6683 1.6620 14.5551 3.0500 0.7171
Car -1 -1 -1.8514 570.1606 181.2322 617.5490 210.5287 1.5339 1.7343 3.6521 -0.9992 2.0327 40.9223 -1.8762 0.5380
Car -1 -1 1.2686 688.1959 178.4735 790.7014 220.3899 1.5036 3.4267 1.8237 4.8083 1.7254 27.3086 1.4404 0.5218
Car -1 -1 -0.3421 675.0630 176.5110 774.7000 216.5273 1.5861 1.6354 3.7536 4.6983 1.7442 29.9626 -0.1887 0.4935
Car -1 -1 -2.4820 1035.0754 191.8434 1242.0000 375.0000 1.5575 1.6734 3.9513 3.4224 1.6750 2.4589 -1.5904 0.4059
Car -1 -1 -3.1878 658.0515 178.6873 735.5899 209.7110 1.5631 1.5632 3.9349 4.4423 1.8750 37.6133 -3.0717 0.3618
Car -1 -1 -1.3735 512.4850 176.2222 570.1634 199.0429 1.5875 3.8396 1.7285 -4.9095 1.8335 51.5588 -1.4684 0.2906
Car -1 -1 1.8662 625.8132 174.9191 682.2911 198.7524 1.6464 3.7073 1.6421 3.1210 1.7983 51.5015 1.9259 0.2692
Car -1 -1 2.5717 992.5543 169.2239 1051.4918 194.3316 1.5727 3.6434 1.6159 26.7693 1.3457 47.0572 3.0860 0.2654
Car -1 -1 -1.3767 431.7887 167.0449 483.3309 187.1242 1.6280 3.8827 1.7787 -12.5438 1.1574 59.4135 -1.5841 0.2649
