Car -1 -1 -1.9688 824.5504 184.1040 1139.0691 366.1605 1.5302 1.6318 3.9395 3.7860 1.6907 8.2893 -1.5549 0.8609
Car -1 -1 -1.7684 749.8411 182.0961 882.5211 275.7619 1.5030 1.6587 3.8931 3.7556 1.7077 13.9606 -1.5119 0.8597
Car -1 -1 -1.7295 710.1995 179.0803 801.5803 245.7867 1.5486 1.7034 4.1443 3.7089 1.7331 19.2347 -1.5428 0.8213
Car -1 -1 1.8611 268.2409 186.8917 431.4279 288.1624 1.5373 1.7834 3.8618 -4.6836 1.8378 13.4596 1.5315 0.7514
Car -1 -1 1.7672 387.9154 185.7654 482.2112 251.6479 1.5176 1.7554 3.5465 -4.5686 1.8926 19.1280 1.5352 0.7477
Car -1 -1 1.7391 440.0569 185.4938 512.7068 236.0897 1.4948 1.7698 3.8380 -4.4312 1.9530 24.2066 1.5593 0.7105
Car -1 -1 -1.6710 693.1145 178.4924 743.1730 219.8465 1.5593 1.6436 3.7586 4.3345 1.8063 29.6387 -1.5279 0.6998
Car -1 -1 -1.7812 695.7933 179.4787 770.6174 230.4410 1.5283 1.6512 3.9444 3.9824 1.7691 24.1696 -1.6206 0.6230
Car -1 -1 1.6791 523.3876 180.9209 561.5870 210.1429 1.5210 1.7455 3.6669 -3.7692 1.9939 40.4190 1.5862 0.6091
Car -1 -1 2.1625 223.8252 176.7936 360.8188 231.9771 1.6699 3.7317 1.6660 -10.1938 1.8029 23.1509 1.7516 0.4631
Car -1 -1 -0.6998 1013.7940 169.7146 1158.2605 222.7517 1.5751 4.1033 1.6570 15.3116 1.4822 23.5671 -0.1297 0.4472
Car -1 -1 -2.5048 1029.9420 191.4254 1242.0000 375.0000 1.5474 1.6993 4.1607 3.6851 1.6731 2.7438 -1.6251 0.4453
