Pedestrian -1 -1 1.1654 420.5073 194.1288 432.5733 214.0707 1.7092 0.7841 0.7851 -16.1844 3.6001 63.5644 0.9166 0.3906
Pedestrian -1 -1 1.2290 444.4775 199.4028 462.2688 229.1667 1.7547 0.8491 0.7821 -9.6044 3.3977 44.0843 1.0150 0.3542
Pedestrian -1 -1 0.7662 461.3416 189.3102 485.0811 225.9216 1.7690 0.8813 0.7655 -6.8529 2.6027 35.9590 0.5786 0.2259
Pedestrian -1 -1 3.4197 0.0000 149.5305 61.7142 294.2063 1.8154 0.7665 0.6336 -7.8017 1.5231 9.5268 2.7471 0.1837
Cyclist -1 -1 -1.3630 440.9518 194.0986 472.6086 225.4161 1.8763 1.7796 0.7356 -9.3895 3.1860 44.0970 -1.5722 0.2716
Cyclist -1 -1 -2.4779 215.8439 190.3187 244.3663 220.8651 1.7530 1.6575 0.6243 -22.8039 2.8220 43.2739 -2.9607 0.1918
Car -1 -1 3.3664 13.8956 196.5612 232.9241 341.9011 1.5070 3.8609 1.6688 -6.6570 1.9135 10.2613 2.8022 0.7735
Car -1 -1 1.7205 190.3754 196.8253 295.1545 276.1060 1.4995 1.6296 3.5050 -8.4224 2.1192 16.7215 1.2598 0.7735
Car -1 -1 -1.5254 282.5281 196.3709 327.4947 232.7286 1.5388 1.8489 3.6345 -14.8464 2.7518 35.1791 -1.9225 0.4410
Car -1 -1 -0.1138 422.7665 189.1189 448.4848 208.1434 1.5227 3.3545 1.8067 -15.2359 2.9826 62.8594 -0.3511 0.3698
Car -1 -1 -0.3123 431.7347 181.6851 473.6616 204.6255 1.5657 3.9649 1.8857 -11.6434 2.2429 53.1142 -0.5274 0.2769
Car -1 -1 0.8003 1117.9994 160.8212 1242.0000 207.9017 1.5891 3.9056 1.7004 20.3219 1.1833 25.3941 1.4693 0.2345
Car -1 -1 3.3048 237.2750 184.9531 266.7789 204.6904 1.4658 3.2972 1.5926 -28.5698 2.4625 57.6079 2.8459 0.2295
Car -1 -1 -0.0919 441.9670 193.7670 474.2582 219.1946 1.4285 3.7594 1.6691 -9.7365 2.8195 45.9347 -0.3002 0.2051
Car -1 -1 2.4119 1091.0392 161.0190 1202.4865 200.6599 1.5698 3.8107 1.6490 22.5460 1.1015 30.5482 3.0429 0.2029
