Pedestrian -1 -1 -2.2919 781.4110 173.5438 798.8567 198.2492 1.7665 1.1055 0.5959 12.9889 1.8172 52.1379 -2.0495 0.2706
Pedestrian -1 -1 0.0600 59.1020 168.0699 78.6243 213.6396 1.8389 0.8925 0.5869 -22.2720 1.6462 29.6482 -0.5801 0.2485
Pedestrian -1 -1 2.3486 858.2063 177.3983 879.1528 209.4874 1.7456 0.7232 0.8197 14.2662 2.0004 39.8949 2.6891 0.1891
Pedestrian -1 -1 2.8047 739.2404 155.0141 761.0984 202.4972 1.9038 0.8894 0.6123 5.6664 1.1889 29.4119 2.9928 0.1511
Cyclist -1 -1 -0.4822 779.4195 173.9840 798.6599 198.0635 1.7088 1.7181 0.6212 12.9141 1.7923 52.1952 -0.2414 0.3216
Cyclist -1 -1 -0.0697 337.6553 180.1387 347.1994 202.4099 1.7740 1.8962 0.6030 -21.9485 2.3811 59.1064 -0.4241 0.2914
Cyclist -1 -1 -1.5671 596.8907 181.3491 626.8432 212.0181 1.8385 1.8034 0.6526 0.0806 2.3581 43.7659 -1.5659 0.2347
Cyclist -1 -1 3.5651 215.6285 193.0299 257.8065 248.2953 1.6687 1.7088 0.5518 -12.0677 2.3445 23.2843 3.0912 0.1884
Cyclist -1 -1 -1.8824 760.9247 167.1098 785.9250 189.6497 1.7918 1.8476 0.6285 13.0527 1.3355 57.7522 -1.6615 0.1628
Car -1 -1 2.0082 133.6045 196.3784 245.0579 252.9196 1.4575 1.5486 3.5654 -12.7142 2.2342 21.9690 1.4885 0.7437
Car -1 -1 3.0610 598.9263 177.4584 629.9399 203.0312 1.5157 3.7094 1.6471 0.2082 1.8178 45.3639 3.0651 0.4357
Car -1 -1 -0.1852 450.9425 180.1369 477.2722 197.3717 1.5452 3.4606 1.8346 -13.8484 2.2545 68.2835 -0.3848 0.4144
