Pedestrian -1 -1 -0.2181 700.8501 163.4565 729.9570 224.0431 1.7963 0.8998 0.6904 3.1395 1.5180 21.8652 -0.0781 0.7667
Pedestrian -1 -1 2.6546 667.6200 168.9385 700.3472 228.2326 1.7700 0.8542 0.6715 2.2097 1.6535 22.0589 2.7523 0.6481
Pedestrian -1 -1 1.3982 408.0370 171.7988 444.7654 239.8808 1.7834 0.8502 0.6922 -4.9855 1.7561 19.3872 1.1492 0.5835
Pedestrian -1 -1 3.1825 446.7737 167.3796 490.3069 265.1077 1.7480 0.8863 0.7583 -2.6641 1.6505 13.3988 2.9891 0.4583
Pedestrian -1 -1 0.4325 150.7856 166.7410 186.3022 227.6853 1.7945 0.9203 0.5783 -13.3330 1.6149 21.7329 -0.1126 0.3629
Pedestrian -1 -1 -0.6395 766.0004 173.0792 784.0032 205.0927 1.7075 0.7175 0.6460 8.8686 1.7202 38.9472 -0.4177 0.3470
Pedestrian -1 -1 2.6492 654.4949 176.0676 673.7157 207.5691 1.7534 0.8721 0.7617 3.0234 1.9381 40.8260 2.7220 0.2735
Pedestrian -1 -1 2.6046 474.2570 167.5019 491.0929 204.3614 1.7884 0.6501 0.5605 -6.2926 1.5291 35.4360 2.4298 0.2687
Pedestrian -1 -1 2.4655 815.9225 176.4546 849.5391 224.7643 1.6689 0.8970 0.7372 7.8402 1.7996 25.5600 2.7592 0.2252
Pedestrian -1 -1 0.3406 662.2933 182.2645 680.0933 214.8192 1.7304 0.7847 0.7445 3.2875 2.2481 39.1545 0.4231 0.2165
Pedestrian -1 -1 1.9031 666.3019 168.5941 682.5474 195.5704 1.8204 0.9354 0.6731 4.3636 1.5333 49.1871 1.9906 0.2050
Pedestrian -1 -1 1.7282 745.4218 180.7233 762.0814 213.0916 1.7395 0.7810 0.8046 7.8440 2.1766 39.5338 1.9220 0.1996
Pedestrian -1 -1 0.8037 1155.9207 170.3114 1242.0000 350.6751 1.6560 0.8208 0.7535 5.9660 1.6330 7.0322 1.4859 0.1874
Pedestrian -1 -1 -0.6527 162.9132 162.2494 220.3598 254.9199 1.6897 0.6754 0.6634 -7.9260 1.4967 13.5901 -1.1725 0.1855
Pedestrian -1 -1 -1.3761 717.6832 169.1903 731.4031 196.0269 1.8115 0.8108 0.6659 7.7754 1.5646 49.1539 -1.2205 0.1801
Cyclist -1 -1 0.1716 449.5713 168.3219 511.3179 266.9709 1.7427 1.7894 0.8549 -2.4628 1.6630 13.6403 -0.0046 0.4482
Cyclist -1 -1 0.0573 579.1541 179.7170 587.0196 198.6852 1.7008 1.7979 0.6218 -2.4859 2.3400 66.2559 0.0195 0.4035
Cyclist -1 -1 -0.4395 651.5914 177.2778 675.3405 209.2242 1.7561 1.8165 0.6246 2.9829 2.0130 40.8859 -0.3678 0.3947
Cyclist -1 -1 -3.3168 819.2255 175.9390 846.2879 226.1531 1.7148 1.8102 0.6032 7.8691 1.8289 25.6861 -3.0234 0.3846
Cyclist -1 -1 -0.2935 774.5068 179.5947 791.3349 210.2033 1.6900 1.6242 0.4755 9.7883 2.0813 41.0241 -0.0614 0.3299
Cyclist -1 -1 0.0268 697.5027 185.2917 715.6456 260.2267 1.5223 1.4668 0.3609 2.0545 1.8056 15.6577 0.1537 0.3188
Cyclist -1 -1 -0.3014 665.7839 169.6612 681.8981 195.8324 1.7536 1.7315 0.6056 4.3197 1.5400 49.2543 -0.2148 0.2960
Cyclist -1 -1 2.7336 493.9740 167.1585 522.8152 208.0222 1.7851 1.8835 0.5838 -4.6261 1.5366 32.4725 2.5928 0.2950
Cyclist -1 -1 -0.6044 759.7042 174.2570 788.9188 206.3809 1.6869 1.8551 0.5812 8.8168 1.7648 38.9395 -0.3839 0.2540
Cyclist -1 -1 0.4328 150.8406 168.0671 224.3620 260.9869 1.6362 1.6980 0.5201 -7.9539 1.5523 13.5716 -0.0891 0.2536
Cyclist -1 -1 -0.4083 743.1570 184.0119 765.6718 218.3009 1.8105 1.4572 0.6783 7.8387 2.4322 39.3903 -0.2140 0.2477
Cyclist -1 -1 2.4652 735.7355 165.0778 759.6868 190.3881 1.8219 1.9882 0.6141 10.0678 1.2625 52.9556 2.6517 0.2449
Cyclist -1 -1 -0.3676 730.4014 182.0774 755.9254 219.4682 1.6986 1.7110 0.6064 6.2437 2.1465 34.1149 -0.1888 0.2103
Cyclist -1 -1 -3.2775 718.1118 171.1769 729.9023 196.2638 1.6823 1.6352 0.5738 7.7389 1.5702 49.2069 -3.1229 0.1897
