Pedestrian -1 -1 0.8427 924.1766 147.7084 973.1474 223.5698 1.8762 0.9512 0.6230 8.5272 1.2547 18.2800 1.2726 0.3403
Pedestrian -1 -1 3.3429 254.9068 158.7520 276.7328 205.5188 1.8670 0.8407 0.6435 -14.0060 1.3044 29.2868 2.9002 0.2277
Pedestrian -1 -1 0.6748 772.1230 167.9004 784.5186 189.6493 1.8427 0.9715 0.5446 14.3601 1.4234 61.6462 0.9023 0.2224
Pedestrian -1 -1 1.1252 780.7668 163.2324 796.6755 190.1458 1.8444 0.8958 0.5977 12.3114 1.1854 49.8290 1.3657 0.1687
Cyclist -1 -1 -1.3067 311.5666 169.6209 342.5526 197.1317 1.8004 1.8079 0.6088 -18.6956 1.5892 47.6171 -1.6792 0.3035
Cyclist -1 -1 -1.0770 160.0957 188.5015 204.1035 225.7074 1.8293 1.7954 0.6684 -21.4678 2.6217 36.1522 -1.6099 0.2611
Cyclist -1 -1 -0.6022 86.7345 172.7377 128.9191 215.5072 1.8730 1.8383 0.6161 -22.4612 1.8683 32.2108 -1.2074 0.2471
Cyclist -1 -1 3.2967 484.4549 172.0357 495.5085 195.1840 1.8018 1.9793 0.5657 -9.5244 1.7385 57.1530 3.1320 0.1841
Car -1 -1 2.1560 162.8581 183.6521 254.1081 214.1325 1.4779 3.7394 1.7022 -20.4114 2.0424 36.6892 1.6511 0.3866
Car -1 -1 -3.1677 719.0515 174.4666 739.4478 191.6339 1.5564 3.4238 1.7881 11.1240 1.7119 67.5727 -3.0056 0.3215
Car -1 -1 3.5181 99.0712 185.6983 173.6564 220.6682 1.4764 3.7470 1.6598 -22.2107 2.1165 33.9310 2.9418 0.2582
Car -1 -1 -3.2561 808.9360 176.8521 838.9797 198.1965 1.5134 3.5932 1.7359 15.8856 1.8225 53.7944 -2.9709 0.2382
Car -1 -1 2.8772 742.8381 178.7253 776.8423 199.2019 1.4818 3.4640 1.6821 11.3594 1.9443 55.0136 3.0793 0.2098
Car -1 -1 2.7406 747.2789 175.9126 782.4505 194.5707 1.5403 3.4943 1.7231 13.2608 1.8117 62.0594 2.9498 0.2083
Car -1 -1 -0.0948 304.7368 172.4184 336.1453 196.9219 1.5900 3.7136 1.6298 -19.6588 1.5621 48.8401 -0.4758 0.1975
Car -1 -1 0.5947 0.0000 176.8436 95.0175 215.4449 1.6042 4.0768 1.6291 -25.4075 1.7958 32.5008 -0.0649 0.1953
Car -1 -1 -0.1670 723.4260 179.1017 760.9287 204.2035 1.5379 3.9532 1.7654 8.5603 1.9640 47.1780 0.0109 0.1941
