Pedestrian -1 -1 -0.8218 359.2523 180.2655 377.5560 210.1170 1.7302 0.7792 0.6642 -14.2674 2.1720 42.5115 -1.1441 0.3874
Pedestrian -1 -1 1.3272 696.7854 167.8434 708.9172 189.2250 1.8615 0.9403 0.5809 8.1048 1.4257 63.1596 1.4539 0.2379
Pedestrian -1 -1 2.9049 468.8611 165.1903 484.2619 199.2999 1.8961 0.8357 0.6752 -7.5512 1.4704 40.6250 2.7219 0.2276
Pedestrian -1 -1 -0.9725 836.1232 134.4325 871.5024 207.1348 1.8228 0.6821 0.5274 6.2074 0.8599 18.5190 -0.6541 0.2267
Cyclist -1 -1 2.6654 777.9227 166.5852 798.3010 192.9285 1.8021 1.8569 0.5901 12.3831 1.3736 50.3274 2.9050 0.2737
Cyclist -1 -1 2.5762 754.4450 176.8660 773.7867 199.2605 1.7070 1.7784 0.6148 11.9846 2.0254 56.2716 2.7845 0.2543
Cyclist -1 -1 -1.4593 392.3254 175.4288 420.3288 202.0242 1.8254 1.8131 0.6131 -14.1516 2.0061 50.0585 -1.7337 0.2394
Cyclist -1 -1 0.1506 414.8960 180.7980 425.6570 202.0609 1.6278 1.6350 0.5795 -14.9310 2.2619 56.7095 -0.1060 0.2346
Cyclist -1 -1 -0.4581 852.4366 172.1361 874.6645 200.7136 1.7869 1.7965 0.6002 16.1357 1.7424 46.0428 -0.1235 0.2080
Car -1 -1 -2.6135 50.1790 189.5253 305.4009 272.3565 1.4908 1.6660 4.0118 -8.3849 1.8376 14.1550 -3.1404 0.6568
Car -1 -1 3.0824 392.6234 178.2647 420.4405 201.0366 1.5394 3.5755 1.7077 -14.6293 1.9421 51.6792 2.8076 0.4382
Car -1 -1 0.9137 503.7018 177.9066 546.2971 197.2346 1.5350 2.4451 2.5906 -7.0954 1.9681 60.0126 0.7961 0.3583
Car -1 -1 -3.2511 1010.6697 172.9950 1038.8976 191.0252 1.5404 3.7259 1.7523 36.5769 1.5536 63.7312 -2.7324 0.2984
Car -1 -1 0.0680 8.8600 186.6644 86.2283 241.1775 1.4809 3.4428 1.6465 -17.4430 1.9470 22.4445 -0.5870 0.2749
Car -1 -1 2.9544 629.0160 179.6515 665.1480 204.1023 1.5010 3.9621 1.6571 2.3653 1.9686 47.5212 3.0033 0.2609
Car -1 -1 -1.0090 201.3070 177.9560 306.3719 216.9435 1.6318 3.7985 1.6957 -15.5516 1.8624 31.5153 -1.4643 0.2593
Car -1 -1 2.4153 687.5927 179.6886 746.2849 203.6534 1.4566 3.8406 1.6473 6.9008 1.9225 47.0839 2.5595 0.2519
Car -1 -1 2.6671 492.2188 182.0728 543.7928 207.3438 1.5393 4.0566 1.7112 -6.1521 2.1764 47.6769 2.5390 0.2343
