Pedestrian -1 -1 3.1251 148.1616 131.5246 196.7426 253.6929 1.8475 0.7542 0.6381 -6.9647 1.2228 11.3972 2.5867 0.5493
Pedestrian -1 -1 -0.3613 986.4490 162.9589 1014.9411 213.7074 1.7790 0.7710 0.6594 13.8734 1.4325 25.7157 0.1283 0.3156
Cyclist -1 -1 -0.6232 1053.8378 170.0096 1079.5358 194.4148 1.7341 1.8147 0.6243 32.9913 1.5323 52.1907 -0.0623 0.2935
Car -1 -1 -1.8996 1035.8562 192.3040 1242.0000 375.0000 1.4713 1.5790 3.7529 5.9487 1.7370 7.8128 -1.2678 0.8195
Car -1 -1 -1.3907 720.6147 174.7203 786.0054 220.4711 1.5777 1.7923 3.6321 5.3939 1.6533 27.0618 -1.1966 0.6563
Car -1 -1 -2.9561 589.9625 176.6917 697.7799 259.6896 1.5577 3.8894 1.6646 0.8192 1.6533 15.8169 -2.9063 0.6346
Car -1 -1 -1.8791 941.6356 179.8680 1056.2191 244.6729 1.4677 1.5621 3.5172 9.8350 1.6671 18.6078 -1.4001 0.6340
Car -1 -1 -1.6147 940.7789 175.3501 990.6656 215.7482 1.5384 1.6494 3.9862 14.6245 1.6496 29.8968 -1.1641 0.4500
Car -1 -1 -3.0742 783.3497 176.9991 819.4953 207.0081 1.5101 3.7238 1.6465 10.3205 1.7455 38.8930 -2.8172 0.4417
Car -1 -1 3.2489 0.0000 174.9384 362.6324 375.0000 1.5927 1.7363 3.6188 -4.3531 1.6169 6.6657 2.6880 0.3984
Car -1 -1 -2.9393 754.4438 176.9804 809.7038 212.9646 1.4849 3.6362 1.7155 7.6991 1.6811 32.2426 -2.7075 0.3933
Car -1 -1 -3.0381 821.5786 174.4839 855.8641 200.4555 1.5330 3.7918 1.6617 14.2402 1.6395 44.9168 -2.7334 0.3668
Car -1 -1 -1.5997 954.1644 175.3641 1016.4265 227.5163 1.5386 1.6543 3.8269 12.1247 1.6282 23.5683 -1.1302 0.3525
