Pedestrian -1 -1 2.6965 587.8079 176.8015 605.8739 207.0089 1.7099 0.8898 0.7205 -0.2664 1.4448 41.2177 2.6850 0.6298
Pedestrian -1 -1 2.9402 508.8682 174.0564 539.4887 227.6346 1.7349 0.9725 0.8278 -2.5973 1.4950 23.8480 2.8276 0.6103
Pedestrian -1 -1 2.6018 906.7808 153.9026 994.1074 297.1365 1.7431 0.7779 0.6935 4.3860 1.4086 9.1639 3.0316 0.6040
Pedestrian -1 -1 2.6843 672.6448 179.0045 713.5258 247.6240 1.6786 0.8296 0.7243 2.2662 1.6188 18.0817 2.8017 0.4924
Pedestrian -1 -1 -0.8279 864.4962 168.5966 926.1105 257.6394 1.6636 0.8463 0.7149 5.6610 1.4238 13.9551 -0.4544 0.4241
Pedestrian -1 -1 2.8475 635.8034 177.2391 663.1072 226.1906 1.6642 0.7490 0.7543 1.6340 1.5204 24.8708 2.9072 0.4137
Pedestrian -1 -1 -0.3696 657.1733 178.7927 686.1364 227.6365 1.6603 0.8461 0.7398 2.4070 1.5693 24.9230 -0.2796 0.4004
Pedestrian -1 -1 -0.5819 772.5295 147.9621 875.8474 316.7428 1.7843 0.8967 0.7373 2.4510 1.4311 8.1297 -0.3037 0.3881
Pedestrian -1 -1 3.3180 279.8658 148.5041 319.9691 235.3933 1.8098 0.7705 0.6701 -6.4938 1.1238 15.4091 2.9200 0.3754
Pedestrian -1 -1 2.6008 15.0040 168.1540 132.5558 355.0031 1.6986 0.7496 0.6248 -5.1544 1.5787 6.9624 1.9753 0.3753
Pedestrian -1 -1 1.3292 49.7164 198.3551 76.5566 237.0357 1.7525 0.8465 0.7620 -25.1956 2.5554 33.6075 0.6843 0.3436
Pedestrian -1 -1 -1.7232 1063.3954 150.5096 1176.5587 330.3441 1.7660 0.8456 0.7424 5.3757 1.4630 7.5682 -1.1273 0.3173
Pedestrian -1 -1 3.1213 459.1244 173.0109 482.9286 229.8360 1.7466 0.8978 0.7134 -4.1342 1.4868 22.5885 2.9371 0.3103
Pedestrian -1 -1 -0.7377 882.3131 149.3680 947.1638 260.2831 1.7445 0.7756 0.6061 5.0771 1.2405 11.7631 -0.3437 0.3097
Pedestrian -1 -1 2.2912 684.7105 175.4109 738.3196 260.4356 1.7068 0.8295 0.7290 2.2535 1.5858 14.9695 2.4325 0.3089
Pedestrian -1 -1 0.0226 5.9567 176.4172 41.1169 246.6963 1.8128 0.9334 0.7087 -15.3952 1.6828 19.1120 -0.6541 0.3039
Pedestrian -1 -1 2.1290 1013.1921 138.1241 1069.7271 239.6696 1.7886 0.6051 0.6966 7.9683 1.0258 13.0789 2.6622 0.3016
Pedestrian -1 -1 1.0102 0.0000 217.4224 57.1956 321.7578 1.6745 0.8825 0.8182 -10.2246 2.3261 12.4535 0.3272 0.2876
Pedestrian -1 -1 2.1770 747.7642 162.3607 765.3679 198.7275 1.7882 0.6519 0.5637 7.7129 0.8480 35.7499 2.3830 0.2855
Pedestrian -1 -1 -0.2438 133.9189 163.4895 185.1254 253.4220 1.7693 0.8337 0.7113 -9.0698 1.4163 14.6758 -0.7947 0.2841
Pedestrian -1 -1 1.3710 557.2846 185.3499 574.1279 215.2151 1.7782 0.8532 0.8911 -2.1613 2.0147 43.4455 1.3163 0.2598
Pedestrian -1 -1 2.9744 130.2289 150.6066 169.8425 235.1916 1.8670 0.6916 0.6568 -10.3002 1.1863 16.3297 2.4138 0.2449
Cyclist -1 -1 0.2368 435.7824 165.7232 469.9970 231.8132 1.8301 1.8843 0.5536 -4.3170 1.3944 20.8389 0.0297 0.5125
Cyclist -1 -1 3.1398 507.1613 191.7360 521.5214 236.9135 1.7439 1.6779 0.5589 -3.5390 2.1703 28.9858 3.0139 0.3692
Cyclist -1 -1 0.1123 526.5427 163.4360 540.8893 199.9955 1.8738 1.8826 0.5538 -3.5554 0.9488 37.7600 0.0141 0.3266
Cyclist -1 -1 -1.7047 630.0671 172.8782 684.3837 225.0997 1.7861 1.8076 0.6411 1.9041 1.4923 24.9437 -1.6345 0.3030
Cyclist -1 -1 -0.1242 676.1094 168.4334 707.9649 234.4241 1.7692 1.8016 0.6505 2.4926 1.4200 20.1591 -0.0080 0.2875
Cyclist -1 -1 -0.3291 672.4166 177.1258 685.8160 196.2666 1.7260 1.8847 0.6342 7.1398 1.3319 65.7611 -0.2264 0.2851
Cyclist -1 -1 2.4198 767.1216 155.8394 808.4844 202.6471 1.7142 1.6284 0.5717 7.0096 0.7755 27.1588 2.6651 0.2659
Cyclist -1 -1 2.6768 584.3027 176.8503 607.1133 207.3973 1.7151 1.7366 0.5845 -0.3386 1.4549 41.2349 2.6636 0.2627
Cyclist -1 -1 2.3969 98.2075 160.7455 204.6971 249.1646 1.7449 1.9190 0.7611 -9.2989 1.3366 14.7941 1.8384 0.2607
Cyclist -1 -1 1.3271 841.0832 169.6390 950.1058 258.9777 1.6826 1.8434 0.7148 5.6583 1.4604 13.9987 1.6993 0.2543
Cyclist -1 -1 0.2947 368.2316 166.3968 418.7089 243.1648 1.6913 1.8806 0.6171 -4.8574 1.3598 16.7669 0.0116 0.2491
Cyclist -1 -1 0.4539 494.0339 175.9349 536.6895 230.8746 1.7542 1.8189 0.6897 -2.8676 1.5776 23.9061 0.3304 0.2450
Car -1 -1 -1.0381 0.0000 202.3970 406.1088 374.0000 1.4857 1.6906 3.6957 -2.9927 1.7040 5.5654 -1.5190 0.6747
Car -1 -1 -0.2522 767.4552 200.4122 1113.7878 374.0000 1.4561 3.6315 1.6044 2.4506 1.6719 6.2581 0.1008 0.3217
