Pedestrian -1 -1 2.8656 718.4448 167.5558 748.4747 228.1803 1.7997 0.9004 0.6746 3.6930 1.6428 21.9017 3.0297 0.4033
Pedestrian -1 -1 -2.7801 977.9392 174.9474 991.5237 200.0839 1.7283 0.6985 0.6333 26.0198 1.8755 50.1541 -2.3043 0.3358
Pedestrian -1 -1 2.7995 792.9347 160.3630 821.3453 218.7211 1.8124 0.7789 0.6391 6.1824 1.4248 22.8193 3.0603 0.2346
Pedestrian -1 -1 -0.0414 279.8719 115.0209 359.2970 321.5469 1.7971 0.8801 0.6554 -2.8088 1.2942 6.8113 -0.4198 0.2069
Pedestrian -1 -1 -3.0085 721.8549 161.3633 750.2672 229.5858 1.7849 0.8049 0.6541 3.3398 1.4846 19.3556 -2.8409 0.1782
Pedestrian -1 -1 -2.7506 989.0812 176.6736 1002.9759 200.4959 1.7505 0.9570 0.5945 28.7175 2.0381 53.7231 -2.2624 0.1755
Pedestrian -1 -1 0.6521 1001.1143 182.9374 1028.7863 221.3574 1.7685 0.8426 0.7892 19.0514 2.2517 34.0192 1.1583 0.1534
Pedestrian -1 -1 -0.1341 832.5593 166.6763 864.1479 231.3064 1.7598 0.8174 0.7274 6.5862 1.5919 20.1098 0.1774 0.1497
Cyclist -1 -1 -0.9234 969.2667 177.0134 1000.0319 203.1723 1.7723 1.9028 0.6277 26.0175 2.0677 50.1903 -0.4480 0.3755
Cyclist -1 -1 2.4191 1002.7148 169.3508 1035.4908 199.0795 1.7642 1.9726 0.5633 24.8038 1.5566 43.8385 2.9308 0.3250
Cyclist -1 -1 -0.6145 983.3280 177.3163 1007.2339 201.5303 1.7596 1.8561 0.6068 28.6566 2.0982 53.7422 -0.1274 0.3199
Cyclist -1 -1 -3.5961 1052.7485 165.9678 1088.9585 203.9529 1.7381 1.7812 0.7184 21.6151 1.4233 33.9366 -3.0332 0.2271
Cyclist -1 -1 2.4743 1030.1575 167.0543 1067.5101 203.4008 1.7773 1.8418 0.5809 21.9759 1.4941 36.2298 3.0156 0.2235
Cyclist -1 -1 2.1129 1127.9784 183.7970 1178.9060 229.4249 1.6938 1.5704 0.4436 21.0110 2.1308 27.9808 2.7513 0.1972
Cyclist -1 -1 -0.0698 248.7275 156.8256 296.6501 268.1652 1.7065 1.7158 0.6056 -5.6623 1.4612 11.9540 -0.5040 0.1835
Cyclist -1 -1 3.2765 235.0019 136.5778 338.0000 357.0995 1.7912 1.7846 0.6284 -3.0391 1.4969 6.8017 2.8697 0.1834
Car -1 -1 -1.7286 1128.8007 186.6957 1200.2059 229.2801 1.5081 1.6486 3.9385 22.1860 2.1067 29.0580 -1.0820 0.3702
Car -1 -1 1.3448 1005.7427 172.6135 1075.5486 198.3934 1.5150 3.3382 1.6568 25.9846 1.5012 43.6944 1.8780 0.1746
Car -1 -1 -3.3156 1097.9299 182.7540 1138.2455 204.0922 1.4505 3.5763 1.8101 37.1739 2.2043 52.9067 -2.7062 0.1741
