Pedestrian -1 -1 2.2647 502.5015 182.1955 526.9019 218.7989 1.7422 0.8723 0.7971 -4.6860 2.2057 35.1999 2.1327 0.2969
Pedestrian -1 -1 -1.6194 408.3702 176.0690 420.1469 198.4775 1.8265 0.9048 0.6571 -16.1373 2.0935 59.3902 -1.8839 0.2339
Cyclist -1 -1 -0.7148 892.4630 166.5108 917.0998 190.5966 1.8603 2.0356 0.6048 23.1614 1.3707 56.7874 -0.3296 0.2946
Cyclist -1 -1 -0.1148 506.0186 184.5686 522.2907 219.8819 1.6539 1.5598 0.6095 -4.7187 2.2389 35.1735 -0.2478 0.2830
Cyclist -1 -1 -0.8602 1060.1906 184.6261 1104.6761 226.3815 1.6963 1.6950 0.4480 20.0258 2.2116 30.6804 -0.2870 0.2525
Cyclist -1 -1 -0.1520 408.4751 177.2657 419.1933 199.5685 1.7972 1.7580 0.5923 -16.1866 2.1666 59.4297 -0.4171 0.2415
Car -1 -1 -1.7894 576.8489 183.1377 658.6003 241.6624 1.4930 1.6108 3.6142 0.0878 1.8206 21.0227 -1.7862 0.7645
Car -1 -1 1.8707 259.6804 187.4928 371.3217 250.6670 1.5504 1.8223 4.1056 -8.3758 2.0158 20.8045 1.4919 0.6485
Car -1 -1 1.8535 198.9372 189.0853 286.9936 240.5656 1.5124 1.6788 3.6674 -12.3299 2.1053 24.3823 1.3893 0.5763
Car -1 -1 3.1938 494.3103 180.9366 530.5726 212.9055 1.5047 3.7998 1.6419 -4.9789 1.9405 36.9093 3.0602 0.3100
Car -1 -1 -0.5827 42.7126 175.4817 109.0892 199.6871 1.5170 3.7197 1.7150 -34.8007 1.6937 46.9790 -1.2177 0.3046
Car -1 -1 -0.3136 855.2180 181.6537 895.1880 204.0394 1.6110 3.9925 1.7268 20.3327 2.3134 55.5395 0.0351 0.2873
Car -1 -1 0.0846 112.2354 174.3979 147.6537 199.6340 1.6139 3.6611 1.6675 -32.1800 1.7221 48.3933 -0.4999 0.2614
Car -1 -1 -2.0517 719.9453 187.2839 763.8225 208.5551 1.5070 1.7710 3.8352 10.1726 2.6703 56.0525 -1.8737 0.2462
Car -1 -1 -0.6512 659.9357 183.7444 705.5289 204.5420 1.5077 3.3900 1.8582 5.6155 2.3864 56.2572 -0.5528 0.2442
Car -1 -1 -3.2664 902.8611 184.1040 950.9679 209.9564 1.4561 2.8701 2.3220 19.1585 2.1663 43.8212 -2.8573 0.2280
Car -1 -1 0.2615 4.1769 177.8280 61.0067 206.5355 1.5846 3.7808 1.6910 -34.0546 1.8930 42.6120 -0.4098 0.2236
