Pedestrian -1 -1 -1.0925 306.8643 162.2022 395.8856 286.8331 1.7933 0.9997 0.8084 -3.9223 1.6404 10.8486 -1.4324 0.7388
Pedestrian -1 -1 -1.5705 364.0492 177.5422 373.3729 202.5175 1.7125 0.6095 0.6909 -16.7681 2.0409 50.0546 -1.8925 0.3721
Pedestrian -1 -1 2.0201 813.6757 163.9170 824.2409 187.0382 1.8763 0.6296 0.6056 17.0595 1.1514 58.9859 2.3001 0.2275
Pedestrian -1 -1 1.5146 785.3997 174.3465 806.6732 216.3023 1.7040 0.8108 0.6418 7.6164 1.7666 29.7216 1.7625 0.2183
Cyclist -1 -1 -0.4536 764.0801 154.4368 798.3401 205.8797 1.8188 1.7478 0.4969 6.2058 1.1680 26.4145 -0.2258 0.3371
Cyclist -1 -1 3.0468 361.9644 179.3021 373.6934 204.9189 1.7253 1.6809 0.6136 -16.7956 2.1800 49.9360 2.7237 0.3358
Cyclist -1 -1 -0.4696 779.1735 176.6942 813.7515 219.2070 1.6862 1.7910 0.6297 7.6223 1.8498 29.7285 -0.2217 0.3167
Cyclist -1 -1 -0.2261 845.1548 179.4763 872.6755 235.8070 1.5669 1.5479 0.4107 7.1987 1.7677 21.0441 0.0985 0.2239
Car -1 -1 -1.6525 581.2663 178.8761 636.9822 226.6406 1.5415 1.6626 3.8014 -0.1457 1.7731 25.7452 -1.6588 0.6688
Car -1 -1 3.3769 278.9695 187.7798 350.9582 233.4483 1.5066 3.7374 1.6606 -11.0112 2.1076 27.0605 2.9935 0.6610
Car -1 -1 -1.2919 282.4522 177.1853 353.6731 202.1717 1.6153 4.0572 1.8380 -19.4597 1.9114 48.1547 -1.6743 0.4943
Car -1 -1 3.3340 442.8688 182.4944 474.9364 203.7847 1.4808 3.7875 1.6464 -11.2537 2.2256 53.8105 3.1284 0.4343
Car -1 -1 3.2604 355.6520 181.2319 385.6800 202.9886 1.5090 3.9313 1.6659 -17.8109 2.1576 53.7429 2.9415 0.4020
Car -1 -1 2.6522 625.5169 176.1459 674.6000 199.8059 1.5822 4.1133 1.7325 2.7576 1.8259 51.1002 2.7054 0.3035
Car -1 -1 -1.1442 86.5140 160.5784 210.0299 203.9033 1.7030 3.8571 1.8028 -18.8331 1.2209 29.5169 -1.7082 0.2722
Car -1 -1 2.6622 539.6075 182.0257 582.7568 202.9379 1.5290 3.9808 1.7444 -3.9051 2.2786 56.7931 2.5934 0.2416
