Pedestrian -1 -1 2.6166 747.6227 169.7100 765.0568 201.7747 1.7841 0.7928 0.6511 8.2015 1.6095 40.6242 2.8139 0.4146
Pedestrian -1 -1 1.9720 598.6342 178.9213 615.9357 210.7401 1.6748 0.7259 0.6602 -0.1795 2.0034 38.5901 1.9667 0.3772
Pedestrian -1 -1 1.2210 657.8152 149.4519 728.1942 276.9060 1.8318 0.8510 0.7146 1.1796 1.4958 10.8172 1.3254 0.3088
Pedestrian -1 -1 -0.4158 694.0675 154.6053 717.1131 200.8629 1.9006 0.8464 0.6676 3.9474 1.1512 30.1434 -0.2872 0.2693
Pedestrian -1 -1 3.4373 283.9256 168.9514 311.2261 222.6611 1.7988 0.7401 0.6656 -10.6759 1.6685 24.5673 3.0310 0.2038
Pedestrian -1 -1 3.1858 356.7910 172.7918 371.0225 208.1033 1.8000 0.7252 0.6633 -12.7280 1.7972 37.2194 2.8581 0.1971
Pedestrian -1 -1 -0.4109 867.3296 155.0309 939.8260 285.9353 1.7558 0.7507 0.6869 4.0244 1.5171 10.0647 -0.0415 0.1671
Pedestrian -1 -1 3.3757 213.1001 173.4131 250.1756 243.6516 1.7694 0.7906 0.6820 -9.8162 1.7845 18.6471 2.8966 0.1636
Cyclist -1 -1 -0.3728 746.0997 170.9990 765.6101 202.1472 1.7215 1.6119 0.5234 8.1859 1.6194 40.7154 -0.1762 0.3000
Cyclist -1 -1 2.6815 816.0814 164.4182 845.1959 203.2912 1.8315 1.9038 0.5549 10.6399 1.4344 34.9770 2.9740 0.2318
Cyclist -1 -1 2.8498 351.9856 172.9114 373.2124 208.4367 1.7984 1.9265 0.5104 -12.8907 1.8018 37.4575 2.5202 0.2087
Cyclist -1 -1 -1.2677 1175.4720 149.1101 1242.0000 229.3084 1.6972 1.7667 0.7398 13.8713 1.1951 16.2104 -0.5690 0.1747
Cyclist -1 -1 -0.5256 663.0618 162.9642 759.6058 285.0826 1.6944 1.6763 0.6821 1.4371 1.5575 10.9134 -0.3994 0.1675
Cyclist -1 -1 -0.1805 560.5546 182.0199 576.3967 210.9756 1.7894 1.7585 0.7039 -2.6943 2.3875 46.1168 -0.2391 0.1547
Car -1 -1 3.2061 520.4223 179.0892 563.1149 217.0491 1.5623 3.9071 1.6552 -3.0382 1.8591 32.3202 3.1126 0.7239
Car -1 -1 -3.0842 559.4280 177.8806 587.3815 202.1931 1.5202 3.6996 1.6402 -2.4162 1.8661 47.7359 -3.1350 0.2888
Car -1 -1 -0.5050 620.3919 177.8895 656.4416 195.7731 1.5063 3.5746 1.6610 2.4633 1.9660 63.8494 -0.4670 0.2266
Car -1 -1 -0.5487 711.8936 176.5571 759.2029 198.2889 1.5096 3.7778 1.6854 9.1283 1.7920 52.8884 -0.3792 0.2154
Car -1 -1 2.6400 765.8372 177.6302 820.6589 204.0248 1.4993 3.7077 1.6242 11.0075 1.8023 43.7069 2.8846 0.1750
Car -1 -1 -2.9274 478.5228 183.2386 515.4601 207.9598 1.4672 3.4598 1.6330 -7.2074 2.1564 46.0868 -3.0821 0.1552
