Pedestrian -1 -1 -1.1005 1129.0504 148.7054 1195.4819 241.6193 1.8626 0.8661 0.7251 11.4301 1.3789 15.0106 -0.4595 0.3964
Pedestrian -1 -1 0.5788 791.2089 169.6619 804.7927 194.5962 1.8034 0.8156 0.6147 13.7013 1.5729 52.6865 0.8315 0.3037
Pedestrian -1 -1 2.0969 1137.7839 133.8559 1195.0323 231.8532 1.8447 0.6680 0.6069 10.7433 1.1109 14.0052 2.7410 0.2290
Pedestrian -1 -1 1.5928 450.0057 161.5748 467.9615 194.5737 1.8836 1.0000 0.5915 -8.7299 1.2401 41.5659 1.3868 0.2258
Cyclist -1 -1 2.7076 801.1941 179.6835 824.4602 214.2595 1.6222 1.6725 0.4170 9.8016 1.9624 35.0477 2.9775 0.5869
Cyclist -1 -1 2.7333 863.9285 168.4447 891.4610 206.4704 1.8275 1.8306 0.5879 13.1557 1.6160 35.6057 3.0841 0.3693
Cyclist -1 -1 3.4104 159.9163 176.0919 182.1174 209.0242 1.7605 1.7329 0.6016 -24.1559 1.9430 39.6659 2.8661 0.2899
Cyclist -1 -1 2.2247 1165.1112 195.9069 1242.0000 270.4995 1.6571 1.5803 0.4100 14.2387 2.2379 17.3472 2.9028 0.2857
Cyclist -1 -1 -3.4134 850.9363 143.6203 904.4995 224.3458 1.7889 1.7028 0.7276 6.1756 1.1414 16.8626 -3.0684 0.2648
Cyclist -1 -1 0.2906 338.5550 177.2413 357.4289 205.5103 1.7728 1.9038 0.6237 -16.9106 2.0619 46.5153 -0.0566 0.1833
Cyclist -1 -1 -0.6672 1052.7415 150.7628 1103.4552 200.6851 1.7341 1.7998 0.5215 16.7826 0.9671 25.9813 -0.0989 0.1796
Cyclist -1 -1 -0.5515 56.1876 175.7496 91.3178 211.7761 1.8305 1.7463 0.6445 -27.8229 1.9834 37.3831 -1.1880 0.1765
Cyclist -1 -1 2.8666 784.8671 185.6472 799.6259 210.0748 1.8087 1.6797 0.6581 13.8987 2.8022 55.1610 3.1115 0.1747
Car -1 -1 -1.5925 549.5916 180.9099 611.2060 239.9274 1.5323 1.6490 3.7829 -0.9659 1.7911 21.2037 -1.6383 0.6888
Car -1 -1 -3.1197 836.2203 183.2912 872.2419 203.6564 1.5281 2.3944 2.6579 19.3945 2.3806 57.3301 -2.7955 0.2790
Car -1 -1 -0.1671 495.8606 174.8721 533.0179 201.5902 1.6024 4.0233 1.6843 -6.1370 1.7368 45.7692 -0.3001 0.2409
Car -1 -1 -1.3486 80.3446 183.8091 156.4128 209.8038 1.5032 3.5846 1.6642 -30.1795 2.1987 44.3531 -1.9435 0.2350
Car -1 -1 -0.2893 607.9128 178.9881 650.7073 204.2057 1.5326 3.8339 1.7527 1.1770 1.9497 46.9393 -0.2649 0.2200
Car -1 -1 -3.2413 826.7180 186.4071 863.9300 203.8688 1.5583 1.9752 3.1327 22.0282 2.8547 67.6981 -2.9286 0.2012
Car -1 -1 2.3253 816.5601 176.2119 861.8837 195.0964 1.5383 3.4924 1.6438 19.4432 1.8333 61.3811 2.6303 0.1795
Car -1 -1 -0.4728 719.4685 182.1995 762.5630 203.4183 1.5565 3.7603 1.8171 10.2446 2.3194 56.8079 -0.2958 0.1760
