Pedestrian -1 -1 0.9636 880.5602 147.7234 995.6555 310.1392 1.8359 1.0167 0.7132 3.9044 1.4671 8.4318 1.3848 0.7324
Pedestrian -1 -1 2.4319 830.7895 169.3778 878.8878 239.6085 1.7156 0.8585 0.7666 6.2478 1.4455 17.8070 2.7654 0.4284
Pedestrian -1 -1 -1.3186 1114.4413 192.4838 1224.0000 370.0000 1.6730 0.7095 0.7601 4.3619 1.7743 5.3584 -0.6624 0.3994
Pedestrian -1 -1 2.6711 651.7219 165.0658 709.5366 262.0467 1.7169 0.8710 0.7450 1.3421 1.4453 13.0525 2.7729 0.2968
Pedestrian -1 -1 2.9991 256.0795 164.1970 305.4078 258.6893 1.7517 0.8930 0.7542 -6.3255 1.4511 13.6815 2.5766 0.2330
Pedestrian -1 -1 2.8461 517.4319 164.0460 567.1309 262.6689 1.7385 0.8798 0.6827 -1.2065 1.4501 12.9944 2.7575 0.2306
Pedestrian -1 -1 1.1855 973.8940 193.1553 1130.3843 370.0000 1.6511 0.7712 0.7217 3.2825 1.7559 5.3423 1.7121 0.2301
Pedestrian -1 -1 0.9363 813.1726 170.7229 871.6913 259.3344 1.6985 0.9204 0.6005 4.6472 1.5128 13.9774 1.2521 0.1858
Pedestrian -1 -1 -0.9243 993.7213 163.2916 1069.7463 272.0979 1.7697 0.8822 0.6696 7.2045 1.4915 12.0312 -0.3947 0.1802
Pedestrian -1 -1 2.3475 605.7778 161.5152 659.1082 249.5993 1.7565 0.8532 0.7069 0.5248 1.3796 14.6476 2.3843 0.1722
Cyclist -1 -1 -3.4968 858.3975 174.3654 941.6706 300.0641 1.6605 1.7490 0.5070 4.1658 1.5812 10.2156 -3.1188 0.2898
Cyclist -1 -1 -0.4827 643.2240 162.1448 718.8534 263.0868 1.7582 1.8580 0.6095 1.3462 1.4401 13.2861 -0.3824 0.2234
Cyclist -1 -1 0.7719 1083.6991 189.8645 1224.0000 370.0000 1.6496 1.7848 0.6461 5.4167 1.7431 6.4962 1.4446 0.2017
Cyclist -1 -1 0.1913 251.5319 160.2649 306.0403 258.2044 1.7801 1.8194 0.6174 -6.3759 1.4139 13.8021 -0.2309 0.1859
Cyclist -1 -1 1.9387 308.9384 176.7229 443.6107 288.5435 1.6888 1.8875 0.6905 -3.6042 1.6334 11.0779 1.6341 0.1804
Car -1 -1 0.0284 0.0000 169.1584 124.1823 288.5624 1.6035 4.0642 1.6932 -9.0360 1.4529 11.6376 -0.6168 0.3158
Car -1 -1 -1.0289 49.0324 136.8445 274.9717 214.1797 1.7278 4.2024 1.8158 -10.3626 0.7541 16.7053 -1.5734 0.2446
Car -1 -1 -2.2724 1151.1490 184.2011 1224.0000 370.0000 1.5483 1.6751 3.8814 6.5209 1.5905 5.7083 -1.4465 0.2053
Car -1 -1 2.4993 555.6362 172.4471 604.6882 194.4512 1.5463 3.7292 1.6847 -1.8406 0.9817 51.6639 2.4657 0.1878
