Pedestrian -1 -1 1.6343 1143.3362 173.3025 1187.5460 237.6011 1.6742 0.8988 0.8192 14.8858 1.6870 19.3961 2.2810 0.3084
Cyclist -1 -1 -0.9729 18.1295 176.1772 76.2996 221.6730 1.8424 1.8606 0.6191 -23.1439 1.9809 29.6350 -1.6317 0.4106
Cyclist -1 -1 1.1148 1128.3375 171.4743 1221.8311 240.1541 1.7964 1.8464 0.7356 15.1216 1.7606 19.4116 1.7687 0.3656
Car -1 -1 1.4026 584.6320 176.5054 638.1106 218.3129 1.5575 1.5482 3.7012 -0.0493 1.7154 29.1734 1.4002 0.6534
Car -1 -1 3.0231 480.5674 181.3401 517.4750 208.5145 1.5166 4.1644 1.7324 -6.8312 2.0596 43.9016 2.8692 0.5783
Car -1 -1 -2.1047 1009.3566 165.1455 1085.3021 189.0203 1.5837 4.0527 1.7721 29.4780 1.0727 48.7600 -1.5638 0.4475
Car -1 -1 -1.5312 903.7515 172.7837 1149.8645 375.0000 1.5772 1.7760 4.0234 4.3686 1.5770 7.7408 -1.0345 0.4388
Car -1 -1 -0.7696 712.8873 168.2365 871.3910 239.3228 1.6189 1.6051 3.8212 4.5466 1.5141 18.0846 -0.5279 0.4328
Car -1 -1 -0.2341 469.4798 178.9205 498.0813 197.5049 1.5375 3.6788 1.6497 -11.0735 2.0847 63.0229 -0.4077 0.4124
Car -1 -1 -1.3232 668.7609 177.4928 721.7183 210.9352 1.5674 1.7995 3.7466 4.3224 1.8155 36.4593 -1.2067 0.3917
Car -1 -1 -1.3642 786.8204 162.0287 951.2252 289.9038 1.6106 1.6608 3.7603 4.0741 1.4746 11.1222 -1.0224 0.3838
Car -1 -1 1.1243 925.5625 175.6317 1001.7250 203.0734 1.5649 3.6317 1.6665 20.5841 1.7308 42.1550 1.5754 0.3683
Car -1 -1 -0.7012 690.4078 178.2587 805.3129 224.1026 1.4886 1.5701 3.8932 4.8423 1.6920 25.4572 -0.5161 0.3444
Car -1 -1 -2.0004 941.9130 173.9054 1010.0798 196.3676 1.5586 3.9492 1.7109 25.8370 1.6347 51.0759 -1.5347 0.3378
Car -1 -1 -0.6936 735.8696 176.1411 939.2625 259.6864 1.5020 1.5601 3.8025 4.5378 1.5752 14.5391 -0.3977 0.3153
