Car -1 -1 -1.4321 461.0913 183.0367 521.6950 228.2770 1.4962 1.6361 3.6578 -4.1090 1.4253 25.6144 -1.5900 0.7200
Car -1 -1 -1.0876 52.7355 186.6395 201.4416 249.5221 1.5270 1.8440 3.6272 -12.8443 1.5704 19.4313 -1.6657 0.6818
Car -1 -1 -1.5692 562.8390 179.2171 607.9434 220.0128 1.5141 1.6748 3.8448 -0.9286 1.2926 28.6228 -1.6018 0.6634
Car -1 -1 -0.9873 0.0000 195.7163 159.3482 354.4478 1.5387 1.6391 3.7138 -7.5993 1.7017 9.1464 -1.6664 0.5984
Car -1 -1 -1.3701 327.3937 175.1467 488.9879 294.6659 1.6664 1.7808 4.0626 -3.1756 1.5272 12.0931 -1.6219 0.5556
Car -1 -1 3.0261 506.6162 177.9925 547.1883 209.7869 1.5820 3.3062 1.7313 -4.2966 1.2237 37.5707 2.9127 0.5072
Car -1 -1 1.9820 235.9271 185.2968 355.4687 249.0924 1.5028 1.5149 3.6279 -8.0394 1.5063 18.7574 1.5819 0.5059
Car -1 -1 1.7729 379.9378 173.9757 438.3661 211.7144 1.5380 1.8077 3.2375 -8.5239 1.0810 30.9658 1.5062 0.4774
Car -1 -1 -0.8266 211.8465 183.4062 325.0305 228.8158 1.5260 1.6960 3.6450 -12.2675 1.4664 26.1484 -1.2617 0.4352
Car -1 -1 -1.7016 295.1805 182.4488 361.5700 229.9835 1.5012 1.6532 3.7461 -9.7139 1.4149 24.7382 -2.0724 0.3670
Car -1 -1 2.8727 410.7421 180.6399 463.1545 210.7837 1.5147 3.6400 1.8004 -9.1371 1.2859 38.1459 2.6388 0.3542
