Pedestrian -1 -1 1.5547 277.7696 148.3683 364.2301 313.1158 1.8600 0.9261 0.7039 -3.4488 1.4989 8.4783 1.1830 0.8074
Pedestrian -1 -1 1.0796 51.7941 193.0781 103.8395 256.3311 1.7490 0.9397 0.7991 -15.2228 2.1237 20.3784 0.4469 0.4233
Pedestrian -1 -1 3.0261 14.9848 173.3378 70.3042 262.7645 1.7396 0.8464 0.7933 -11.4433 1.6019 14.3289 2.3647 0.3864
Pedestrian -1 -1 2.5729 640.1418 160.4131 696.9244 260.3255 1.7645 0.8577 0.6859 1.1181 1.4114 13.0211 2.6583 0.3578
Pedestrian -1 -1 -1.4958 1122.4413 190.1112 1224.0000 370.0000 1.6709 0.6969 0.7235 4.3322 1.7521 5.3410 -0.8414 0.3486
Pedestrian -1 -1 -0.1861 256.4698 164.0293 306.8604 259.8779 1.7757 0.8862 0.7403 -6.3014 1.4722 13.6693 -0.6074 0.3101
Pedestrian -1 -1 2.5211 832.5898 173.2670 877.1928 242.9874 1.7135 0.6958 0.8045 6.2555 1.5373 17.8197 2.8547 0.2473
Pedestrian -1 -1 1.0255 970.9388 188.8664 1131.4297 370.0000 1.6450 0.7714 0.6900 3.2756 1.7140 5.3313 1.5520 0.2425
Pedestrian -1 -1 2.7993 516.6282 165.1284 567.9993 263.6427 1.7341 0.8701 0.6868 -1.2039 1.4652 12.9796 2.7108 0.2357
Pedestrian -1 -1 -0.8467 992.6106 164.2369 1068.5957 272.7231 1.7677 0.8766 0.6803 7.1879 1.5043 12.0383 -0.3184 0.1822
Pedestrian -1 -1 0.3175 787.3574 161.1397 803.1211 188.9551 1.7720 1.2026 0.6418 12.3048 0.5400 45.7178 0.5804 0.1595
Pedestrian -1 -1 1.3435 461.8659 173.6167 514.5081 258.0092 1.7278 0.9830 0.6266 -2.5151 1.5885 14.9470 1.1819 0.1593
Pedestrian -1 -1 2.6085 678.4701 160.8044 731.0873 251.8007 1.7965 0.8728 0.7229 1.9950 1.4093 14.4962 2.7441 0.1555
Cyclist -1 -1 -0.7142 1125.9025 144.3451 1224.0000 252.2438 1.7344 1.8719 0.6394 10.0645 1.1549 12.3083 -0.0397 0.2845
Cyclist -1 -1 1.4878 684.9743 160.1224 760.8245 230.6025 1.7598 1.8606 0.6209 2.9500 1.2526 18.0313 1.6490 0.2414
Cyclist -1 -1 -0.7997 778.8591 163.2951 807.3029 190.7385 1.7444 1.8701 0.6339 12.1979 0.6521 45.9017 -0.5399 0.2177
Cyclist -1 -1 1.7132 630.1835 159.5980 736.5657 257.7227 1.7364 1.8787 0.6874 1.4137 1.3682 13.0717 1.8201 0.2058
Cyclist -1 -1 3.4918 227.7051 186.3686 316.5906 311.4086 1.6732 1.8665 0.5695 -4.9313 1.7699 10.4978 3.0657 0.1801
Cyclist -1 -1 0.9193 1042.5865 197.4564 1224.0000 370.0000 1.6953 1.7645 0.6141 5.1128 1.8634 6.6127 1.5559 0.1767
Cyclist -1 -1 -0.3601 840.9434 177.0238 912.4117 289.0414 1.6501 1.8034 0.4361 4.2579 1.6006 11.3138 -0.0078 0.1657
Cyclist -1 -1 1.9340 308.1877 175.5406 444.3585 288.4100 1.7021 1.8946 0.7342 -3.6019 1.6289 11.0794 1.6297 0.1586
Cyclist -1 -1 -0.9032 0.0000 170.1505 98.3840 259.7677 1.7812 1.7945 0.5617 -11.4126 1.5771 14.3358 -1.5630 0.1544
Cyclist -1 -1 -1.5912 554.4924 148.3130 630.0652 220.8960 1.7905 1.8683 0.6409 -0.3626 0.9981 17.7929 -1.6092 0.1494
Cyclist -1 -1 0.0020 521.7509 164.0655 558.1129 267.2660 1.7561 1.8833 0.6176 -1.2375 1.4781 12.9918 -0.0890 0.1492
Cyclist -1 -1 -0.5111 876.0696 155.8784 968.2647 269.3624 1.7763 1.8122 0.5962 5.2809 1.3925 11.9940 -0.1044 0.1472
Cyclist -1 -1 -2.0614 1019.2101 187.4919 1131.9630 278.5926 1.6965 1.7060 0.6493 8.9921 1.8367 13.6170 -1.4871 0.1465
Car -1 -1 -0.8981 1143.0845 187.3690 1224.0000 370.0000 1.5021 1.5744 3.8797 7.4072 1.5763 6.5335 -0.0725 0.2130
Car -1 -1 0.3591 22.4652 184.3195 123.6738 230.9415 1.5501 3.8796 1.6846 -19.3971 1.7031 25.9417 -0.2754 0.2029
Car -1 -1 1.0431 635.4462 175.7751 720.6982 218.5342 1.5292 1.7841 3.4000 2.7153 1.3617 27.1977 1.1431 0.1750
Car -1 -1 0.2960 347.3493 169.7593 463.7092 243.0017 1.5495 3.7515 1.6109 -4.6430 1.3239 16.8548 0.0339 0.1624
