Car -1 -1 -1.8914 756.8850 182.7312 1009.5585 349.0942 1.4835 1.5784 3.5549 2.8275 1.6237 8.4274 -1.5794 0.7819
Car -1 -1 0.0097 482.2185 183.6374 558.1873 255.6275 1.4827 3.6764 1.6226 -2.1885 1.7711 17.3518 -0.1148 0.7188
Car -1 -1 0.0167 513.0281 180.8066 572.3711 236.3545 1.5262 3.8713 1.6757 -2.1010 1.7953 22.3868 -0.0765 0.6347
Car -1 -1 2.9531 372.0326 178.9575 407.6109 202.9338 1.5450 3.6478 1.6804 -15.1711 1.9812 49.5181 2.6569 0.6043
Car -1 -1 -1.6663 591.8095 179.0313 646.8673 226.0367 1.5100 1.5835 3.7548 0.2188 1.7463 25.6247 -1.6586 0.5910
Car -1 -1 1.3910 649.7996 174.1431 700.1859 210.7364 1.5236 1.5914 3.6157 2.7862 1.5845 32.0452 1.4764 0.5651
Car -1 -1 3.3801 0.0000 192.1450 166.9481 375.0000 1.4928 3.4338 1.8509 -5.9672 1.7444 7.4458 2.7217 0.5568
Car -1 -1 -1.9785 301.3362 184.9601 430.6585 255.8286 1.5214 1.8524 3.4184 -6.2018 1.8558 18.0209 -2.3060 0.4953
Car -1 -1 2.2681 396.4901 172.9386 504.7099 216.3365 1.5992 3.8405 1.8720 -6.3012 1.6030 28.3085 2.0506 0.4814
Car -1 -1 -0.4912 58.7504 179.3060 311.5609 309.5623 1.5225 3.3205 1.7289 -6.0834 1.6284 10.1975 -1.0181 0.4220
Car -1 -1 -1.0114 514.9946 169.8167 567.1661 188.9705 1.5320 3.9544 1.7365 -5.6985 1.2894 59.3688 -1.1070 0.3793
