Pedestrian -1 -1 -1.6133 10.7728 203.9300 41.2550 258.3706 1.7385 0.7664 0.7075 -19.5935 2.8014 24.1498 -2.2897 0.2002
Pedestrian -1 -1 2.2862 1050.4058 148.7094 1110.0399 237.6621 1.7954 0.8064 0.6592 9.7413 1.3084 15.0411 2.8516 0.1874
Pedestrian -1 -1 2.3252 983.3228 158.4891 1031.8230 232.0046 1.7599 0.8280 0.6446 9.7313 1.4163 17.7648 2.8189 0.1792
Pedestrian -1 -1 1.6343 1072.6163 151.5967 1138.2656 259.8529 1.7745 0.8954 0.6777 8.4399 1.4264 12.3650 2.2217 0.1731
Pedestrian -1 -1 -0.9147 1005.1058 145.2908 1084.4900 257.6865 1.7823 0.9264 0.6476 7.1575 1.3456 11.9901 -0.3878 0.1656
Pedestrian -1 -1 0.6810 679.4363 181.3773 710.3864 231.4468 1.7411 0.8691 0.7137 2.9978 2.0533 25.8366 0.7943 0.1550
Cyclist -1 -1 -0.5676 680.5447 162.6690 708.4658 198.1979 1.8006 1.8811 0.5059 4.3435 1.2848 37.5200 -0.4536 0.4624
Cyclist -1 -1 3.1744 191.5693 182.3715 205.6902 215.6976 1.6294 1.6355 0.5666 -20.9087 2.1241 36.6198 2.6585 0.3802
Cyclist -1 -1 0.2429 0.0000 195.6841 20.6061 231.0681 1.8031 1.6526 0.7096 -32.4450 3.0604 38.8235 -0.4501 0.2943
Cyclist -1 -1 -0.7754 913.0505 161.6932 983.3325 231.0597 1.7935 1.8492 0.5979 9.1141 1.5053 19.6243 -0.3469 0.2033
Cyclist -1 -1 -0.6361 915.1793 158.5596 973.5341 221.4704 1.8208 1.8838 0.5899 10.0512 1.4074 21.8629 -0.2107 0.1910
Cyclist -1 -1 1.4334 918.3541 168.0942 1026.4271 261.1741 1.7587 1.8231 0.6813 7.0548 1.6691 14.2358 1.8845 0.1518
Car -1 -1 2.0041 180.4205 187.6290 262.2788 226.5674 1.5086 1.6742 3.8212 -16.8388 2.1918 31.3891 1.5150 0.6707
Car -1 -1 3.4967 149.3169 184.6437 217.6404 217.1641 1.5252 4.0936 1.7371 -22.1474 2.1750 37.5746 2.9670 0.3393
Car -1 -1 -0.7642 675.1306 178.1124 734.4041 202.8476 1.5583 3.8614 1.7532 6.2858 1.9266 48.4095 -0.6363 0.2590
Car -1 -1 2.4046 112.9139 177.8655 189.1669 206.0003 1.5749 3.7830 1.6482 -26.8300 1.8770 42.1477 1.8404 0.2052
Car -1 -1 1.4654 591.9081 169.3795 634.2528 189.1900 1.6909 3.5086 1.7559 0.2255 1.3947 62.6362 1.4687 0.1935
Car -1 -1 3.4577 104.6724 189.1053 182.8842 228.3890 1.5029 3.9997 1.6963 -20.2975 2.2618 31.5276 2.8893 0.1751
Car -1 -1 3.2634 497.8352 182.2903 534.7341 210.0393 1.4459 3.6363 1.6325 -5.2694 2.0018 40.6570 3.1348 0.1637
