Pedestrian -1 -1 -0.1015 723.8438 170.8412 813.5561 345.3951 1.6609 0.8638 0.7906 1.5284 1.6421 7.3302 0.0944 0.6042
Pedestrian -1 -1 1.5235 355.3026 198.8368 403.6190 289.4610 1.6847 0.8720 0.7480 -4.5962 2.2146 14.2012 1.2150 0.3172
Pedestrian -1 -1 2.8415 597.7614 176.9500 615.6993 208.0338 1.7589 0.8416 0.8181 -0.2260 1.9978 41.4884 2.8356 0.2470
Cyclist -1 -1 3.2938 12.8952 162.5909 130.4219 370.3011 1.7641 1.8587 0.6190 -5.2715 1.6773 7.0940 2.6723 0.3174
Cyclist -1 -1 -1.5146 579.7560 185.1136 601.0560 206.8759 1.8087 1.7592 0.6279 -1.6666 2.8460 60.6864 -1.5425 0.2574
Car -1 -1 -0.1650 718.6973 181.0225 786.7352 228.6281 1.4699 3.8803 1.6578 4.7899 1.7744 24.9061 0.0221 0.6324
Car -1 -1 1.2570 769.7138 175.6150 846.0925 208.5473 1.6550 3.4705 1.6378 10.1596 1.8016 37.3144 1.5203 0.4735
Car -1 -1 -0.2407 781.0275 180.7724 847.8734 221.0029 1.4983 4.1007 1.6950 8.2954 1.8480 29.7591 0.0279 0.4596
Car -1 -1 1.2050 713.9796 177.7403 784.3009 206.5159 1.5472 3.4237 1.8732 7.7326 1.8297 40.4345 1.3921 0.4296
Car -1 -1 -1.5591 782.6553 182.2516 1020.6138 375.0000 1.4953 1.6334 3.8264 2.7339 1.6156 7.1277 -1.2079 0.4055
Car -1 -1 -0.0758 365.6306 187.2099 446.4307 260.0391 1.4934 3.6109 1.6083 -5.0882 1.8821 17.5427 -0.3547 0.3597
Car -1 -1 2.7689 834.9697 167.7365 967.8019 239.9668 1.4968 3.5876 1.6140 6.5504 1.3911 16.7480 3.1352 0.3129
Car -1 -1 -0.1523 807.8950 172.6898 881.0641 223.5247 1.5121 3.8607 1.6622 7.4870 1.5076 23.4934 0.1521 0.2686
