Pedestrian -1 -1 2.2091 1038.6466 170.8456 1116.6570 268.2385 1.6871 0.9414 0.7212 8.4018 1.6527 13.0661 2.7696 0.8026
Pedestrian -1 -1 1.4483 518.1090 178.3106 540.9261 222.1450 1.7266 0.8368 0.6364 -3.2723 1.9488 28.9259 1.3361 0.4726
Cyclist -1 -1 1.4946 766.2297 180.8710 822.1489 227.4721 1.7019 1.9763 0.7862 6.8516 2.0094 27.0911 1.7390 0.4261
Cyclist -1 -1 2.7824 633.5837 179.5077 649.7401 202.3903 1.6622 1.7251 0.6363 2.3286 2.1677 53.8622 2.8248 0.2835
Car -1 -1 -1.5756 602.2200 182.3450 677.3195 251.3914 1.5077 1.7012 4.1475 0.6879 1.7781 18.4285 -1.5399 0.6994
Car -1 -1 1.7840 357.0641 188.8759 406.7287 222.0905 1.5005 1.6255 3.7622 -11.4850 2.3529 36.4195 1.4802 0.6717
Car -1 -1 3.1939 448.8475 183.6863 473.3284 204.5725 1.4756 3.7937 1.6331 -11.3527 2.3323 55.0426 2.9910 0.6048
Car -1 -1 -0.7023 1111.3276 184.9896 1242.0000 236.5487 1.5357 1.6454 3.9844 18.3364 1.9343 22.7909 -0.0317 0.4767
Car -1 -1 2.9907 652.6116 175.2174 699.0720 208.5541 1.5241 3.7504 1.6959 3.1139 1.6460 35.1830 3.0777 0.4548
Car -1 -1 3.3921 404.8578 187.6028 439.6975 208.8223 1.5235 3.8317 1.7382 -14.6498 2.7157 56.3862 3.1387 0.4260
Car -1 -1 1.3979 713.4600 179.4519 750.4140 196.0938 1.5131 3.0980 2.0370 11.3539 2.1396 67.4444 1.5636 0.3586
Car -1 -1 -3.0492 540.8508 177.5787 569.1849 200.0632 1.5409 3.7580 1.7039 -3.9642 1.8950 52.1333 -3.1252 0.3543
Car -1 -1 -0.2313 577.5743 180.6253 681.1782 221.3617 1.5234 1.5604 3.8453 0.6989 1.8442 28.5835 -0.2078 0.3115
Car -1 -1 0.0273 494.3789 182.3453 536.8140 214.2624 1.5540 2.9600 2.1107 -4.9192 2.0705 37.6485 -0.1023 0.2991
