Pedestrian -1 -1 1.1073 825.4342 158.6082 946.5660 331.7547 1.7408 0.9878 0.6863 2.9061 1.5224 7.4973 1.4648 0.7440
Pedestrian -1 -1 -3.7316 1106.3870 185.9733 1224.0000 370.0000 1.6553 0.7256 0.6669 4.3162 1.7013 5.3363 -3.0786 0.4190
Pedestrian -1 -1 1.5701 58.9421 188.8729 98.1045 250.1209 1.7057 0.8939 0.7363 -15.2176 1.9556 20.4003 0.9382 0.3770
Pedestrian -1 -1 2.4773 832.4198 171.7312 877.2809 240.9724 1.6951 0.7895 0.7323 6.2452 1.4820 17.7966 2.8109 0.3455
Pedestrian -1 -1 2.9149 14.9197 172.5920 74.2170 261.9187 1.7393 0.8453 0.7792 -11.4036 1.5869 14.3310 2.2553 0.3131
Pedestrian -1 -1 2.5902 640.7880 161.0713 697.1512 260.2527 1.7520 0.8490 0.6892 1.1258 1.4105 13.0190 2.6761 0.2723
Pedestrian -1 -1 1.1372 971.9026 186.9305 1129.7968 370.0000 1.6436 0.7725 0.7043 3.2708 1.6974 5.3352 1.6628 0.2319
Pedestrian -1 -1 2.8132 516.3264 164.2719 567.0693 262.7607 1.7361 0.8707 0.6844 -1.2168 1.4517 12.9952 2.7239 0.2268
Pedestrian -1 -1 -0.0825 261.0822 166.0413 306.6801 260.4658 1.7713 0.8858 0.7472 -6.3312 1.5017 13.8268 -0.5015 0.2263
Pedestrian -1 -1 -0.8878 992.9412 164.3741 1069.3767 273.8611 1.7810 0.8830 0.6787 7.1927 1.5204 12.0293 -0.3589 0.1950
Pedestrian -1 -1 1.3550 77.8256 203.2626 112.8192 261.7808 1.7422 0.7529 0.7015 -15.8639 2.4674 21.9593 0.7375 0.1873
Pedestrian -1 -1 0.9465 810.7158 167.6950 870.9424 258.1697 1.7335 0.9573 0.6044 4.6150 1.4898 13.9762 1.2603 0.1780
Pedestrian -1 -1 2.3579 605.5908 167.7454 659.1465 255.0045 1.7414 0.8590 0.7106 0.5235 1.4885 14.6619 2.3945 0.1696
Pedestrian -1 -1 -0.9935 1157.5464 148.4057 1224.0000 256.2665 1.7736 0.8475 0.6837 10.1271 1.2475 12.1293 -0.3090 0.1607
Pedestrian -1 -1 -0.8417 728.7959 149.7685 784.1603 244.3748 1.8403 0.8453 0.6965 3.0166 1.2441 14.2955 -0.6363 0.1583
Cyclist -1 -1 1.9923 273.9669 174.8532 415.2144 287.2107 1.6991 1.9790 0.6824 -4.1113 1.6154 11.1043 1.6485 0.2399
Cyclist -1 -1 0.0949 255.6434 162.5550 302.8723 260.3548 1.7778 1.8129 0.6547 -6.3757 1.4533 13.8115 -0.3270 0.2136
Cyclist -1 -1 -0.9914 1121.0898 147.1451 1224.0000 256.9511 1.7560 1.8937 0.6008 10.1029 1.2243 12.2955 -0.3146 0.2086
Cyclist -1 -1 1.7397 630.6683 162.5889 737.1169 259.4797 1.7116 1.8692 0.6849 1.4210 1.3968 13.0694 1.8472 0.2071
Cyclist -1 -1 0.7464 1086.8285 194.8064 1224.0000 370.0000 1.6506 1.7487 0.6415 5.4232 1.7931 6.5047 1.4191 0.2055
Cyclist -1 -1 0.5889 77.3759 199.2423 123.9711 256.1414 1.6823 1.5397 0.3951 -15.8328 2.2925 22.1834 -0.0228 0.2031
Cyclist -1 -1 -0.4494 863.4727 184.6015 945.6708 307.5388 1.6516 1.6950 0.3928 4.3173 1.7187 10.4096 -0.0655 0.1949
Cyclist -1 -1 1.4915 681.3203 161.3888 757.8487 231.7040 1.7546 1.8791 0.6423 2.8647 1.2793 18.0315 1.6481 0.1857
Cyclist -1 -1 -0.7263 0.0000 170.5195 96.1345 260.6046 1.7690 1.8186 0.5920 -11.4013 1.5746 14.3377 -1.3856 0.1777
Cyclist -1 -1 -1.6116 551.1037 145.9210 627.6543 219.0057 1.7991 1.8922 0.6501 -0.4409 0.9495 17.7842 -1.6339 0.1562
Cyclist -1 -1 -0.4780 877.3537 157.0157 964.7682 270.1417 1.7756 1.7866 0.5770 5.2699 1.4087 12.0047 -0.0724 0.1558
Car -1 -1 0.3289 25.8831 184.4538 122.4685 230.8700 1.5465 3.8257 1.6651 -19.3936 1.7049 25.9801 -0.3048 0.2278
Car -1 -1 1.0408 918.8042 201.4217 1106.9442 267.7250 1.5546 3.8243 1.6983 10.2514 2.1157 18.0174 1.5518 0.2184
Car -1 -1 -2.1942 1167.1295 180.5775 1224.0000 370.0000 1.5536 1.6807 3.9874 6.2884 1.5561 5.3447 -1.3554 0.2016
Car -1 -1 -0.6055 559.8998 172.9223 607.3163 194.9120 1.5476 3.6783 1.6720 -1.5916 1.0156 51.7319 -0.6344 0.1752
