Pedestrian -1 -1 -3.5510 1052.8682 154.2974 1151.6470 306.8349 1.7697 0.8333 0.7163 5.9454 1.5548 8.8388 -2.9749 0.3179
Pedestrian -1 -1 2.7681 835.0819 172.2437 876.0058 244.9192 1.7457 0.7584 0.7207 5.9744 1.7314 17.7270 3.0873 0.2578
Cyclist -1 -1 -0.6001 1040.8754 144.0992 1198.2097 313.6602 1.8153 1.8542 0.5572 5.9573 1.5078 8.6528 -0.0136 0.3478
Car -1 -1 -1.7383 699.4948 180.4204 808.2432 261.6435 1.5315 1.6620 3.9565 2.9832 1.7201 15.9617 -1.5578 0.8008
Car -1 -1 -1.7239 676.7756 180.9144 755.0186 240.7136 1.5459 1.6563 3.8970 2.9515 1.8044 21.1420 -1.5879 0.7419
Car -1 -1 3.1672 517.9523 181.7334 556.0057 217.4507 1.5115 3.7840 1.6569 -3.3747 1.9475 33.4496 3.0669 0.5440
Car -1 -1 -0.1372 643.3882 178.5814 683.6368 208.0536 1.5071 3.6394 1.7025 2.8444 1.8358 39.4929 -0.0663 0.4371
Car -1 -1 2.9651 529.1363 180.2653 565.6481 205.5676 1.4865 3.7838 1.6544 -4.0320 1.9765 45.6269 2.8770 0.3243
Car -1 -1 -1.7676 652.1357 168.6987 717.5176 215.3274 1.6460 1.7450 3.7784 2.7211 1.4997 27.4347 -1.6704 0.3104
Car -1 -1 -0.4760 482.3020 174.6364 524.1778 196.9580 1.5997 3.5876 1.6323 -8.0381 1.7381 53.9491 -0.6235 0.2303
