Pedestrian -1 -1 -0.4435 815.9420 125.6174 914.5841 304.9666 1.8241 0.8906 0.6806 2.6852 1.3441 7.8202 -0.1252 0.4225
Pedestrian -1 -1 1.5295 690.1118 165.1024 708.2316 199.9361 1.8463 0.9362 0.5876 4.7269 1.4358 38.5721 1.6501 0.3329
Car -1 -1 1.7298 388.7629 191.5782 480.4474 264.7431 1.4349 1.5242 3.5816 -4.0490 1.9225 16.9317 1.4977 0.7474
Car -1 -1 1.9228 162.7622 193.0541 432.9109 352.9014 1.5250 1.8424 4.0616 -3.7585 1.8472 9.4455 1.5527 0.7424
Car -1 -1 3.6770 0.0000 203.2145 227.9422 355.7274 1.4447 3.7077 1.6417 -6.7807 1.9252 9.4997 3.0699 0.6297
Car -1 -1 3.2215 449.5839 181.6846 491.7888 216.4650 1.5473 4.0002 1.7066 -6.7810 2.0043 35.2343 3.0323 0.5360
Car -1 -1 -1.6932 642.7803 177.7037 693.4033 215.9654 1.5021 1.6765 3.8410 2.3712 1.7225 30.7781 -1.6177 0.5349
Car -1 -1 1.7650 375.3591 185.0547 446.3770 233.7356 1.4534 1.6675 3.3392 -6.6199 1.8909 24.1280 1.4994 0.4233
Car -1 -1 -3.3821 776.5847 175.0398 912.7991 224.3188 1.5540 1.7370 3.9718 7.6138 1.6295 23.8331 -3.0771 0.3991
Car -1 -1 1.5459 715.4372 175.1179 793.7635 210.6796 1.5609 3.4178 1.7064 6.5200 1.6681 32.9380 1.7391 0.3797
Car -1 -1 1.2547 735.4901 170.3587 844.8391 213.9085 1.5581 3.5926 1.6742 6.5928 1.4691 26.7856 1.4929 0.3272
