Pedestrian -1 -1 1.5063 804.7115 175.2673 887.6061 324.5482 1.6449 0.8641 0.6086 2.6584 1.6746 8.3562 1.8028 0.4444
Pedestrian -1 -1 2.7383 662.4890 181.9829 687.6705 226.3966 1.6325 0.7870 0.6900 2.4054 1.9830 27.1972 2.8247 0.3551
Pedestrian -1 -1 3.3056 182.7956 170.9213 209.6176 223.4285 1.7770 0.6755 0.6993 -14.2915 1.7119 24.8538 2.7881 0.2631
Pedestrian -1 -1 1.3700 643.9210 179.1351 660.9807 214.7141 1.7188 0.7086 0.6992 2.0407 2.0308 35.3921 1.4265 0.2453
Pedestrian -1 -1 1.7743 311.8867 189.7697 346.6818 243.0975 1.6180 0.8660 0.8450 -8.8614 2.1617 22.6862 1.4054 0.2440
Pedestrian -1 -1 2.3807 634.1580 176.8484 648.9044 206.9744 1.7748 0.5144 0.7244 1.8484 2.0159 43.0516 2.4228 0.2351
Pedestrian -1 -1 -1.0473 625.4139 176.2327 635.8524 196.5099 1.7890 0.6554 0.7254 1.8191 2.0927 64.2964 -1.0196 0.2196
Pedestrian -1 -1 2.1471 401.0976 180.9160 421.2204 213.8349 1.6719 0.7670 0.6599 -10.3098 2.0937 37.2841 1.8787 0.2161
Cyclist -1 -1 -0.3395 719.9770 170.2614 742.7535 205.4902 1.7515 1.8053 0.5716 6.1412 1.6229 36.8088 -0.1760 0.5633
Cyclist -1 -1 0.0018 371.9022 172.0376 382.8162 203.5252 1.8777 2.0830 0.6209 -14.2535 1.8294 44.1116 -0.3093 0.3440
Cyclist -1 -1 0.6695 206.6439 170.1115 251.3317 218.9217 1.7963 1.8041 0.4885 -14.5308 1.6957 27.4826 0.1869 0.2616
Cyclist -1 -1 3.2694 318.6274 192.8354 340.1892 245.5677 1.5569 1.5561 0.4359 -8.8704 2.2089 22.7201 2.9006 0.2592
Cyclist -1 -1 3.4238 143.2717 194.5631 180.5410 268.5103 1.6670 1.6671 0.3137 -10.9621 2.2226 17.6050 2.8733 0.2462
Cyclist -1 -1 -0.3040 623.6530 177.3130 636.1384 196.0434 1.6381 1.6706 0.6414 1.7496 2.0421 64.4179 -0.2774 0.2113
Car -1 -1 1.6776 451.7591 179.7828 501.7577 218.5379 1.5566 1.7540 3.8493 -5.8210 1.8802 31.6722 1.4968 0.7174
Car -1 -1 -3.1516 682.5597 173.9426 704.9152 194.5906 1.5606 3.7401 1.6874 6.5287 1.6494 56.6837 -3.0379 0.3270
Car -1 -1 -1.3934 386.1894 178.9589 437.5181 197.9086 1.5612 3.9402 1.8256 -16.7990 2.0889 61.2285 -1.6604 0.3018
Car -1 -1 -0.7069 750.4593 178.0187 803.2516 199.9465 1.5034 3.8301 1.6433 12.0708 1.8946 52.5235 -0.4827 0.2785
Car -1 -1 -0.5071 840.1396 173.4641 879.2502 191.6953 1.5362 3.2909 1.8378 21.6358 1.5910 62.6943 -0.1766 0.2734
Car -1 -1 -0.7002 744.1035 178.9528 813.6594 207.6585 1.5136 4.0043 1.6598 9.5230 1.8798 41.1208 -0.4747 0.2506
Car -1 -1 0.3736 325.9932 183.2504 392.7870 217.2648 1.5137 4.0949 1.7171 -12.2628 2.0550 35.4611 0.0426 0.2482
Car -1 -1 2.4022 707.1978 176.9319 768.1916 201.7918 1.5676 4.0967 1.7067 8.4819 1.8539 48.3985 2.5742 0.2428
Car -1 -1 3.2613 150.7403 181.7295 190.7742 208.3474 1.5390 4.1408 1.6619 -27.6283 2.1256 45.4306 2.7173 0.2376
Car -1 -1 1.6759 900.7167 173.2583 968.5272 199.9849 1.6075 3.7182 1.6190 20.2373 1.6340 45.0746 2.0951 0.2180
Car -1 -1 2.1198 984.3769 170.9519 1059.5088 195.8848 1.5717 3.9917 1.7234 27.1031 1.4522 47.6443 2.6340 0.2122
