Cyclist -1 -1 1.7342 478.0085 179.9450 541.0468 232.5888 1.6121 1.8577 0.6913 -3.0872 1.4519 22.3814 1.5983 0.3652
Car -1 -1 -1.0966 0.0000 186.1437 232.6763 300.7666 1.5309 1.8071 3.5372 -7.7200 1.5493 11.4825 -1.6779 0.6897
Car -1 -1 -1.5701 563.5718 180.7072 619.0955 231.2145 1.5195 1.6716 3.8244 -0.5830 1.3850 23.5548 -1.5950 0.6640
Car -1 -1 1.6204 479.4665 183.7628 536.6244 233.1273 1.5230 1.7061 3.9983 -3.3216 1.4793 24.2397 1.4852 0.6099
Car -1 -1 -1.0188 0.0000 210.5345 283.7494 376.0000 1.5017 1.6515 4.0209 -3.0033 1.6928 3.2789 -1.7206 0.5879
Car -1 -1 -0.0897 276.3466 182.6704 330.1266 221.0064 1.5012 3.6969 1.7561 -12.8727 1.4027 30.1907 -0.4899 0.5714
Car -1 -1 -1.3931 305.2267 183.9382 474.8908 309.6535 1.5915 1.7917 3.7845 -3.1711 1.5764 11.0653 -1.6662 0.5619
Car -1 -1 3.1760 424.5340 181.4659 461.2758 212.6241 1.4911 3.5300 1.6847 -8.3063 1.3128 36.2904 2.9523 0.5542
Car -1 -1 3.1633 467.7651 179.1562 492.8383 201.8453 1.5018 3.6279 1.6216 -8.7638 1.1019 49.4940 2.9886 0.4417
Car -1 -1 2.8413 523.5952 179.3846 561.9552 202.9101 1.5774 3.7222 1.6365 -4.5990 1.1876 50.2296 2.7501 0.4080
Car -1 -1 -1.2513 311.5286 180.8039 403.6341 234.4167 1.5497 1.6159 3.8020 -7.8154 1.4233 22.6832 -1.5798 0.3616
Car -1 -1 -0.1315 502.0038 181.7183 545.9352 212.4057 1.5186 3.3563 1.8407 -4.4356 1.3466 37.4221 -0.2491 0.3493
Car -1 -1 3.0804 388.2784 178.8639 419.0209 204.0191 1.5196 3.6460 1.6467 -12.9511 1.1370 45.4150 2.8038 0.3485
