Pedestrian -1 -1 2.2853 171.1447 192.0441 285.7327 344.5578 1.5964 0.8060 0.8206 -4.3515 1.8272 8.1679 1.8085 0.4064
Pedestrian -1 -1 0.9101 695.6215 169.7802 710.5590 193.6320 1.8537 0.9914 0.6183 7.2764 1.6152 56.5929 1.0369 0.3883
Car -1 -1 -1.7193 678.0322 177.2314 783.3588 257.4444 1.6055 1.7523 4.1821 2.6018 1.7203 16.7607 -1.5689 0.7532
Car -1 -1 -1.6414 654.6442 179.9724 704.9544 224.3534 1.5511 1.6359 3.8850 2.5785 1.8451 27.8012 -1.5507 0.6848
Car -1 -1 -1.7417 665.1116 179.4272 742.2992 235.6642 1.5202 1.6342 4.0789 2.7129 1.7405 22.0658 -1.6218 0.6278
Car -1 -1 -1.5907 639.4949 179.1377 670.4500 208.1068 1.4952 1.6227 3.4861 2.4061 1.8575 39.7822 -1.5312 0.5657
Car -1 -1 -2.5207 40.0007 182.1519 332.8799 291.0359 1.5463 1.8813 3.6458 -6.6925 1.7103 11.5649 -3.0358 0.4830
Car -1 -1 0.8711 323.8508 178.2812 444.5949 240.8861 1.6650 2.1781 2.6481 -6.6335 1.8363 21.1006 0.5696 0.4682
Car -1 -1 0.3498 226.2163 183.3985 417.8431 256.5143 1.5321 1.6565 3.6574 -6.4150 1.7824 16.2342 -0.0215 0.4486
Car -1 -1 -2.2822 402.9836 173.6093 504.8786 218.9379 1.5576 3.0726 2.0820 -5.7786 1.5879 26.7063 -2.4937 0.4078
Car -1 -1 3.4121 169.0524 182.1458 401.7966 270.8241 1.5477 1.6416 3.7791 -6.1273 1.7408 13.8891 3.0031 0.4011
Car -1 -1 0.2219 270.7145 181.6109 432.8730 244.7104 1.5340 1.5920 3.7202 -6.6717 1.7750 18.8210 -0.1149 0.3851
Car -1 -1 -2.3870 425.8668 178.3890 508.2935 217.0599 1.5544 2.2506 2.6745 -6.1954 1.8064 31.1395 -2.5823 0.3450
Car -1 -1 -1.3391 318.4521 173.6049 428.7626 230.0065 1.7370 3.0140 1.9890 -7.6149 1.7628 23.3604 -1.6513 0.3255
