Pedestrian -1 -1 0.0757 699.0356 166.3807 714.6436 211.2697 1.8342 0.6998 0.5919 3.9726 1.5701 29.8836 0.2060 0.3640
Pedestrian -1 -1 1.8256 300.9068 136.7822 390.5644 288.2550 1.8584 0.9536 0.5867 -3.3985 1.4162 9.1853 1.4798 0.3276
Pedestrian -1 -1 -0.3256 696.4391 152.2180 743.5942 249.2227 1.8410 0.8805 0.6643 2.0998 1.4497 14.1843 -0.1825 0.2256
Pedestrian -1 -1 -0.3446 403.7745 163.0489 421.1956 201.2287 1.8621 0.7008 0.6309 -9.8006 1.3842 35.6558 -0.6112 0.2240
Pedestrian -1 -1 -2.0983 809.6785 166.9905 860.1409 254.9173 1.7636 0.7562 0.6723 4.5815 1.6464 14.8849 -1.8061 0.2104
Pedestrian -1 -1 1.7324 464.2214 161.1394 513.0098 246.6898 1.8338 0.9599 0.6643 -2.6971 1.5830 15.7983 1.5653 0.2083
Pedestrian -1 -1 -0.1528 449.0838 149.9480 478.9751 223.7621 1.8064 0.9619 0.5992 -3.7405 1.2462 18.2100 -0.3530 0.2070
Pedestrian -1 -1 0.7726 1223.8027 187.0484 1242.0000 219.9201 1.7086 0.7150 0.7167 33.1488 2.4687 38.2259 1.4826 0.1898
Pedestrian -1 -1 -1.0870 939.4124 132.5046 1004.6186 243.5971 1.8623 0.7859 0.7032 6.2751 1.1863 12.6178 -0.6351 0.1873
Cyclist -1 -1 -0.5039 1001.0706 182.0996 1022.0121 206.3271 1.7410 1.6482 0.6295 29.6251 2.4350 53.3017 0.0005 0.3508
Cyclist -1 -1 1.1826 968.5212 147.3050 1071.6024 226.0192 1.7121 1.8466 0.7970 9.1190 1.1567 16.1941 1.6874 0.3308
Cyclist -1 -1 -0.6599 931.0199 167.1318 967.7736 204.7237 1.7813 1.8241 0.6276 16.4747 1.5105 35.1475 -0.2252 0.2333
Cyclist -1 -1 1.2290 986.4057 177.9188 1201.2631 333.4781 1.7008 1.9529 0.7981 5.5763 1.7653 8.5285 1.7913 0.2211
Cyclist -1 -1 -0.2109 306.6170 187.0453 341.9037 243.8498 1.6346 1.7909 0.6479 -8.8321 2.0888 22.1478 -0.5868 0.2142
Cyclist -1 -1 -0.2862 382.5725 174.0036 397.2876 196.8798 1.8138 1.9328 0.6165 -17.8078 1.9086 58.2823 -0.5817 0.1985
Cyclist -1 -1 0.1271 827.6693 186.1611 849.2330 259.0782 1.6265 1.6561 0.2962 5.4092 1.9592 17.2047 0.4258 0.1902
Cyclist -1 -1 1.9123 446.8276 169.9196 540.1511 248.7918 1.6767 1.8945 0.7183 -2.5998 1.6147 15.8601 1.7516 0.1863
Car -1 -1 -0.1215 564.5577 174.8521 595.2648 199.2936 1.5528 3.7166 1.6001 -2.0735 1.6918 48.1222 -0.1647 0.3480
Car -1 -1 -0.1350 361.8776 178.3493 388.7878 198.4278 1.5677 3.6700 1.6286 -19.3806 2.0361 59.4403 -0.4492 0.2885
Car -1 -1 -0.1694 604.5131 175.6259 644.2849 204.6479 1.5551 3.6555 1.6542 0.7363 1.7202 40.9609 -0.1521 0.2882
Car -1 -1 1.2004 1039.5549 169.5934 1112.4148 194.7230 1.5954 3.6308 1.6525 30.2489 1.3888 46.9746 1.7694 0.2835
Car -1 -1 -1.7426 505.8584 177.2670 551.4424 196.7176 1.5095 3.3552 1.9764 -6.5855 1.8737 58.0582 -1.8554 0.2523
Car -1 -1 -0.8339 1003.6080 173.2598 1072.7048 196.3163 1.5798 4.1510 1.7569 30.6046 1.6106 51.7591 -0.3027 0.2371
Car -1 -1 0.0114 827.9915 178.2457 906.1127 248.6629 1.5006 3.7894 1.6281 6.2634 1.6490 17.7469 0.3447 0.2045
Car -1 -1 -3.0857 847.4033 176.4647 886.3373 210.4378 1.5893 3.9160 1.6436 12.9358 1.7821 36.3263 -2.7466 0.1948
Car -1 -1 -0.0984 336.4443 179.0804 371.6676 206.8902 1.5299 3.8752 1.5916 -15.2225 1.9169 42.7188 -0.4391 0.1844
