Pedestrian -1 -1 2.3443 972.1055 151.7241 1012.8534 216.6971 1.8521 0.8085 0.6746 11.1074 1.2501 21.0545 2.8236 0.4513
Pedestrian -1 -1 2.5003 998.2665 151.6362 1021.0504 193.6121 1.9100 0.6501 0.6580 18.3455 0.9449 33.1973 3.0012 0.2836
Pedestrian -1 -1 -0.4788 1118.7635 150.5657 1158.9711 213.8739 1.8494 0.9310 0.6038 15.7583 1.1986 21.5793 0.1452 0.2499
Cyclist -1 -1 -0.5167 950.0900 165.6172 976.4219 196.6556 1.6930 1.6619 0.5647 19.6329 1.2986 40.2004 -0.0656 0.2647
Car -1 -1 -1.1600 0.0000 158.8302 284.0351 265.7507 1.6289 3.7033 1.7267 -7.7401 1.4156 12.1166 -1.7187 0.4379
Car -1 -1 -0.5619 786.8523 165.3318 1056.5493 278.2968 1.5668 1.5974 3.5083 4.6522 1.4629 11.0973 -0.1752 0.4213
Car -1 -1 1.7442 187.3409 166.2755 371.1839 241.2937 1.6486 3.7204 1.7148 -7.7428 1.5044 17.1380 1.3252 0.3965
Car -1 -1 1.1546 562.0063 174.3676 649.6385 209.2901 1.5236 3.5853 1.8617 -0.2386 1.5970 33.2001 1.1469 0.3830
Car -1 -1 -3.6127 959.8984 169.9555 1044.1184 210.0584 1.5676 3.6236 1.5856 16.1674 1.4547 30.0279 -3.1233 0.3504
Car -1 -1 1.8690 106.0136 166.3003 337.2865 253.8054 1.6266 3.7776 1.7094 -7.7164 1.5052 14.5910 1.3897 0.3329
Car -1 -1 1.3297 686.1773 161.0596 811.6606 214.5456 1.5434 3.4149 1.6273 4.0757 1.2034 21.7298 1.5122 0.3172
Car -1 -1 1.9712 297.4890 154.4267 431.5695 220.4787 1.9822 3.6043 1.7032 -7.6820 1.4295 22.6368 1.6472 0.2802
Car -1 -1 2.1664 1143.9802 167.6089 1239.6824 196.7283 1.5951 4.0467 1.6935 33.4874 1.3082 41.7062 2.8393 0.2663
Car -1 -1 0.9385 571.2766 168.9368 645.8734 200.7891 1.5698 3.1909 2.1850 -0.1073 1.3771 37.3832 0.9352 0.2504
