Pedestrian -1 -1 -0.1033 524.6462 163.8480 546.3864 215.3341 1.8480 0.8552 0.7050 -2.7731 1.5251 26.3863 -0.2075 0.4129
Pedestrian -1 -1 2.1581 1133.0946 152.9135 1234.4081 298.1013 1.7491 0.8063 0.6104 7.2204 1.5093 9.1705 2.8090 0.4024
Pedestrian -1 -1 2.7985 701.5640 172.9828 733.0168 226.6447 1.7080 0.8893 0.7539 3.4378 1.7126 23.4756 2.9414 0.2993
Cyclist -1 -1 -0.3763 697.3474 173.2915 736.2701 227.7557 1.7025 1.7818 0.6359 3.4133 1.7177 23.5076 -0.2346 0.3957
Car -1 -1 1.6343 413.5724 182.0772 478.7440 239.7336 1.5087 1.6479 3.6862 -4.8302 1.8082 21.4506 1.4148 0.7000
Car -1 -1 -1.9081 353.9649 181.6487 424.5596 221.2537 1.5173 1.7252 3.7031 -9.4303 1.9142 30.5313 -2.2057 0.5311
Car -1 -1 3.3597 0.0000 182.3461 70.0355 253.4674 1.5529 3.9855 1.6604 -15.3329 1.8247 18.4796 2.6741 0.5005
Car -1 -1 -1.9291 628.4236 174.3311 699.3577 199.8106 1.5926 4.1982 1.8566 3.4459 1.6917 46.7501 -1.8564 0.4981
Car -1 -1 1.3449 498.0829 175.4206 542.0242 196.4182 1.8161 3.5656 1.8112 -8.0343 2.0501 64.2235 1.2206 0.4001
Car -1 -1 -2.6602 513.9318 178.4078 571.3108 206.7480 1.5755 4.0784 1.7279 -4.0051 1.9254 43.1919 -2.7526 0.3389
Car -1 -1 3.0856 163.6871 180.7043 230.8253 236.0943 1.5970 3.9043 1.6855 -13.5401 1.8758 23.4918 2.5673 0.3388
Car -1 -1 -1.1234 237.0416 182.3521 291.0594 200.7876 1.5857 3.9315 1.7762 -30.6127 2.4386 63.8710 -1.5689 0.2952
