Pedestrian -1 -1 1.6351 346.2236 169.7290 375.2670 218.9134 1.9058 1.0411 0.6472 -9.8469 1.7851 28.4052 1.3039 0.5110
Pedestrian -1 -1 -0.8332 833.8729 144.5696 919.5574 279.5106 1.8286 0.9222 0.6966 3.7577 1.4457 10.3463 -0.4948 0.4447
Pedestrian -1 -1 0.8431 452.3045 173.4049 472.5046 201.5385 1.8313 1.2506 0.5619 -9.7756 1.8685 47.6589 0.6415 0.2796
Cyclist -1 -1 -2.5365 100.1301 169.3049 131.0531 200.8219 1.8864 1.9123 0.5725 -30.2609 1.6743 44.1418 -3.1348 0.2725
Car -1 -1 -2.5709 47.2654 188.5066 228.6067 266.7793 1.5002 3.7675 1.6609 -10.5917 1.8989 16.4711 -3.1353 0.6912
Car -1 -1 -0.4602 645.5781 175.7289 697.2859 202.8412 1.5469 3.6947 1.6342 3.6295 1.7291 43.6121 -0.3782 0.5138
Car -1 -1 3.0443 645.2857 178.3616 689.2230 213.6558 1.5203 3.6895 1.6679 2.5652 1.7907 33.5210 3.1194 0.5094
Car -1 -1 -0.0416 605.3728 176.3976 637.4924 205.0490 1.5444 3.7658 1.6704 0.5779 1.7568 41.2663 -0.0282 0.4794
Car -1 -1 -2.1102 805.2397 171.3434 861.6751 192.4906 1.6618 3.9850 1.7878 17.9362 1.5434 58.0409 -1.8122 0.4144
Car -1 -1 2.0535 0.0000 197.4464 62.1404 347.3346 1.5035 1.5634 3.9184 -9.4971 1.9167 10.0171 1.3080 0.3483
Car -1 -1 -2.2216 1036.5686 151.3906 1163.4014 192.4735 1.4484 3.4929 1.7647 17.8345 0.6920 26.4241 -1.6330 0.2866
Car -1 -1 -3.5203 1142.2019 155.3828 1242.0000 213.3384 1.5924 3.4182 1.8286 17.7539 1.1127 21.7256 -2.8420 0.2796
Car -1 -1 -0.2990 267.3278 182.4353 299.3879 199.8816 1.5296 3.5728 1.7502 -30.4968 2.4490 67.2846 -0.7234 0.2662
