Pedestrian -1 -1 3.3007 397.7823 173.4854 423.5690 222.7380 1.7992 0.9061 0.7918 -7.4559 1.8235 26.8616 3.0320 0.5363
Pedestrian -1 -1 2.8243 748.3985 160.3809 768.9648 202.6937 1.8733 0.8465 0.6715 6.6319 1.3215 32.4022 3.0240 0.4280
Pedestrian -1 -1 3.7782 0.1665 196.8201 26.3427 231.9706 1.7528 0.7477 0.7302 -30.5537 2.9920 36.9039 3.0901 0.4193
Pedestrian -1 -1 2.0242 0.0000 187.6575 46.9738 267.3220 1.7348 0.9233 0.7251 -13.5252 2.0798 16.3384 1.3406 0.2686
Pedestrian -1 -1 2.9125 323.9553 176.9068 353.2371 236.4671 1.7163 0.8451 0.6381 -8.0969 1.8398 21.3893 2.5542 0.2595
Pedestrian -1 -1 1.2197 769.7177 186.8316 807.7852 245.1264 1.7707 0.9435 0.7757 5.5357 2.2167 22.5636 1.4563 0.2390
Pedestrian -1 -1 3.0198 113.5138 174.7179 132.0070 212.8445 1.7858 0.7176 0.6484 -23.2203 1.8761 34.3248 2.4285 0.2389
Pedestrian -1 -1 2.3590 854.1385 162.1236 881.8502 206.2641 1.8542 0.8886 0.6889 10.9882 1.4038 30.8566 2.6977 0.2310
Cyclist -1 -1 2.7714 852.1863 163.5312 880.9327 207.2240 1.8243 1.8146 0.5365 10.9787 1.4354 31.0387 3.1080 0.3803
Cyclist -1 -1 -0.1874 795.5209 173.1770 834.0828 239.5014 1.7483 1.8748 0.6755 5.6008 1.7580 19.9880 0.0811 0.3477
Cyclist -1 -1 2.6319 847.1262 178.8057 870.8677 206.4292 1.7014 1.7832 0.6285 15.7519 2.0870 45.7743 2.9608 0.3111
Cyclist -1 -1 2.3293 67.1784 187.1237 198.8272 282.3481 1.7297 2.0757 0.8990 -9.2331 2.0178 13.9213 1.7522 0.2784
Cyclist -1 -1 1.2305 898.7047 175.7838 1051.8220 287.9950 1.6920 2.0006 0.8249 5.6765 1.7409 11.4238 1.6804 0.2613
Cyclist -1 -1 -2.5998 169.6691 161.1018 230.1602 226.9454 1.7845 1.8024 0.6504 -11.6414 1.4663 20.4626 -3.1117 0.2601
Cyclist -1 -1 0.0578 433.1498 178.9136 442.5133 200.8995 1.7326 1.9973 0.6242 -13.9690 2.2327 58.4667 -0.1761 0.2347
Cyclist -1 -1 0.1245 136.4681 170.8960 159.9832 214.4847 1.7964 1.8712 0.6108 -19.6807 1.7160 30.7096 -0.4416 0.2319
Cyclist -1 -1 -3.2293 668.8701 185.3038 683.8173 219.5048 1.7334 1.5755 0.6420 3.4429 2.4019 37.9289 -3.1403 0.2318
Cyclist -1 -1 0.0136 385.1384 175.1302 397.5029 208.4649 1.7412 1.7223 0.6113 -11.7648 1.8666 38.7217 -0.2798 0.2285
Car -1 -1 1.7057 414.6591 190.5659 514.0961 266.7190 1.4899 1.7967 3.3619 -3.2911 1.9414 16.6486 1.5127 0.7513
Car -1 -1 3.2126 449.6059 182.1086 480.3892 207.1526 1.4677 3.6962 1.6508 -9.1657 2.0785 45.6526 3.0151 0.3510
Car -1 -1 1.4365 499.5610 189.9612 538.5809 218.0235 1.5165 1.8687 3.4397 -5.5178 2.5866 43.2119 1.3097 0.3266
Car -1 -1 -0.2702 421.4407 177.9188 479.5193 213.2742 1.5678 4.0296 1.7156 -7.7882 1.8278 34.7996 -0.4892 0.3252
Car -1 -1 2.5453 624.1539 180.0998 665.5077 199.7796 1.5059 3.5691 1.6257 2.7730 2.1142 58.5900 2.5919 0.3095
Car -1 -1 -0.1539 379.3989 187.9454 434.1252 227.7738 1.4906 3.7928 1.6701 -8.7256 2.1753 30.6436 -0.4296 0.2642
Car -1 -1 0.1007 427.8732 176.6645 454.7883 198.1720 1.6076 3.9133 1.6739 -13.2425 1.9182 56.7017 -0.1281 0.2410
