Pedestrian -1 -1 2.3355 992.4886 146.3076 1033.1936 215.0135 1.8592 0.7459 0.6430 11.0988 1.1412 19.9750 2.8361 0.2755
Pedestrian -1 -1 -2.1805 1218.7323 165.0967 1242.0000 200.3780 1.7881 0.7982 0.6750 31.8101 1.3953 36.9395 -1.4737 0.1876
Cyclist -1 -1 -0.8573 1209.4238 167.9559 1242.0000 201.4581 1.6742 1.6668 0.6272 31.7227 1.4298 36.9255 -0.1518 0.2174
Cyclist -1 -1 -1.1817 1035.5483 136.2656 1145.3408 229.4764 1.8594 1.8677 0.5505 10.1024 1.1299 15.3146 -0.6076 0.2056
Cyclist -1 -1 -0.7197 1197.6450 173.8445 1242.0000 236.8051 1.6060 1.5505 0.5240 16.5006 1.6338 19.2067 -0.0180 0.1975
Cyclist -1 -1 -0.7736 1033.6523 153.4603 1122.4060 232.2657 1.7080 1.8160 0.6029 10.6603 1.2880 16.5866 -0.2108 0.1882
Car -1 -1 0.7362 805.4153 157.9789 1080.4509 291.3653 1.5820 2.9740 2.0473 4.5459 1.4059 10.0989 1.1476 0.4653
Car -1 -1 -1.0536 0.0000 173.2087 268.8241 281.2659 1.5337 3.5100 1.6143 -7.4637 1.5400 11.1579 -1.6324 0.3853
Car -1 -1 -1.3074 275.1137 149.7055 416.9739 211.5829 1.7647 3.6562 1.7452 -7.8469 1.1049 21.5933 -1.6523 0.3368
Car -1 -1 1.2874 546.3707 167.6360 649.1393 210.8155 1.7338 3.9752 1.8515 -0.5787 1.5247 30.4465 1.2680 0.2790
Car -1 -1 2.3295 1156.6741 166.2903 1242.0000 196.4636 1.5353 3.6560 1.6577 31.5874 1.2017 38.6316 3.0110 0.2151
Car -1 -1 -2.1259 562.6613 161.6563 650.7988 199.2083 1.6230 3.4902 2.0130 -0.1844 1.1394 32.9624 -2.1319 0.2038
Car -1 -1 1.9629 60.7936 164.0856 330.3097 261.7678 1.6522 3.9461 1.7117 -7.4773 1.5042 13.2735 1.4581 0.2002
