Pedestrian -1 -1 3.0240 152.9323 138.7180 232.4428 306.3895 1.8397 0.9870 0.7086 -4.9952 1.4655 8.5216 2.5069 0.6039
Cyclist -1 -1 -0.2458 528.5087 178.2581 546.5471 208.1302 1.7199 1.8603 0.6305 -4.3502 2.0488 42.8774 -0.3468 0.4142
Car -1 -1 -1.6014 584.3771 180.6434 638.5098 230.1326 1.4919 1.6800 3.7393 -0.0639 1.7745 24.2436 -1.6048 0.7050
Car -1 -1 -2.2561 190.2567 164.9983 429.4545 277.9539 1.5900 1.6143 3.7100 -4.9663 1.4798 11.7429 -2.6487 0.4667
Car -1 -1 3.4200 172.3214 182.8208 253.9535 229.0565 1.5244 3.7311 1.6647 -14.5905 1.9206 26.6510 2.9230 0.4581
Car -1 -1 -0.3602 400.4412 180.0767 494.7432 234.6020 1.5367 3.5858 1.7517 -5.2524 1.7854 22.8348 -0.5844 0.4200
Car -1 -1 3.1793 323.3571 172.2328 420.8983 256.4604 1.5617 3.5469 1.7501 -5.0031 1.5506 15.3199 2.8681 0.4108
Car -1 -1 -0.3062 434.3891 176.6503 512.4465 224.1870 1.5439 3.4748 1.7566 -4.9673 1.6897 25.6882 -0.4958 0.3437
Car -1 -1 1.6818 0.0000 170.6913 105.3473 375.0000 1.5355 1.6946 3.4849 -4.3050 1.5279 4.5772 0.9557 0.3228
Car -1 -1 -2.5404 879.4657 187.2714 1242.0000 375.0000 1.5420 1.6777 3.9545 2.7383 1.6341 2.4823 -1.7641 0.3194
Car -1 -1 -0.1791 660.6767 172.5860 722.9236 216.1109 1.5705 4.1989 1.6684 3.0655 1.5612 28.1867 -0.0725 0.3109
Car -1 -1 -0.0432 639.9557 178.5649 665.2312 200.2644 1.5161 3.4669 1.6993 3.0752 1.9504 53.0732 0.0139 0.3032
Car -1 -1 -2.7672 566.3313 178.2415 626.3182 209.5715 1.5213 2.7452 2.2539 -0.7066 1.8126 37.2892 -2.7866 0.2856
