Pedestrian -1 -1 1.9598 1109.4454 166.9488 1185.9022 272.0926 1.6827 0.8308 0.6933 8.9426 1.5885 12.0803 2.5848 0.6838
Pedestrian -1 -1 1.8434 269.7467 150.6120 371.2518 305.4977 1.8480 1.0456 0.5995 -3.6250 1.5830 8.9580 1.4683 0.6220
Pedestrian -1 -1 1.4502 1078.8385 164.3871 1146.6482 261.5157 1.6938 0.9112 0.8213 9.0879 1.5465 13.1533 2.0438 0.4112
Pedestrian -1 -1 3.2520 278.3466 168.4209 323.7946 266.7202 1.7730 0.8673 0.6892 -5.8276 1.6934 13.5257 2.8517 0.3043
Cyclist -1 -1 -0.7375 1153.6233 163.5465 1219.1371 217.5672 1.8108 1.8347 0.7309 19.9874 1.4992 25.1245 -0.0716 0.3036
Cyclist -1 -1 2.5417 989.6422 181.9649 1033.2504 232.0453 1.7092 1.6980 0.4789 14.2916 2.0465 25.8081 3.0419 0.2981
Cyclist -1 -1 0.8429 1041.1504 169.9127 1174.0171 264.8046 1.6761 1.9871 0.8129 9.0854 1.6245 13.2823 1.4319 0.2976
Cyclist -1 -1 -0.9362 936.2819 165.6793 1018.2578 238.4419 1.5841 1.6235 0.6149 8.3522 1.4283 16.5684 -0.4769 0.2674
Cyclist -1 -1 -0.5665 1165.1122 192.5615 1242.0000 320.2666 1.6629 1.6081 0.3983 8.7407 1.9717 10.4679 0.1144 0.2668
Cyclist -1 -1 -1.0491 1110.6976 153.7540 1179.9484 205.6667 1.6991 1.6699 0.8917 18.1491 1.0743 24.5577 -0.4186 0.2594
Car -1 -1 -1.6216 566.6770 183.7574 636.9565 248.6731 1.4879 1.6423 3.7395 -0.3529 1.8061 19.1042 -1.6408 0.6950
Car -1 -1 3.1941 413.4117 184.7166 446.8045 211.6568 1.5656 3.8782 1.8556 -11.4134 2.3539 45.8413 2.9510 0.5223
Car -1 -1 0.1841 371.0433 181.6742 418.5029 199.5379 1.5987 2.0008 3.9206 -19.9524 2.4322 66.9556 -0.1048 0.5106
Car -1 -1 3.2292 390.0473 187.6109 431.6886 222.1483 1.5823 3.7671 1.7187 -10.1298 2.3759 36.7760 2.9618 0.3756
Car -1 -1 -1.3415 145.1590 176.4085 312.4188 291.0685 1.6731 1.7057 3.9160 -6.5510 1.7467 12.7596 -1.8079 0.3480
Car -1 -1 -0.2283 772.0107 182.9634 807.0580 205.4158 1.5158 3.7531 1.6456 12.9390 2.2753 52.2946 0.0124 0.3336
Car -1 -1 3.4363 75.2556 178.8984 125.0022 204.1120 1.5966 3.9366 1.6710 -34.4705 2.0240 48.8392 2.8241 0.2765
