Pedestrian -1 -1 1.1702 983.1086 168.0135 1046.6025 254.6399 1.7193 0.9540 0.6288 8.1704 1.6236 14.6775 1.6690 0.7637
Pedestrian -1 -1 1.7661 357.7884 158.3907 430.7845 272.8349 1.8615 1.0744 0.6022 -3.6480 1.6266 12.0830 1.4781 0.7207
Pedestrian -1 -1 1.3255 1009.4833 172.7512 1063.5647 246.8239 1.6603 0.9326 0.6701 9.7597 1.6584 16.6200 1.8481 0.5830
Pedestrian -1 -1 1.0753 1086.9379 171.1618 1120.2770 216.8712 1.7322 0.8531 0.6407 18.9015 1.6685 27.7017 1.6687 0.3717
Pedestrian -1 -1 2.2382 1066.0115 158.9205 1099.8885 208.0684 1.8510 0.8876 0.6297 18.1034 1.3266 27.6928 2.8121 0.3035
Pedestrian -1 -1 0.4956 1203.0459 165.9347 1242.0000 246.3226 1.7618 0.9557 0.6665 14.0244 1.6106 16.2959 1.1968 0.2863
Pedestrian -1 -1 3.3094 13.1917 143.2435 68.6658 250.0408 1.8659 0.8228 0.6590 -10.3834 1.3490 13.1221 2.6497 0.2549
Cyclist -1 -1 3.2727 424.5567 194.8726 445.6021 249.8972 1.7085 1.7053 0.4609 -5.8444 2.4671 23.9712 3.0353 0.3672
Cyclist -1 -1 2.5908 949.7681 181.6186 982.0048 225.3524 1.6902 1.6338 0.3525 14.2676 2.0535 29.0454 3.0427 0.3645
Cyclist -1 -1 -3.0461 812.0736 169.8685 831.4127 216.1515 1.7223 1.7804 0.5558 8.1192 1.6116 27.7773 -2.7652 0.3483
Cyclist -1 -1 0.3677 221.4891 168.5339 258.1202 211.3701 1.7793 1.7190 0.8292 -15.8560 1.6002 30.8662 -0.1036 0.3478
Cyclist -1 -1 -0.6590 1190.7422 182.9406 1235.4821 229.3287 1.6893 1.6078 0.3955 22.8664 2.0846 27.4352 0.0300 0.3450
Cyclist -1 -1 -3.5689 1044.3337 173.8242 1074.3365 210.0153 1.6424 1.6184 0.5588 20.8844 1.6891 33.6242 -3.0174 0.2725
Car -1 -1 -1.5706 567.7634 186.2881 645.0013 259.5587 1.4796 1.6357 3.8132 -0.1443 1.8356 17.1840 -1.5800 0.6850
Car -1 -1 1.8329 338.3163 180.2134 431.6630 242.3774 1.6224 1.6461 3.9429 -6.5606 1.8604 21.2993 1.5371 0.5087
Car -1 -1 1.8302 299.9646 175.4426 360.2946 198.9805 1.6226 3.6505 1.7578 -19.7841 1.8099 51.0444 1.4620 0.4798
Car -1 -1 -3.7485 1207.5930 176.5365 1242.0000 222.3264 1.5560 2.6292 2.6846 24.0690 1.6978 26.2310 -3.0121 0.3555
Car -1 -1 0.5771 83.8797 182.7206 176.6998 212.1345 1.5255 1.7651 3.8288 -25.8511 2.0702 38.9124 -0.0063 0.3168
Car -1 -1 3.3585 108.5031 180.0837 149.8017 203.2319 1.5503 3.9299 1.6527 -34.4776 2.0909 51.7820 2.7732 0.2847
Car -1 -1 -1.2197 207.2055 176.9805 297.3633 210.2802 1.7031 3.9179 1.7547 -18.9323 1.9284 38.2474 -1.6768 0.2621
