Pedestrian -1 -1 -0.2557 519.7659 166.6818 537.1945 203.5793 1.8423 0.8883 0.6743 -4.0524 0.9181 36.4252 -0.3661 0.4773
Car -1 -1 1.8006 380.5065 184.9835 478.0564 249.7471 1.5007 1.6166 3.7096 -4.5168 1.4965 18.5141 1.5642 0.7175
Car -1 -1 -1.1635 74.0064 189.6764 360.8054 343.9144 1.5360 1.7045 3.9990 -4.7046 1.6076 9.3123 -1.6201 0.6999
Car -1 -1 0.7853 19.7457 182.9106 192.2974 250.7363 1.4925 2.8926 1.9492 -12.0566 1.4430 17.4172 0.1868 0.6110
Car -1 -1 -1.4498 428.9959 179.4437 489.3292 224.6069 1.5468 1.7470 3.6100 -5.4361 1.3502 26.4846 -1.6507 0.5852
Car -1 -1 -3.0700 570.4339 178.2632 612.3372 210.7981 1.4944 3.6340 1.7787 -0.7752 1.1762 34.8729 -3.0924 0.5764
Car -1 -1 1.7756 318.0105 180.1425 393.0899 226.0335 1.5761 1.8918 3.7510 -9.2921 1.4030 26.6649 1.4431 0.5529
Car -1 -1 -1.2037 150.6375 185.9832 294.2062 260.6133 1.4813 1.5904 3.7331 -8.5644 1.5018 16.2474 -1.6823 0.4474
Car -1 -1 -0.2135 400.1821 172.3341 449.1871 205.1193 1.5826 3.6626 1.6842 -9.4244 0.9619 36.7112 -0.4634 0.3535
Car -1 -1 0.4656 329.0600 176.3793 397.1574 209.4262 1.5430 3.6811 1.7078 -12.0353 1.1315 35.5027 0.1408 0.3108
