Pedestrian -1 -1 2.9351 696.8315 178.1342 731.5463 246.0346 1.6332 0.7938 0.6971 2.5183 1.7672 17.8379 3.0721 0.6626
Pedestrian -1 -1 2.6864 762.5247 165.8716 784.9363 207.6474 1.8364 0.8163 0.6840 7.2604 1.5298 32.1915 2.9058 0.2704
Pedestrian -1 -1 0.6532 1188.7050 186.7920 1242.0000 279.5280 1.7993 0.8929 0.7332 12.3776 2.0903 14.5908 1.3459 0.2489
Pedestrian -1 -1 2.6344 887.7573 159.6252 927.3159 227.5430 1.7768 0.8076 0.6674 7.9084 1.4311 19.3160 3.0171 0.1882
Pedestrian -1 -1 -3.1805 818.1894 165.4470 840.5617 219.9225 1.7661 0.7888 0.6725 7.2010 1.5263 23.8545 -2.8913 0.1835
Pedestrian -1 -1 -0.6001 997.0338 142.4480 1070.8442 259.6065 1.7815 0.8615 0.6243 6.6405 1.3195 11.4244 -0.0852 0.1791
Pedestrian -1 -1 3.2145 0.0000 175.6450 16.2626 220.8546 1.8148 0.9488 0.6388 -24.8577 1.9319 29.6035 2.5203 0.1728
Pedestrian -1 -1 -0.3589 915.7722 165.8808 959.1783 243.4124 1.7506 0.8074 0.6688 7.5233 1.5935 16.7109 0.0568 0.1674
Pedestrian -1 -1 -0.3217 787.5638 164.7079 812.1739 214.6971 1.8296 0.7448 0.6807 7.0037 1.5318 26.8005 -0.0693 0.1661
Cyclist -1 -1 2.6781 718.2001 171.9116 734.7463 193.5809 1.7778 1.9307 0.5548 9.6849 1.7008 60.1965 2.8365 0.3119
Cyclist -1 -1 -0.8924 1041.3073 127.0389 1226.2570 284.5798 1.7495 1.7116 0.8163 6.3524 1.2411 8.9471 -0.2908 0.3104
Cyclist -1 -1 -0.9146 1169.0304 187.3071 1242.0000 279.7256 1.7232 1.7473 0.4918 12.3466 2.0350 14.6404 -0.2247 0.2772
Cyclist -1 -1 0.2404 77.0306 188.3053 101.5934 226.9000 1.7264 1.8025 0.5190 -24.5273 2.4739 33.9536 -0.3816 0.2407
Cyclist -1 -1 2.5936 756.1780 166.0383 787.8568 207.6320 1.8073 1.7595 0.5388 7.1898 1.5115 32.2682 2.8104 0.2274
Cyclist -1 -1 -0.6593 1090.9717 153.6369 1217.6489 274.7424 1.7645 1.8175 0.5904 8.4913 1.4849 11.4280 -0.0330 0.1860
Cyclist -1 -1 -3.0700 831.4934 164.7983 859.8229 223.3561 1.7166 1.8250 0.7083 7.1954 1.4808 22.1271 -2.7601 0.1830
Cyclist -1 -1 0.1011 0.0000 177.4100 19.7778 221.5514 1.7551 1.7540 0.5807 -24.8677 1.9490 29.7596 -0.5907 0.1815
Cyclist -1 -1 -0.2690 881.6473 159.9634 934.0010 226.1980 1.6793 1.7743 0.8325 7.8525 1.3528 19.2196 0.1130 0.1770
Cyclist -1 -1 -0.5062 710.7471 170.1436 727.4198 190.5540 1.7495 1.8428 0.6162 9.4669 1.5175 62.8161 -0.3577 0.1673
Cyclist -1 -1 -3.5838 932.5090 163.5537 1005.6941 254.9105 1.7414 1.8661 0.5690 7.2118 1.5645 14.6853 -3.1359 0.1580
Car -1 -1 3.2168 370.5632 183.9597 399.8275 207.2142 1.5791 3.8357 1.7680 -16.5097 2.4276 53.0335 2.9161 0.5027
Car -1 -1 3.1806 511.2421 182.9769 539.0973 207.3641 1.4876 3.7016 1.6797 -5.5797 2.1813 47.5078 3.0639 0.2542
Car -1 -1 -0.3915 704.5724 176.0641 746.8707 197.8038 1.5760 4.1390 1.7349 8.7699 1.8317 55.1723 -0.2352 0.2203
Car -1 -1 3.2932 258.5691 192.9727 300.9215 219.5202 1.4948 3.7409 1.8957 -20.9366 2.8297 45.8017 2.8663 0.1898
Car -1 -1 0.5489 231.0993 195.0455 300.2250 225.0148 1.4569 3.7697 1.7374 -19.0177 2.7466 39.9522 0.1069 0.1786
