Pedestrian -1 -1 2.3018 314.5929 174.2806 351.9174 230.7421 1.7611 0.8994 0.6614 -8.8635 1.8079 22.9970 1.9374 0.3007
Pedestrian -1 -1 1.6805 306.1590 170.3088 328.6013 202.1055 1.8070 1.1329 0.6280 -16.8417 1.6627 41.4576 1.2966 0.2900
Pedestrian -1 -1 -2.0412 949.7843 162.9295 969.8182 196.5543 1.7973 0.7796 0.6077 18.8093 1.2672 38.8783 -1.5939 0.2741
Pedestrian -1 -1 1.1401 40.4628 219.6583 112.3862 324.4109 1.6943 0.7754 0.7491 -9.4047 2.5496 12.6549 0.5107 0.2505
Pedestrian -1 -1 0.2544 1160.0383 230.6337 1242.0000 375.0000 1.7122 0.8891 0.8041 7.8706 2.5250 9.5550 0.9267 0.2355
Pedestrian -1 -1 1.6779 248.6375 188.4142 287.8339 247.7032 1.6934 0.9790 0.6858 -10.1445 2.1645 21.3433 1.2386 0.2133
Pedestrian -1 -1 2.5923 760.6495 165.3062 779.7779 201.4492 1.8389 0.7420 0.6724 8.2132 1.4552 37.1680 2.8077 0.2132
Pedestrian -1 -1 3.3003 163.4245 151.5363 188.9899 205.5107 1.9344 0.8039 0.6802 -15.8823 1.1708 26.3566 2.7623 0.2101
Pedestrian -1 -1 -1.3119 1124.9960 173.5672 1149.8932 214.4981 1.6940 0.6931 0.6985 22.1579 1.7249 30.3666 -0.6865 0.2085
Cyclist -1 -1 0.3704 304.7017 170.4934 327.6315 202.3490 1.7885 1.8309 0.5958 -16.8911 1.6563 41.4260 -0.0148 0.3580
Cyclist -1 -1 -1.0306 1110.9478 176.0960 1164.1608 219.2649 1.7532 1.7203 0.6400 22.1301 1.8941 30.3546 -0.4058 0.3568
Cyclist -1 -1 3.3952 337.2172 169.8798 354.8009 198.5488 1.8241 1.9781 0.5957 -17.1859 1.6352 46.9181 3.0456 0.3214
Cyclist -1 -1 0.3838 336.5994 183.9824 369.5292 231.1579 1.6541 1.6900 0.5474 -9.4824 2.0773 26.5570 0.0435 0.2992
Cyclist -1 -1 -0.8507 1126.9789 227.4890 1242.0000 375.0000 1.6961 1.6189 0.5590 7.8444 2.4941 9.6839 -0.1863 0.2887
Cyclist -1 -1 0.5677 308.4475 176.2009 357.9978 233.4967 1.7436 1.8089 0.5937 -8.8454 1.8551 23.0111 0.2042 0.2817
Cyclist -1 -1 -3.2730 762.8458 167.4532 776.4058 202.0701 1.7466 1.6229 0.4686 8.1923 1.4745 37.2310 -3.0585 0.2805
Cyclist -1 -1 3.3505 401.0342 180.3574 420.9854 215.4921 1.6691 1.7121 0.6048 -9.8227 2.0479 35.5199 3.0822 0.2659
Cyclist -1 -1 0.4585 247.3632 192.7282 286.6313 251.3143 1.6281 1.5317 0.4104 -10.1718 2.2375 21.3397 0.0180 0.2611
Cyclist -1 -1 -0.6196 1167.6273 146.6524 1242.0000 253.8591 1.8104 1.7815 0.5302 10.9715 1.3683 13.0883 0.0667 0.2530
Cyclist -1 -1 2.2679 1094.8219 140.1257 1231.5057 257.4859 1.8552 1.9203 0.5891 9.3789 1.3382 12.4058 2.9035 0.2316
Cyclist -1 -1 0.7366 1049.4854 181.6986 1242.0000 375.0000 1.5741 2.0430 0.9044 4.8756 1.6564 6.0491 1.3905 0.2299
Cyclist -1 -1 2.2328 89.7976 172.8053 176.2941 238.6036 1.7826 1.9353 0.7781 -13.2599 1.7816 20.0127 1.6536 0.2230
Cyclist -1 -1 0.0844 425.9914 164.8048 439.8490 197.5917 1.8298 1.8825 0.6129 -10.1477 1.3809 41.2425 -0.1557 0.2190
Cyclist -1 -1 -0.7334 1168.0394 167.3877 1205.5853 198.4543 1.7409 1.8166 0.6191 33.0068 1.4350 41.3578 -0.0636 0.2128
Cyclist -1 -1 2.9550 730.4520 168.7050 746.1340 200.6390 1.7747 1.7242 0.5611 7.2395 1.5445 40.9617 3.1283 0.2116
Cyclist -1 -1 -0.6011 762.3545 173.0415 799.0579 213.3911 1.6489 1.7635 0.6099 7.1393 1.6574 30.4242 -0.3733 0.2058
Car -1 -1 0.5773 357.1457 188.6137 520.2505 271.2061 1.4779 3.2011 1.9577 -3.5874 1.8559 15.4501 0.3520 0.7608
Car -1 -1 -3.1252 669.3572 180.4815 691.3192 201.6379 1.5011 3.5769 1.5945 5.3024 2.0963 54.4045 -3.0290 0.3650
Car -1 -1 2.6692 510.2501 185.0552 556.4076 208.2092 1.5232 3.8718 1.7139 -5.5650 2.4342 51.7565 2.5621 0.3388
Car -1 -1 -0.2787 687.1343 180.2415 745.7775 216.5358 1.5010 3.7298 1.6396 4.6989 1.8551 32.5941 -0.1375 0.2837
Car -1 -1 -0.9913 1062.0645 170.4606 1173.4064 206.5866 1.5579 3.9311 1.6418 23.2388 1.4551 33.2437 -0.3857 0.2088
