Pedestrian -1 -1 -0.3607 610.2939 171.8970 658.0364 257.6417 1.7209 0.8519 0.7355 0.4425 1.7021 15.0017 -0.3330 0.3464
Pedestrian -1 -1 -0.3151 364.2927 167.0117 385.1546 208.9531 1.8178 0.8638 0.6385 -10.4153 1.5650 31.8074 -0.6294 0.3042
Cyclist -1 -1 3.3021 334.0609 176.9138 345.2923 198.2346 1.7472 1.7243 0.6119 -22.6364 2.0923 60.3751 2.9446 0.2999
Car -1 -1 -1.5604 513.8811 179.0166 648.9666 308.9533 1.5270 1.6248 3.7040 -0.4578 1.6334 10.5330 -1.6042 0.7826
Car -1 -1 -1.7025 684.0673 174.3363 791.6616 257.9945 1.5595 1.7044 4.0449 2.5560 1.5961 15.5651 -1.5437 0.7559
Car -1 -1 -1.9018 741.2272 174.2796 963.2353 319.1970 1.5482 1.5859 3.6366 2.8948 1.5711 9.5959 -1.6184 0.7067
Car -1 -1 -1.5659 558.0917 173.1215 640.2382 254.0171 1.6363 1.6642 3.8700 -0.2963 1.6435 16.5513 -1.5845 0.5398
Car -1 -1 -1.5379 647.3909 177.5585 691.2372 219.1478 1.5530 1.6595 3.3959 2.4008 1.7549 29.1246 -1.4572 0.5176
Car -1 -1 -1.7470 647.3572 171.1705 728.4034 231.2116 1.5827 1.6603 3.8611 2.1161 1.5387 21.0061 -1.6488 0.4960
Car -1 -1 2.7033 500.0356 178.6273 549.5276 204.1897 1.5648 3.8697 1.7330 -5.6483 1.9598 47.2148 2.5845 0.4373
Car -1 -1 3.2246 342.8734 180.0291 374.9724 205.3958 1.5214 3.5142 1.6546 -16.0869 2.0007 46.2583 2.8914 0.3500
Car -1 -1 1.5116 241.4478 185.7517 309.8060 211.5549 1.4588 3.6930 1.6876 -20.4278 2.2749 44.0199 1.0791 0.3493
