Pedestrian -1 -1 1.3964 298.9636 162.5558 386.5599 331.8067 1.7922 0.8139 0.7491 -3.0876 1.6835 8.1660 1.0446 0.2062
Pedestrian -1 -1 3.3564 192.3281 153.7054 297.3505 361.4095 1.7535 0.8111 0.6883 -3.3450 1.5922 6.5648 2.9005 0.1834
Pedestrian -1 -1 -1.9918 803.9702 168.8858 880.4272 289.0104 1.6697 0.8629 0.6299 3.2780 1.6149 10.3923 -1.6954 0.1425
Pedestrian -1 -1 -1.9839 516.5750 171.9884 529.4771 200.1831 1.6886 0.5566 0.6590 -5.2947 1.6371 43.6362 -2.1044 0.1405
Pedestrian -1 -1 -1.2302 603.0350 178.3394 612.9782 199.1175 1.7564 0.6491 0.7147 -0.1910 2.2291 61.6709 -1.2338 0.1321
Pedestrian -1 -1 2.9091 21.4038 156.4808 50.3954 210.2755 1.9537 0.6920 0.7007 -21.2815 1.3594 26.6909 2.2408 0.1278
Cyclist -1 -1 -2.2446 0.0000 105.4901 135.5652 375.0000 1.7086 1.7268 0.7240 -4.6753 1.2866 5.4406 -2.9307 0.3094
Cyclist -1 -1 -1.5622 656.6427 165.7679 712.6224 218.0727 1.7487 1.8693 0.6648 2.4924 1.5121 24.5513 -1.4628 0.2455
Cyclist -1 -1 -0.5377 612.6259 167.4442 632.7108 193.4375 1.7874 1.8466 0.5340 0.8492 1.4158 50.5466 -0.5214 0.2337
Cyclist -1 -1 2.9406 601.6011 179.5371 613.2475 199.9259 1.6999 1.7402 0.6590 -0.2487 2.2801 61.6767 2.9361 0.2184
Cyclist -1 -1 -0.1176 461.5470 172.3036 481.2300 217.3659 1.5475 1.6061 0.4996 -4.9753 1.5290 25.6170 -0.3080 0.1859
Cyclist -1 -1 -0.3207 472.9749 167.7583 505.3187 212.3816 1.7608 1.7010 0.8033 -4.9807 1.5601 29.4082 -0.4874 0.1451
Cyclist -1 -1 -0.0647 517.1741 175.1201 529.1648 205.4182 1.7891 1.8691 0.5996 -5.3024 1.9299 43.7238 -0.1851 0.1406
Cyclist -1 -1 -0.2314 814.8749 160.8914 875.8051 288.3700 1.6513 1.7107 0.4107 3.2412 1.4967 10.2112 0.0667 0.1277
Car -1 -1 2.9791 640.7665 169.0157 701.2929 215.4050 1.5619 3.5882 1.6050 2.0957 1.4330 26.1460 3.0576 0.6709
Car -1 -1 2.9455 604.4398 177.0968 638.1054 198.4231 1.5793 3.8924 1.8988 0.8143 1.9232 56.3453 2.9594 0.2716
Car -1 -1 0.2161 604.1182 177.3477 632.2309 195.4949 1.5106 3.7325 1.6993 0.7249 1.9163 63.0652 0.2271 0.2233
Car -1 -1 3.2506 136.2448 183.4755 343.2692 362.3372 1.4856 3.5022 1.5979 -3.9550 1.6339 8.1334 2.8100 0.1586
Car -1 -1 -0.3169 611.2498 179.4406 657.7693 205.4198 1.5217 4.0249 1.7575 1.4609 1.9578 45.5447 -0.2856 0.1267
