Car -1 -1 -1.7192 737.2549 185.6231 838.1467 261.4455 1.5075 1.6671 4.2757 4.0533 1.8526 17.2786 -1.4935 0.7700
Car -1 -1 1.2681 792.6035 187.3752 999.6994 314.0754 1.5181 1.6499 4.4540 4.1516 1.7936 11.4153 1.6075 0.7254
Car -1 -1 -1.7736 720.6978 181.7529 801.4643 236.9419 1.5097 1.6378 4.0328 4.5339 1.8114 22.4082 -1.5773 0.6920
Car -1 -1 -2.3759 971.1411 182.4902 1242.0000 375.0000 1.5000 1.5940 3.7122 3.7302 1.5779 3.8948 -1.6499 0.6222
Car -1 -1 -1.7234 703.6420 181.1709 758.6116 221.9021 1.4998 1.6207 3.7517 4.7915 1.8587 29.2168 -1.5631 0.6112
Car -1 -1 0.1814 413.0006 175.5701 545.4492 276.8306 1.5985 4.2161 1.6835 -2.3285 1.6582 13.6214 0.0143 0.6105
Car -1 -1 -1.4802 480.3315 186.3243 560.3243 250.7602 1.4788 1.7814 3.4604 -2.3183 1.8676 19.0467 -1.6006 0.5929
Car -1 -1 1.5056 555.0472 180.0202 594.4773 214.3753 1.5449 1.6763 3.5534 -1.7975 1.9122 35.0830 1.4542 0.5455
Car -1 -1 -1.7171 690.2524 180.4260 737.4635 215.9432 1.5283 1.6375 3.7439 4.7544 1.9023 33.7243 -1.5788 0.5362
Car -1 -1 -1.0779 0.0000 0.0000 1242.0000 375.0000 1.5342 1.6311 4.0356 -2.6061 1.6828 2.0581 -1.9184 0.4307
Car -1 -1 1.2420 835.5070 165.2473 1005.1685 223.5586 1.7404 4.5337 1.8109 9.5457 1.5137 22.5859 1.6367 0.4051
