Pedestrian -1 -1 3.3331 214.6528 181.6261 291.8730 320.1317 1.6998 0.7292 0.7620 -4.5679 1.7167 9.1290 2.8844 0.5059
Cyclist -1 -1 -0.8328 950.7993 156.8626 994.1886 199.6487 1.8624 1.8434 0.5344 16.4510 0.8350 31.7289 -0.3569 0.3837
Cyclist -1 -1 -0.4818 777.0673 166.0970 801.6193 197.0614 1.7912 1.8972 0.5930 10.9012 0.9594 41.8867 -0.2274 0.2831
Cyclist -1 -1 -3.3420 742.1234 171.3253 755.8962 196.1512 1.6905 1.7062 0.6060 9.9749 1.0671 48.9943 -3.1408 0.2699
Cyclist -1 -1 2.4796 993.5546 167.9935 1024.5698 198.2566 1.6486 1.7269 0.5518 22.4956 0.9687 39.4064 2.9964 0.2604
Cyclist -1 -1 -0.7093 1042.1378 148.2279 1159.0231 256.1681 1.8045 1.9169 0.6150 8.8574 1.2667 12.8027 -0.1140 0.2575
Car -1 -1 -1.8941 819.0914 189.7586 1103.6927 370.0000 1.5082 1.5955 3.7471 3.5969 1.6400 8.0029 -1.4847 0.8691
Car -1 -1 -1.8285 770.9008 176.9114 914.7928 267.0361 1.5013 1.6487 3.8590 4.3805 1.4431 13.7382 -1.5248 0.7815
Car -1 -1 -3.3158 705.0851 176.2879 758.4858 213.7859 1.5427 3.8343 1.6500 5.4671 1.3709 31.0001 -3.1413 0.6776
Car -1 -1 0.3460 371.5948 175.5872 435.2107 210.4348 1.5742 3.8813 1.7080 -9.6090 1.3537 33.9340 0.0742 0.6289
Car -1 -1 -1.7516 708.4167 173.1154 773.7067 218.9029 1.5691 1.7150 3.6482 4.9036 1.3176 26.0535 -1.5661 0.5651
Car -1 -1 2.6044 538.0165 176.4354 575.9291 193.5089 1.5457 3.5841 1.9798 -4.4856 1.1789 66.0433 2.5385 0.3788
Car -1 -1 0.1525 687.0438 174.8157 718.1633 195.2712 1.4830 3.5999 1.7937 7.3907 1.0722 53.2372 0.2913 0.2625
Car -1 -1 -1.7048 698.6085 176.9131 741.3745 207.3072 1.4980 1.7016 3.7133 5.9035 1.3227 36.7214 -1.5451 0.2517
