Pedestrian -1 -1 3.2246 200.1375 151.8446 248.1204 258.9783 1.8174 0.9118 0.6722 -6.8742 1.4613 12.7881 2.7396 0.4921
Pedestrian -1 -1 3.1225 322.4040 171.5000 340.6522 216.5824 1.7500 0.7769 0.6584 -11.0418 1.6978 28.4895 2.7556 0.2766
Cyclist -1 -1 3.4852 312.8674 171.4809 348.4525 216.2253 1.7163 1.8084 0.7472 -11.0882 1.6640 28.5868 3.1180 0.2778
Cyclist -1 -1 0.0853 456.2357 170.8614 471.5545 204.2183 1.7552 1.7472 0.6630 -7.8978 1.6507 38.8695 -0.1142 0.2207
Car -1 -1 2.1946 0.0000 180.9619 91.6361 210.6237 1.5373 3.8855 1.7949 -30.5870 1.9857 38.8973 1.5314 0.3912
Car -1 -1 3.4563 69.1762 171.7153 164.3777 223.7082 1.7104 3.9865 1.6445 -17.5928 1.6733 25.8762 2.8638 0.3670
Car -1 -1 1.3621 569.5699 169.9656 635.8376 196.4393 1.6519 3.9624 1.8235 -0.5212 1.4720 46.3417 1.3505 0.3279
Car -1 -1 1.4824 573.9946 175.1828 649.8217 204.6097 1.6052 4.1217 1.7633 0.0356 1.7400 40.5839 1.4828 0.3137
Car -1 -1 -1.0685 303.5613 180.7905 403.4506 214.9440 1.5153 4.0410 1.8028 -12.0141 1.9008 33.7931 -1.4080 0.3119
Car -1 -1 0.3873 177.9225 169.3402 239.9020 201.6650 1.6122 3.3947 1.6702 -20.9561 1.4373 37.7679 -0.1164 0.3077
Car -1 -1 1.7111 388.1548 178.0645 460.0056 207.6551 1.6091 3.7213 1.6660 -10.4535 1.9103 40.6299 1.4605 0.3059
Car -1 -1 -1.3708 454.5635 178.2310 538.7341 209.6179 1.5481 3.9517 1.9948 -5.8043 1.8327 37.0444 -1.5256 0.2876
Car -1 -1 2.2213 0.0000 179.0326 81.8620 205.4308 1.5260 3.8248 1.7788 -34.1240 1.9030 43.0588 1.5541 0.2608
Car -1 -1 1.6402 584.1305 176.0213 666.2984 207.5020 1.5404 4.0540 1.7942 0.7747 1.7061 36.5948 1.6606 0.2548
Car -1 -1 -2.0265 572.8582 165.0465 634.1300 188.2835 1.6182 4.0090 1.8489 -0.4936 1.0749 51.9717 -2.0363 0.2364
