Pedestrian -1 -1 1.5512 56.2846 161.7912 125.4319 277.1221 1.8017 0.8979 0.6134 -8.5237 1.6292 11.7823 0.9355 0.3880
Pedestrian -1 -1 -0.8589 996.6301 161.6674 1059.7930 259.4710 1.6992 0.7445 0.6435 7.4698 1.5052 12.9925 -0.3475 0.3798
Pedestrian -1 -1 2.5601 833.3386 162.4023 861.5383 216.2141 1.7568 0.7348 0.5802 7.8432 1.4160 23.9852 2.8720 0.2839
Pedestrian -1 -1 3.3926 305.7356 180.7950 338.0831 241.2886 1.6622 0.7975 0.6704 -8.1741 1.8916 20.3754 3.0151 0.2699
Pedestrian -1 -1 2.6787 746.7429 164.6438 783.8660 231.3407 1.8103 0.8851 0.6842 4.2698 1.5878 20.0962 2.8843 0.2053
Pedestrian -1 -1 1.2593 415.0374 167.7338 438.7707 203.7841 1.8089 1.0523 0.5517 -9.3541 1.5523 36.7149 1.0112 0.1963
Cyclist -1 -1 -3.2401 749.5439 165.4439 778.8227 232.5339 1.7941 1.8801 0.6086 4.2626 1.5963 20.2593 -3.0364 0.3314
Cyclist -1 -1 -0.4037 824.9870 162.6856 869.7747 216.5777 1.7320 1.7538 0.7855 7.8573 1.4056 24.0963 -0.0926 0.2720
Cyclist -1 -1 -0.8044 977.6630 158.6415 1084.6953 261.6106 1.7274 1.7694 0.5485 7.4975 1.4894 13.0281 -0.2925 0.2700
Cyclist -1 -1 -1.9575 0.0000 159.1593 126.6704 260.6704 1.7195 1.9206 0.8599 -10.2047 1.4879 13.2645 -2.6037 0.2614
Cyclist -1 -1 3.6041 0.0000 162.6710 93.4728 327.8817 1.7054 1.8687 0.5532 -6.8563 1.6007 8.4166 2.9358 0.2369
Cyclist -1 -1 2.1526 0.0000 167.4689 124.3343 276.7807 1.7121 1.8683 0.6656 -9.1016 1.6281 11.6946 1.5021 0.2303
Cyclist -1 -1 3.3704 416.4018 169.7147 436.1140 205.7610 1.7919 1.8478 0.5699 -9.3953 1.6362 36.7949 3.1217 0.2219
Cyclist -1 -1 -2.7058 286.4601 162.5435 338.3416 224.2039 1.7471 1.7767 0.7344 -8.8212 1.4554 21.3469 -3.0936 0.1960
Cyclist -1 -1 -1.4664 631.7746 175.7738 662.6278 205.3419 1.8131 1.8547 0.6712 2.2820 1.9967 44.8088 -1.4163 0.1898
Car -1 -1 1.6822 330.9229 192.0806 441.4085 288.9575 1.4932 1.5892 3.7321 -4.2070 1.9162 13.8810 1.3923 0.7418
Car -1 -1 0.0362 448.1213 180.7395 472.9021 202.7209 1.5170 3.7175 1.6549 -11.0116 2.1201 53.1783 -0.1674 0.5541
Car -1 -1 -0.6122 601.6727 179.4790 655.2471 204.6995 1.4987 3.5705 1.6433 1.1027 1.9378 45.8348 -0.5888 0.3238
Car -1 -1 3.5524 113.4094 173.9970 283.9250 259.2292 1.5957 4.1302 1.6628 -8.7473 1.6243 15.6950 3.0508 0.2265
Car -1 -1 -0.6427 635.1985 176.8173 673.5782 194.6385 1.5330 3.4965 1.6782 3.9424 1.9001 64.8426 -0.5826 0.2214
