Cyclist -1 -1 -0.9197 88.1903 172.0173 137.1898 212.6893 1.8676 1.8768 0.6304 -23.1154 1.8295 33.4910 -1.5203 0.5026
Cyclist -1 -1 -0.5532 1159.4030 184.5684 1242.0000 304.7859 1.5849 1.4926 0.3153 8.5284 1.7668 10.4176 0.1182 0.4106
Car -1 -1 3.4469 314.3958 180.2425 388.4132 221.7713 1.5748 4.2516 1.7123 -10.7834 1.9073 30.2782 3.1072 0.7201
Car -1 -1 -1.6957 581.0422 173.6190 656.5224 235.9472 1.5860 1.6436 3.7915 0.1075 1.6101 20.3874 -1.6913 0.6691
Car -1 -1 3.5242 230.9636 176.8902 336.4926 231.5794 1.6376 4.2773 1.7149 -10.7810 1.7848 24.0895 3.1071 0.5890
Car -1 -1 3.2788 378.7654 181.7361 425.2250 214.5396 1.5456 3.8620 1.7807 -10.6775 2.0282 37.1344 3.0003 0.4836
Car -1 -1 -0.5221 700.7281 150.6080 888.6887 221.0663 1.5809 1.6122 4.1865 4.4160 1.0821 17.5399 -0.2798 0.4420
Car -1 -1 -1.6456 431.0492 174.1130 476.0959 209.5281 1.5794 1.8320 3.4168 -7.4991 1.6428 34.2096 -1.8602 0.4280
Car -1 -1 -1.1385 838.1926 167.6189 1057.6489 288.0143 1.5340 1.5342 4.0093 5.2450 1.4677 11.0763 -0.7073 0.4169
Car -1 -1 -1.9316 948.8547 172.9952 1242.0000 375.0000 1.5049 1.7928 3.4098 4.5907 1.5069 6.9085 -1.3654 0.3784
Car -1 -1 -1.2826 682.9896 171.8220 757.4189 220.9538 1.5645 1.5853 3.6258 3.8340 1.5320 24.9508 -1.1325 0.3102
