Pedestrian -1 -1 2.5259 1056.0520 143.4457 1110.1642 227.6554 1.8559 0.7456 0.7110 10.8254 1.0185 16.2157 3.1020 0.2563
Pedestrian -1 -1 2.1859 292.9580 166.5280 313.1636 196.9338 1.8686 0.9803 0.6189 -18.4984 0.9492 44.5512 1.7895 0.2439
Pedestrian -1 -1 0.0733 141.0383 172.4658 160.0084 214.5372 1.7677 0.7164 0.6368 -19.2468 1.3891 30.6446 -0.4887 0.2431
Pedestrian -1 -1 1.0639 1031.2814 157.2748 1092.6655 241.7617 1.7798 0.8735 0.7175 9.8913 1.2707 15.5088 1.6188 0.2415
Pedestrian -1 -1 3.3373 194.4492 168.2579 215.2259 209.2586 1.8471 0.8529 0.6821 -18.1536 1.2515 32.8699 2.8310 0.2171
Pedestrian -1 -1 -1.8693 737.6959 180.1101 804.0938 284.6664 1.6264 0.8894 0.6133 2.6612 1.6060 11.5131 -1.6528 0.1912
Cyclist -1 -1 0.4657 211.8577 169.5526 236.0163 199.5511 1.8627 1.9304 0.5548 -23.9267 1.1216 45.5707 -0.0204 0.3412
Cyclist -1 -1 3.3554 191.6426 168.1411 215.2662 208.4912 1.7897 1.8073 0.5786 -18.1744 1.1981 32.8077 2.8479 0.2527
Cyclist -1 -1 -2.4337 128.4077 173.8225 172.2392 215.5383 1.7281 1.7948 0.5550 -19.2600 1.4111 30.6835 -2.9954 0.2107
Cyclist -1 -1 0.1753 64.2113 162.6871 90.2991 207.2169 1.7667 1.7022 0.5775 -21.4476 1.0213 29.3881 -0.4559 0.1999
Cyclist -1 -1 2.8790 491.0638 176.5905 507.6172 202.9197 1.7005 1.7818 0.6304 -6.7268 1.3841 47.3355 2.7335 0.1906
Car -1 -1 0.8719 492.1791 176.9434 558.8712 206.9035 1.5476 2.7033 2.3662 -4.1066 1.3131 38.8986 0.7624 0.5920
Car -1 -1 2.8449 686.0441 177.2869 726.3493 199.7973 1.5515 4.0939 1.7196 7.4978 1.2618 51.6651 2.9833 0.3067
Car -1 -1 2.8716 469.7521 179.4687 509.4301 203.4764 1.5000 3.6284 1.6310 -7.3254 1.3738 46.8679 2.7124 0.2941
Car -1 -1 -0.1535 645.3800 176.1012 678.7297 199.7388 1.5270 3.8669 1.6398 4.0515 1.1790 48.3931 -0.0754 0.2884
Car -1 -1 -0.5111 0.0000 180.9797 86.3736 227.4513 1.5903 3.7014 1.6358 -20.7561 1.5735 26.0340 -1.1843 0.2877
Car -1 -1 -0.0306 790.7171 168.3136 817.4316 191.6153 1.5876 3.7749 1.6792 14.3565 0.6899 50.9725 0.2376 0.2338
Car -1 -1 0.2015 689.4221 176.1473 719.7952 195.8396 1.5502 3.9301 1.7254 8.4880 1.1293 58.6849 0.3395 0.2219
Car -1 -1 -0.1383 700.7878 175.7088 725.1909 192.9079 1.5159 3.7802 1.6590 10.1298 1.0059 65.2075 0.0103 0.2160
Car -1 -1 -2.4324 365.7917 173.0565 415.1295 193.6929 1.5886 3.8546 1.6882 -16.7864 0.9392 57.3988 -2.7206 0.2078
Car -1 -1 -0.1241 158.3253 179.7234 193.5167 202.7458 1.5596 3.7994 1.6655 -30.0272 1.4399 50.6708 -0.6618 0.1911
Car -1 -1 1.6456 557.3994 179.4260 611.1060 201.1587 1.4893 3.6390 1.7376 -1.1577 1.3478 50.1755 1.6176 0.1824
