Pedestrian -1 -1 1.1041 902.0000 160.6664 1016.5800 314.6833 1.7756 1.0467 0.6495 4.1781 1.5486 8.4825 1.5487 0.7631
Pedestrian -1 -1 1.3516 54.5168 190.5930 100.7126 251.6057 1.6918 0.9315 0.7528 -15.2480 1.9931 20.3965 0.7186 0.4595
Pedestrian -1 -1 -1.5760 1127.4352 188.9493 1224.0000 370.0000 1.6817 0.7059 0.7266 4.3471 1.7534 5.3486 -0.9206 0.3772
Pedestrian -1 -1 2.3337 832.9841 175.3007 877.7045 244.5742 1.6985 0.7151 0.7910 6.2730 1.5726 17.8295 2.6680 0.3447
Pedestrian -1 -1 3.0437 14.0624 173.2269 69.3435 262.3134 1.7326 0.8673 0.8043 -11.4695 1.5927 14.3372 2.3815 0.2790
Pedestrian -1 -1 2.8575 517.0989 163.7080 567.1348 262.1964 1.7362 0.8856 0.6954 -1.2102 1.4418 12.9983 2.7687 0.2697
Pedestrian -1 -1 2.7185 653.3408 165.2422 709.2545 259.8990 1.6793 0.8382 0.7454 1.3546 1.4102 13.0535 2.8212 0.2320
Pedestrian -1 -1 1.1711 973.9305 186.2773 1128.1075 370.0000 1.6427 0.7606 0.6965 3.2716 1.6913 5.3341 1.6969 0.2217
Pedestrian -1 -1 2.9731 253.0928 166.5835 305.9021 260.4819 1.7388 0.8830 0.7967 -6.3467 1.4827 13.6768 2.5492 0.1822
Pedestrian -1 -1 0.9774 812.4016 168.4160 870.5439 257.4454 1.7081 0.9093 0.6010 4.6263 1.4779 13.9742 1.2920 0.1699
Pedestrian -1 -1 -0.8261 992.7712 168.5546 1068.1210 275.6007 1.7475 0.8756 0.6719 7.1945 1.5541 12.0544 -0.2980 0.1507
Cyclist -1 -1 0.0184 258.5016 164.6101 299.7319 262.2859 1.7720 1.8364 0.6825 -6.3769 1.4853 13.8002 -0.4040 0.2776
Cyclist -1 -1 1.7817 630.0998 163.2352 739.3219 260.2801 1.7068 1.8989 0.7266 1.4346 1.4048 13.0737 1.8901 0.2299
Cyclist -1 -1 0.3410 0.0000 172.7227 66.4339 266.3143 1.7604 1.8640 0.6406 -11.6714 1.6157 14.2797 -0.3317 0.2175
Cyclist -1 -1 1.8335 304.8823 179.4553 452.7059 289.6244 1.6927 2.0980 0.8933 -3.6258 1.6783 11.3437 1.5337 0.2015
Cyclist -1 -1 -0.5094 872.8528 158.8489 963.9682 272.0526 1.7793 1.8143 0.5881 5.2390 1.4407 12.0418 -0.1069 0.1985
Cyclist -1 -1 1.4934 682.1974 163.9493 759.2395 233.8856 1.7475 1.8955 0.6365 2.8974 1.3355 18.0554 1.6515 0.1904
Cyclist -1 -1 -0.3978 854.5794 171.8838 939.9270 293.1096 1.6358 1.8045 0.4766 4.2177 1.5212 10.4432 -0.0228 0.1895
Cyclist -1 -1 -0.0549 522.0325 161.4636 560.3898 265.4073 1.7772 1.8223 0.6010 -1.2427 1.4534 13.0293 -0.1459 0.1886
Cyclist -1 -1 -1.5977 555.0632 147.9991 630.8401 221.2973 1.8065 1.8725 0.6295 -0.3471 1.0071 17.7765 -1.6149 0.1732
Cyclist -1 -1 1.0103 1038.8943 199.3849 1224.0000 370.0000 1.6989 1.7536 0.6186 5.1048 1.8880 6.6363 1.6445 0.1690
Cyclist -1 -1 -2.0443 1018.4782 191.2535 1131.8855 283.5378 1.7094 1.7047 0.6626 8.9736 1.9244 13.6037 -1.4705 0.1675
Cyclist -1 -1 -0.9837 1122.2747 146.3110 1224.0000 255.7996 1.7486 1.8720 0.5916 10.0881 1.2043 12.2689 -0.3065 0.1578
Cyclist -1 -1 -0.5101 832.6487 154.3277 916.6646 264.0543 1.7759 1.7634 0.5645 4.6199 1.3539 12.3536 -0.1589 0.1544
Cyclist -1 -1 0.2512 93.9755 168.7576 161.9455 269.2488 1.7863 1.8605 0.6181 -9.1366 1.5792 13.5433 -0.3298 0.1490
Car -1 -1 -2.2596 1147.6561 184.2654 1224.0000 370.0000 1.5471 1.6713 3.8907 6.5026 1.5903 5.7497 -1.4385 0.2608
Car -1 -1 0.0748 45.0378 188.0894 111.8768 233.9953 1.5213 3.6714 1.6814 -19.3660 1.8245 26.0915 -0.5563 0.2533
Car -1 -1 0.3719 341.3749 169.9778 468.2392 243.5151 1.5473 3.7755 1.6113 -4.6466 1.3275 16.8365 0.1093 0.1714
