Pedestrian -1 -1 2.1767 780.7842 165.2278 814.2598 225.5119 1.7738 0.7498 0.6312 5.5968 1.5498 21.7183 2.4250 0.5181
Pedestrian -1 -1 2.3687 324.2474 171.9816 379.8366 256.4742 1.7575 0.9084 0.6872 -5.5937 1.7397 15.5143 2.0274 0.3602
Pedestrian -1 -1 2.9747 128.0993 148.7521 172.4567 241.4455 1.8393 0.7844 0.6509 -9.4996 1.3614 14.8236 2.4127 0.2493
Pedestrian -1 -1 -0.9315 447.1784 174.8465 464.3422 204.5791 1.7923 0.7430 0.7181 -9.4453 1.9156 44.0381 -1.1419 0.2277
Pedestrian -1 -1 -0.6117 739.5807 166.7171 774.4897 228.4850 1.8110 0.8160 0.6800 4.3627 1.6314 21.6630 -0.4164 0.2207
Pedestrian -1 -1 2.5135 586.4540 168.2939 607.0066 202.8880 1.8516 0.9943 0.6571 -0.7599 1.6079 39.2109 2.4938 0.2136
Cyclist -1 -1 2.2992 0.0000 167.7536 194.1129 317.3640 1.6758 1.9300 0.7388 -6.1382 1.6191 8.5624 1.6916 0.3079
Cyclist -1 -1 -1.4228 446.2626 166.7256 478.3287 197.5961 1.8699 1.8478 0.6190 -9.0453 1.4991 44.0616 -1.6244 0.2793
Cyclist -1 -1 1.2577 696.8989 156.4404 898.5890 328.6642 1.7023 1.9166 0.7209 1.8747 1.5404 7.5657 1.4901 0.2381
Cyclist -1 -1 1.5761 581.0223 170.5157 613.7266 203.6199 1.7846 1.7633 0.7343 -0.7216 1.6589 39.2731 1.5573 0.2360
Cyclist -1 -1 -0.0043 522.0553 184.9767 543.0573 246.3761 1.7570 1.7502 0.6089 -2.4035 2.1406 21.9051 -0.1132 0.2233
Cyclist -1 -1 0.1284 313.2710 168.8006 354.3968 256.3298 1.7421 1.7889 0.5847 -5.8791 1.6617 15.2955 -0.2333 0.2207
Cyclist -1 -1 0.3962 0.0000 161.1360 96.4167 361.9191 1.7320 1.8716 0.5726 -5.9018 1.6313 7.1998 -0.2726 0.2134
Car -1 -1 3.3573 343.4944 198.0700 473.1055 293.2898 1.4443 3.5260 1.6190 -3.7182 1.9861 13.6920 3.0961 0.7939
Car -1 -1 3.4332 66.9219 205.4681 381.8397 375.0000 1.4623 3.5775 1.6325 -3.4519 1.8701 7.1235 2.9954 0.7404
Car -1 -1 -2.8948 458.7473 188.1386 546.5631 247.8807 1.4642 3.6882 1.6157 -3.0028 1.9412 20.5798 -3.0387 0.7333
Car -1 -1 0.6095 566.1761 176.6759 604.0984 195.0461 1.6156 2.4909 2.4829 -2.2803 1.9740 65.8883 0.5747 0.4428
Car -1 -1 -0.1038 584.3143 179.1497 621.1943 208.4136 1.5437 3.9030 1.6875 -0.4933 1.9193 40.9709 -0.1163 0.2976
Car -1 -1 -0.5271 535.1087 185.0093 580.2370 206.8384 1.4758 3.6296 1.7057 -3.9004 2.4018 52.9632 -0.6007 0.2656
