Pedestrian -1 -1 1.2371 839.5227 163.1952 856.3560 191.8780 1.8687 0.9223 0.5354 15.5591 1.2398 47.2825 1.5529 0.2502
Pedestrian -1 -1 2.3101 962.3410 166.4972 992.7144 213.2430 1.7800 0.8036 0.6751 14.1995 1.5383 27.9685 2.7752 0.1695
Pedestrian -1 -1 1.2776 327.5885 172.6754 345.4655 193.6765 1.7784 1.3075 0.6200 -23.4224 1.7636 61.7419 0.9162 0.1612
Cyclist -1 -1 -0.8698 863.5340 180.8205 893.8367 210.8320 1.7181 1.7656 0.5066 15.8436 2.1995 42.6713 -0.5171 0.2211
Cyclist -1 -1 -0.0357 331.9769 173.8466 340.7090 194.8253 1.7677 1.9222 0.6329 -23.5047 1.8546 61.9005 -0.3974 0.2199
Cyclist -1 -1 -3.5381 959.5610 165.5060 993.4214 212.2035 1.7578 1.7727 0.5196 14.1896 1.4816 28.0591 -3.0746 0.1923
Cyclist -1 -1 -0.2617 878.0690 179.5018 893.4176 203.8382 1.7744 1.9401 0.5879 20.6547 2.2827 54.1422 0.1005 0.1702
Car -1 -1 1.4822 590.7651 177.2002 620.0911 200.1211 1.5394 1.7697 3.3723 -0.3836 1.8569 50.8888 1.4742 0.5238
Car -1 -1 3.4010 324.3488 183.9773 367.0688 208.2385 1.5314 4.0889 1.7630 -18.1345 2.3290 49.5963 3.0519 0.4947
Car -1 -1 -0.9134 883.2932 168.8623 989.1166 212.6568 1.6443 3.6584 1.6064 13.0155 1.4948 29.0783 -0.4967 0.3295
Car -1 -1 -0.1730 991.1487 175.6924 1041.7548 209.6353 1.6008 3.6248 1.5979 20.3595 1.7518 36.3294 0.3339 0.2753
Car -1 -1 -3.2488 864.6848 176.4746 900.5089 203.3572 1.5453 3.8577 1.6271 16.5786 1.7774 44.1023 -2.8918 0.1949
Car -1 -1 2.8028 777.0756 177.3754 809.1383 195.4086 1.5247 3.6284 1.6272 16.1394 1.9369 63.8288 3.0490 0.1634
