Pedestrian -1 -1 2.7598 452.8180 170.4922 468.0218 202.4187 1.7931 0.6566 0.6473 -8.5307 1.6608 40.9744 2.5554 0.3263
Pedestrian -1 -1 -2.0584 515.5750 174.6331 527.5551 196.6215 1.8243 0.7964 0.6236 -7.4290 1.9748 60.4213 -2.1806 0.3106
Pedestrian -1 -1 -0.5426 735.3532 158.8752 770.2712 220.1537 1.8665 0.8890 0.7093 4.4034 1.4410 22.5139 -0.3525 0.3001
Cyclist -1 -1 2.4740 613.4269 169.8721 633.0660 191.7931 1.8325 1.9399 0.5914 1.0943 1.5836 61.2650 2.4914 0.3369
Car -1 -1 3.5794 0.0000 195.8183 195.7594 307.8287 1.4593 3.4132 1.5809 -8.4537 1.8980 11.9560 2.9741 0.7852
Car -1 -1 3.5427 144.6122 187.9436 305.6583 268.3701 1.5561 4.3200 1.7564 -8.8761 1.9587 17.0096 3.0677 0.7791
Car -1 -1 1.8213 269.3210 187.8769 362.2064 243.2218 1.5002 1.8489 3.4833 -9.0652 2.0056 22.4056 1.4405 0.7157
Car -1 -1 1.6998 456.1768 178.3371 510.5398 220.0009 1.5383 1.6802 3.7817 -5.0722 1.7742 29.0695 1.5280 0.6749
Car -1 -1 -2.6613 328.9958 181.0098 414.7050 223.0788 1.5388 3.8669 1.6932 -9.5852 1.8927 29.2290 -2.9759 0.5394
Car -1 -1 0.7617 1050.8246 144.5711 1242.0000 236.6763 1.9357 3.6083 1.8580 12.2712 1.3417 16.3908 1.3954 0.4813
Car -1 -1 -1.6704 656.9976 169.8421 692.1379 197.2010 1.5666 1.7403 3.4838 3.7785 1.3945 43.0676 -1.5839 0.4750
Car -1 -1 2.6620 553.4973 177.4842 609.9579 204.2405 1.5933 4.2888 1.8215 -1.8923 1.9042 46.0774 2.6207 0.3434
