Pedestrian -1 -1 0.4268 1210.9885 188.2976 1242.0000 235.0311 1.6908 0.9185 0.8025 23.1985 2.2817 27.0298 1.1300 0.4730
Pedestrian -1 -1 1.2794 805.2363 188.8467 923.7773 362.9357 1.5908 0.9271 0.6474 2.3822 1.7535 6.9862 1.5936 0.3289
Pedestrian -1 -1 -1.1234 1089.4159 167.3083 1118.3065 208.8457 1.7715 0.8120 0.7016 21.3795 1.5354 31.2976 -0.5289 0.3078
Pedestrian -1 -1 0.8998 942.6205 185.2174 996.2587 261.4216 1.6834 0.8391 0.7100 8.1699 1.9743 16.5164 1.3511 0.2892
Cyclist -1 -1 2.5245 938.2504 190.3018 999.4310 266.9730 1.6369 1.5485 0.4280 8.1590 2.0573 16.5650 2.9742 0.2918
Cyclist -1 -1 -2.0613 1199.4026 185.2667 1242.0000 235.6932 1.8370 1.7031 0.7010 23.2507 2.3119 27.0621 -1.3576 0.2912
Car -1 -1 -1.5528 580.1189 177.0624 633.6464 227.1968 1.5356 1.6647 3.8662 -0.1195 1.6894 24.3670 -1.5584 0.7266
Car -1 -1 -2.2142 98.8301 143.2581 420.9628 308.2276 1.7554 1.6654 4.0456 -4.6324 1.4409 9.3449 -2.6637 0.5505
Car -1 -1 -0.9661 0.0000 176.1633 250.8215 375.0000 1.5735 1.7432 3.3337 -5.0111 1.6119 6.6008 -1.5965 0.4502
Car -1 -1 -0.3329 345.6882 172.5394 471.2700 248.3412 1.5847 3.7972 1.7105 -4.9267 1.5785 17.1277 -0.6095 0.4321
Car -1 -1 2.9034 395.9418 175.2537 486.4128 237.5836 1.5757 3.6561 1.6625 -4.8991 1.6505 20.3980 2.6701 0.3875
Car -1 -1 3.6187 0.0000 179.3977 202.5176 286.1867 1.5379 3.4900 1.6183 -8.7029 1.6678 12.4441 3.0182 0.3764
Car -1 -1 1.2946 1086.8789 169.0740 1191.6201 208.3137 1.7447 3.5973 1.6566 24.4139 1.5770 33.4729 1.9202 0.3540
Car -1 -1 -0.4182 436.4886 178.8899 516.4698 222.5077 1.5364 3.7045 1.6818 -5.2770 1.7875 27.9689 -0.6035 0.2998
Car -1 -1 -0.4030 393.4372 167.4399 451.6504 198.8432 1.5883 3.7609 1.6613 -10.0756 1.3148 38.4872 -0.6576 0.2931
