Pedestrian -1 -1 1.0674 875.7183 159.3010 962.5287 287.8852 1.7591 0.9711 0.5766 4.3081 1.5740 10.2105 1.4554 0.2644
Pedestrian -1 -1 1.9275 926.4374 151.7989 1021.5859 297.3721 1.7930 0.9441 0.6721 4.7114 1.5340 9.4574 2.3764 0.2374
Cyclist -1 -1 -0.0992 463.2726 164.9039 482.2341 206.9716 1.7641 1.7636 0.6321 -5.9841 1.4311 31.1905 -0.2876 0.2631
Car -1 -1 3.1978 409.5157 170.0656 469.6295 224.4455 1.6203 3.9818 1.6812 -5.5330 1.5375 23.6011 2.9695 0.5678
Car -1 -1 1.4873 484.9504 174.2254 556.8322 204.2561 1.5696 3.7218 1.9135 -4.8986 1.6469 39.1491 1.3632 0.4089
Car -1 -1 1.4319 481.9269 168.4160 550.6566 196.4867 1.6481 3.9112 1.8900 -5.7393 1.3879 43.7902 1.3020 0.3859
Car -1 -1 1.4875 474.8521 176.5958 557.3999 209.6519 1.5611 3.9072 1.7919 -4.7035 1.7530 35.6540 1.3568 0.3398
Car -1 -1 1.4646 483.1828 164.7907 548.5096 191.2098 1.7194 4.1659 1.8565 -6.3580 1.1949 48.3453 1.3343 0.2900
Car -1 -1 1.7011 473.3060 176.7016 565.0680 211.8237 1.5432 3.9423 1.7567 -4.1115 1.7232 32.7859 1.5768 0.2680
Car -1 -1 -1.4969 470.1043 176.8638 576.3094 217.2661 1.5065 3.9809 1.7544 -3.3470 1.6681 28.0573 -1.6151 0.2134
Car -1 -1 -0.4526 633.4205 158.6433 751.8614 222.9680 1.6221 4.0484 1.6916 2.1553 1.2641 20.3843 -0.3494 0.1989
