Pedestrian -1 -1 3.0396 93.2522 178.6506 133.2543 254.4471 1.6681 0.7326 0.6838 -11.3810 1.8047 16.4537 2.4418 0.5245
Pedestrian -1 -1 -0.2794 717.5912 168.1211 743.5819 221.5117 1.7983 0.8072 0.6797 4.0840 1.6392 24.7409 -0.1184 0.5178
Pedestrian -1 -1 2.1581 1142.3364 164.0971 1222.2716 256.6326 1.7190 0.9048 0.8327 11.0095 1.5567 13.9629 2.8150 0.2917
Pedestrian -1 -1 1.7316 344.4264 181.2390 375.6235 233.9699 1.6630 0.8612 0.6230 -8.0946 1.9380 23.2538 1.3996 0.2309
Cyclist -1 -1 -0.4273 710.3558 172.1158 748.4626 224.5675 1.7496 1.7873 0.6093 4.0739 1.7254 25.0082 -0.2684 0.4189
Cyclist -1 -1 -0.6859 1121.8994 159.5409 1239.7863 257.2915 1.7813 1.8778 0.7768 11.0279 1.5390 14.0968 -0.0326 0.4047
Cyclist -1 -1 3.6668 0.0000 179.3053 137.3177 354.8659 1.7262 1.8645 0.6510 -6.2282 1.8079 8.1258 3.0283 0.2504
Cyclist -1 -1 2.5585 849.9467 178.6027 894.4602 235.0327 1.6309 1.6623 0.4118 7.8827 1.8124 21.8813 2.8993 0.2481
Car -1 -1 -1.7545 728.1031 180.3584 839.5610 261.9233 1.5242 1.6439 3.7759 3.5968 1.7083 15.7495 -1.5350 0.7827
Car -1 -1 0.5977 86.5115 175.6685 338.2392 294.9289 1.6421 3.8401 1.7740 -6.3745 1.6973 12.0393 0.1194 0.6961
Car -1 -1 -1.6158 734.2123 174.3257 804.4604 234.4458 1.5267 1.7340 3.6457 4.3534 1.5725 20.3534 -1.4088 0.4572
Car -1 -1 1.6360 619.0020 179.7864 652.9272 208.8759 1.5642 1.7147 4.0039 1.5171 1.9868 41.8642 1.6714 0.4307
Car -1 -1 -0.0654 691.8102 178.2881 722.5429 203.3674 1.5338 3.7949 1.7236 6.2469 1.9022 46.9203 0.0656 0.3163
Car -1 -1 2.1364 0.0000 198.4164 110.4145 375.0000 1.5489 1.8606 3.2880 -6.8458 1.8651 7.1271 1.3897 0.2873
Car -1 -1 3.0217 39.1018 176.3582 157.0991 258.7610 1.5765 3.9934 1.6797 -11.4925 1.6646 16.0198 2.4071 0.2680
Car -1 -1 -1.6567 583.3988 176.5013 629.4751 194.4016 1.5484 3.9401 1.8012 -0.3594 1.8774 63.9278 -1.6627 0.2335
