Pedestrian -1 -1 -0.9647 923.5776 157.3900 999.6392 262.8841 1.7398 0.9322 0.7338 6.0212 1.4851 12.4842 -0.5252 0.7045
Pedestrian -1 -1 -0.9743 1145.2913 142.2701 1242.0000 278.1293 1.8097 0.8871 0.7607 8.2009 1.4026 10.1465 -0.3091 0.3968
Cyclist -1 -1 -0.5794 906.9827 158.3454 1002.1007 268.0952 1.7842 1.8265 0.5821 5.9444 1.5487 12.6737 -0.1505 0.2622
Cyclist -1 -1 -3.7161 1103.9816 158.1957 1184.6310 233.8879 1.7084 1.8059 0.6540 12.6387 1.3779 17.2008 -3.0909 0.2475
Cyclist -1 -1 -0.9349 1109.8246 143.5530 1242.0000 283.1241 1.8088 1.7907 0.6171 8.1603 1.4295 10.2940 -0.2790 0.1768
Cyclist -1 -1 -0.9982 1066.2008 159.0116 1145.4365 222.8322 1.7851 1.8429 0.6669 14.4542 1.3983 21.1571 -0.4057 0.1475
Cyclist -1 -1 -0.6272 954.5298 156.2996 1033.7959 238.1317 1.7125 1.7455 0.6351 8.4293 1.3664 16.0074 -0.1506 0.1468
Car -1 -1 3.2602 389.2177 181.7823 418.7141 203.2604 1.5206 3.6879 1.7229 -15.5961 2.2216 54.6628 2.9832 0.5330
Car -1 -1 -0.2706 420.2021 180.5219 449.6071 197.7995 1.5283 3.3671 1.8366 -16.4057 2.2657 67.4394 -0.5087 0.3811
Car -1 -1 2.4126 1107.7274 177.4295 1242.0000 251.7267 1.4750 3.5418 1.6262 13.3345 1.5906 16.3579 3.0872 0.2235
Car -1 -1 1.1328 959.0584 172.0584 1070.6318 211.1309 1.5528 3.6371 1.6501 16.5035 1.5215 29.6151 1.6365 0.2118
Car -1 -1 0.5443 0.0000 188.9401 172.4402 300.2558 1.5139 3.7736 1.6596 -9.3656 1.8329 12.3329 -0.0950 0.1885
Car -1 -1 -0.0259 323.0072 184.5643 347.9839 206.7527 1.6043 3.9521 1.7296 -21.5850 2.5583 56.5989 -0.3890 0.1781
Car -1 -1 0.7594 956.2330 171.6390 1035.4293 206.5559 1.7506 3.4727 1.7226 20.0263 1.6901 37.5440 1.2458 0.1778
Car -1 -1 -0.6615 930.0846 171.2929 1037.1923 215.4137 1.5730 3.8237 1.6336 14.2029 1.5177 27.7539 -0.1932 0.1760
Car -1 -1 2.4845 659.2874 181.9691 706.9941 203.6067 1.5000 3.6570 1.6308 5.3766 2.2034 53.6697 2.5833 0.1548
