Pedestrian -1 -1 3.1567 132.7970 166.4247 183.3156 271.1469 1.7780 0.8177 0.7385 -8.0465 1.6692 12.7879 2.6042 0.2714
Pedestrian -1 -1 2.2616 0.0000 220.8805 49.2281 309.9199 1.8436 1.0203 0.8249 -13.1620 2.9234 15.7994 1.5751 0.2357
Cyclist -1 -1 2.5008 0.0000 181.0410 70.7482 269.6002 1.7712 1.9787 0.8461 -12.6017 1.9515 15.2004 1.8170 0.3266
Car -1 -1 -1.3935 472.3051 166.7054 569.7565 237.9350 1.6823 1.8465 4.1655 -2.2759 1.5374 19.1725 -1.5107 0.4876
Car -1 -1 -0.0487 556.3854 164.0509 600.4998 206.2394 1.6409 3.6822 1.6399 -1.4062 1.2989 29.9726 -0.0956 0.4298
Car -1 -1 -1.2487 984.8419 134.5267 1242.0000 300.8525 1.5385 3.5537 1.6394 6.6164 1.1844 8.5977 -0.6095 0.3684
Car -1 -1 1.3367 931.0759 141.1347 1242.0000 285.5616 1.9693 3.7406 1.6528 7.0630 1.5371 11.2022 1.8868 0.3453
Car -1 -1 -0.6858 624.1378 165.8111 680.2748 192.3111 1.6509 3.5870 1.7676 2.6772 1.2125 46.9168 -0.6295 0.3153
Car -1 -1 -0.6652 595.5273 171.4332 678.0010 207.7329 1.5962 3.8176 1.9071 1.1599 1.5341 33.8296 -0.6317 0.3145
Car -1 -1 -0.5354 635.9619 165.5588 680.7200 188.9611 1.6313 3.5835 1.6285 3.4354 1.1231 52.2589 -0.4704 0.2628
Car -1 -1 1.7208 622.8101 175.1526 683.7497 205.6593 1.4925 2.8266 2.0825 2.2012 1.6143 36.8068 1.7795 0.2274
