Pedestrian -1 -1 2.8410 32.7225 187.2179 75.3141 249.5632 1.6753 0.7738 0.7498 -15.5813 2.0876 20.1597 2.1893 0.4246
Pedestrian -1 -1 -0.4575 869.1663 143.9130 904.9290 212.4700 1.8543 0.7859 0.6373 7.5989 1.0719 19.9352 -0.0986 0.2953
Pedestrian -1 -1 1.3245 187.0013 190.5668 220.2688 242.5986 1.7079 0.8590 0.6363 -13.8801 2.3243 24.5656 0.8145 0.2528
Cyclist -1 -1 -0.2069 605.8246 180.0876 618.6241 202.6579 1.7591 1.9560 0.6360 0.1461 2.3503 57.9109 -0.2049 0.2771
Car -1 -1 -0.6463 948.5695 177.6079 1185.3298 255.9626 1.5106 1.5928 4.0383 9.3645 1.6164 15.0181 -0.0982 0.6307
Car -1 -1 3.0562 472.0429 186.8601 502.6295 212.2868 1.5195 3.5741 1.6689 -8.0867 2.4737 47.1933 2.8870 0.4531
Car -1 -1 1.7322 387.6267 176.5073 449.0771 200.6914 1.7060 4.0723 1.7811 -13.8757 1.9767 52.3067 1.4738 0.4111
Car -1 -1 1.1673 562.9462 182.6530 605.9489 206.1625 1.5130 1.9534 2.9445 -1.8148 2.2112 49.6377 1.1304 0.4014
Car -1 -1 0.7751 622.9179 178.0069 678.2820 202.9247 1.5817 2.8352 2.4154 2.6964 1.9410 48.4106 0.8299 0.3876
Car -1 -1 1.0361 958.5863 171.4298 1089.6176 215.7783 1.5909 3.8688 1.7590 15.2649 1.5402 26.8032 1.5487 0.3828
Car -1 -1 0.2454 424.3929 180.9200 463.7930 205.5385 1.4988 3.6810 1.6550 -10.7889 2.0454 46.9997 0.0206 0.3448
