Pedestrian -1 -1 1.4009 538.1676 152.4688 630.8984 300.5821 1.8050 1.1016 0.5416 -0.3192 1.4651 8.9875 1.3684 0.5593
Pedestrian -1 -1 0.9448 51.5493 191.7985 102.9780 254.9079 1.7521 0.9166 0.7622 -15.2348 2.0882 20.3762 0.3117 0.4108
Pedestrian -1 -1 2.3413 832.9335 175.6925 877.3736 244.3444 1.6840 0.7073 0.7890 6.2691 1.5677 17.8322 2.6754 0.3804
Pedestrian -1 -1 -1.6830 1125.7732 191.2845 1224.0000 370.0000 1.6919 0.6962 0.7443 4.3670 1.7830 5.3548 -1.0260 0.3477
Pedestrian -1 -1 3.0455 12.9229 174.7970 69.6696 263.3314 1.7195 0.8564 0.8289 -11.4659 1.6103 14.3229 2.3830 0.3098
Pedestrian -1 -1 2.7122 641.8828 162.5567 696.7089 261.4999 1.7508 0.8425 0.7178 1.1305 1.4349 13.0236 2.7985 0.2768
Pedestrian -1 -1 2.8390 516.0897 164.4475 568.1496 263.2050 1.7368 0.8798 0.7217 -1.2078 1.4562 12.9740 2.7502 0.2696
Pedestrian -1 -1 2.9547 253.2802 165.7971 305.9899 260.2451 1.7488 0.8751 0.7822 -6.3405 1.4782 13.6699 2.5310 0.2653
Pedestrian -1 -1 1.6793 525.0582 171.7519 571.6252 255.3926 1.7166 0.9070 0.6888 -1.2218 1.5387 14.8641 1.6007 0.2029
Pedestrian -1 -1 1.0950 973.1848 190.4671 1132.3306 370.0000 1.6511 0.7658 0.7049 3.2812 1.7333 5.3270 1.6225 0.1972
Pedestrian -1 -1 0.9650 812.1293 168.2761 871.4606 257.9751 1.7192 0.9332 0.6055 4.6314 1.4865 13.9700 1.2800 0.1843
Pedestrian -1 -1 -0.7645 737.6473 163.5183 794.5183 254.5722 1.7671 0.8871 0.6992 3.2041 1.4392 14.2778 -0.5468 0.1828
Pedestrian -1 -1 -0.1184 88.2325 167.1847 136.7704 260.1685 1.7613 0.8099 0.7010 -9.7468 1.5107 13.9233 -0.7167 0.1791
Pedestrian -1 -1 -0.8022 993.6719 168.7956 1068.6176 276.1877 1.7535 0.8627 0.6786 7.2015 1.5640 12.0465 -0.2734 0.1764
Pedestrian -1 -1 1.7019 461.6786 172.5675 511.5778 255.9588 1.7263 0.9661 0.6386 -2.5356 1.5637 14.9658 1.5392 0.1616
Cyclist -1 -1 -0.8958 0.0000 171.8711 99.1185 261.9542 1.7823 1.8261 0.6382 -11.4243 1.6132 14.3158 -1.5568 0.2281
Cyclist -1 -1 -0.1384 516.2520 162.4343 565.3149 266.3802 1.7680 1.8010 0.6501 -1.2501 1.4624 12.9721 -0.2304 0.2149
Cyclist -1 -1 1.5052 683.2055 162.0230 759.0806 232.3775 1.7545 1.8692 0.6309 2.9036 1.2953 18.0281 1.6639 0.2111
Cyclist -1 -1 3.0403 597.1888 161.8549 628.4310 236.3718 1.7798 1.7998 0.6031 0.1402 1.3360 17.8059 3.0498 0.2110
Cyclist -1 -1 0.0092 257.3145 166.2673 299.4931 262.8012 1.7455 1.7811 0.7005 -6.3686 1.4898 13.7360 -0.4144 0.2001
Cyclist -1 -1 0.6800 1089.9408 190.6651 1224.0000 370.0000 1.6299 1.7737 0.6202 5.4175 1.7322 6.4983 1.3527 0.1868
Cyclist -1 -1 1.7574 629.7551 162.6379 735.9151 260.5030 1.7280 1.8590 0.6826 1.4008 1.4143 13.0743 1.8633 0.1795
Cyclist -1 -1 -0.9743 1120.5715 144.6385 1224.0000 254.1258 1.7531 1.8628 0.6051 10.0735 1.1806 12.2956 -0.2989 0.1738
Cyclist -1 -1 1.4712 575.4403 166.0052 668.9863 250.8680 1.7246 1.8936 0.7146 0.3004 1.4317 14.7941 1.4928 0.1726
Cyclist -1 -1 -3.4950 858.6303 173.4227 936.1098 295.4111 1.6440 1.7685 0.4432 4.2122 1.5503 10.4129 -3.1195 0.1696
Cyclist -1 -1 -0.4806 876.2397 157.0782 964.8555 270.3788 1.7793 1.8147 0.5822 5.2689 1.4131 12.0254 -0.0756 0.1634
Cyclist -1 -1 -0.5279 831.0042 155.5751 914.9956 264.7055 1.7718 1.7485 0.5528 4.6033 1.3688 12.3838 -0.1786 0.1614
Car -1 -1 0.0846 43.4019 188.9968 111.7125 234.9719 1.5156 3.6778 1.6855 -19.3696 1.8544 26.0548 -0.5472 0.2377
Car -1 -1 -2.2875 1146.5557 184.6951 1224.0000 370.0000 1.5467 1.6738 3.8995 6.5156 1.5945 5.7257 -1.4634 0.2302
Car -1 -1 1.0091 919.9382 199.7345 1107.7399 266.5058 1.5610 3.8298 1.7044 10.2821 2.0785 18.0148 1.5215 0.1756
Car -1 -1 2.4992 555.6718 172.9004 605.2485 195.0564 1.5562 3.7930 1.6841 -1.8200 1.0237 51.6622 2.4659 0.1555
