Pedestrian -1 -1 2.7163 871.8281 161.6947 907.0640 224.0561 1.7593 0.7842 0.6744 8.1454 1.2304 20.3500 3.0934 0.4565
Pedestrian -1 -1 2.7123 872.7709 149.7996 912.0922 220.6267 1.8002 0.8055 0.6691 7.4284 1.0215 18.3844 3.0921 0.3360
Pedestrian -1 -1 2.0558 1052.1819 149.3947 1094.2025 210.4356 1.8532 0.8753 0.6804 14.5390 0.9104 22.0093 2.6346 0.3024
Cyclist -1 -1 3.5311 0.0000 175.2122 74.2833 267.0344 1.7472 1.8967 0.5940 -11.6564 1.6482 14.4422 2.8644 0.3252
Car -1 -1 3.3387 423.5320 179.6998 463.2149 205.6517 1.4957 3.6932 1.6305 -9.6941 1.4509 42.6093 3.1183 0.6869
Car -1 -1 -1.7038 713.6541 166.3703 814.7363 247.8950 1.6138 1.7044 3.5741 3.3952 1.3357 15.8376 -1.4950 0.6856
Car -1 -1 -2.2834 955.4007 193.1237 1224.0000 370.0000 1.5235 1.6386 3.9444 3.7150 1.6315 3.9767 -1.5693 0.6785
Car -1 -1 -1.7636 686.6828 175.3560 766.4761 232.3824 1.5199 1.5922 3.7271 3.4276 1.3844 20.7266 -1.6006 0.6205
Car -1 -1 -1.6699 665.0197 175.1865 710.1703 211.5001 1.5228 1.6215 3.8012 3.6064 1.3014 31.5568 -1.5556 0.4998
Car -1 -1 -1.6025 654.8157 175.6790 685.1003 201.9420 1.5353 1.7231 3.6446 3.9248 1.2548 43.1982 -1.5109 0.4516
Car -1 -1 -1.5517 680.7814 174.8541 728.5556 218.2750 1.5088 1.6526 3.7804 3.7490 1.3142 26.5612 -1.4114 0.4135
Car -1 -1 -1.9263 648.7587 173.0322 701.5438 202.9728 1.5473 1.6546 3.7559 3.7563 1.1628 38.5623 -1.8283 0.2550
