Pedestrian -1 -1 2.0148 853.9648 176.5130 870.1913 205.3958 1.6758 0.7018 0.6248 14.7970 1.8938 42.4493 2.3475 0.5258
Pedestrian -1 -1 2.1194 1055.9055 148.3498 1082.7122 192.4400 1.8926 0.7549 0.6567 19.9802 0.8411 31.4540 2.6810 0.3115
Pedestrian -1 -1 2.1312 1025.4459 157.2522 1048.9565 194.0121 1.9208 0.8300 0.6948 22.5957 1.1059 38.2284 2.6615 0.2915
Pedestrian -1 -1 2.4909 993.3973 140.4369 1069.6517 262.6128 1.8244 0.9106 0.5908 6.5072 1.3407 11.2636 3.0030 0.2140
Pedestrian -1 -1 2.6383 410.9217 166.6577 425.4518 195.6836 1.8929 0.7174 0.6613 -12.6695 1.4891 47.5385 2.3789 0.1985
Pedestrian -1 -1 2.9941 585.2984 181.6416 598.3684 212.3605 1.7758 0.6993 0.6701 -1.1027 2.2967 42.3399 2.9676 0.1834
Pedestrian -1 -1 1.7806 793.8062 165.8495 802.6907 186.7461 1.8841 0.6619 0.6426 17.0674 1.2529 65.4876 2.0342 0.1784
Pedestrian -1 -1 -1.9627 1145.9269 170.7726 1169.6130 203.7509 1.7294 0.7859 0.7135 29.0178 1.6206 38.2779 -1.3181 0.1582
Pedestrian -1 -1 -1.5426 1120.8384 164.2853 1132.1489 189.8486 1.7359 0.6142 0.6563 35.3646 1.1544 49.4419 -0.9247 0.1541
Cyclist -1 -1 0.1891 415.6185 174.9799 428.3793 198.7864 1.7709 1.8415 0.6022 -14.2911 1.9354 54.7762 -0.0652 0.3158
Cyclist -1 -1 2.5070 846.0071 176.5450 873.1009 206.0165 1.6880 1.7631 0.5683 14.6455 1.9104 42.4811 2.8364 0.2455
Cyclist -1 -1 0.1990 509.3013 172.7639 522.0161 198.3329 1.8054 1.8512 0.5529 -6.8048 1.7994 51.8872 0.0689 0.2002
Cyclist -1 -1 2.4384 1045.9531 151.4216 1088.5481 194.2261 1.8179 1.7842 0.5421 19.9377 0.9080 31.5621 2.9975 0.1837
Cyclist -1 -1 -1.1850 404.1130 169.5182 432.7876 196.1784 1.7414 1.6887 0.7000 -12.6585 1.5239 47.5820 -1.4439 0.1788
Cyclist -1 -1 -1.1788 1133.6907 173.2247 1177.2157 205.0864 1.6515 1.7332 0.6324 28.9196 1.6720 38.3243 -0.5364 0.1543
Cyclist -1 -1 -0.9483 844.8674 166.3200 868.3458 187.3811 1.8171 1.9540 0.6126 21.5775 1.2537 63.2217 -0.6211 0.1534
Car -1 -1 -1.7667 740.0884 175.4555 794.0850 214.1362 1.5494 1.5596 3.6740 6.6382 1.6681 30.9935 -1.5582 0.6099
Car -1 -1 -0.6867 423.4240 182.1904 482.4657 206.9377 1.4821 3.8403 1.6513 -10.1620 2.1072 46.4363 -0.9014 0.2371
Car -1 -1 -1.1159 1123.3907 172.5674 1203.5359 198.5836 1.4957 3.3426 1.8708 33.1946 1.4796 43.3934 -0.4664 0.2128
Car -1 -1 -0.4426 1027.7367 174.8414 1078.4225 197.1555 1.5059 3.5633 1.6681 31.1521 1.6515 50.8805 0.1039 0.2070
Car -1 -1 1.8069 689.3420 186.2948 749.1523 212.4646 1.5254 3.3646 1.8017 6.7937 2.3918 45.0249 1.9551 0.1816
Car -1 -1 2.9018 398.3571 177.7555 431.3373 198.6572 1.5390 3.7660 1.6272 -15.2351 1.9346 56.1253 2.6377 0.1744
