Pedestrian -1 -1 0.3798 777.6799 181.1143 797.2764 217.0049 1.7223 0.7953 0.6816 8.7242 1.5266 35.0145 0.6216 0.2152
Pedestrian -1 -1 2.2765 131.0666 179.6432 224.5632 307.1764 1.6887 0.9294 0.6160 -5.9605 1.6160 9.8990 1.7462 0.1949
Pedestrian -1 -1 2.1044 1165.9766 144.2440 1241.0000 295.7173 1.7714 0.7864 0.6614 7.4943 1.2934 8.8858 2.7893 0.1599
Pedestrian -1 -1 -0.5274 940.5207 153.8550 985.6085 228.8946 1.8126 0.7990 0.6880 8.7350 1.0562 17.7854 -0.0774 0.1576
Pedestrian -1 -1 2.8892 448.4801 168.3787 475.3988 225.0939 1.7962 0.8501 0.6632 -4.7711 1.2641 23.2895 2.6891 0.1544
Pedestrian -1 -1 0.8586 1032.3442 159.1005 1110.9448 267.2872 1.7257 0.9087 0.6145 7.5769 1.3102 11.8359 1.4169 0.1502
Cyclist -1 -1 -0.1599 613.4229 177.6991 626.3583 202.8867 1.7630 1.9352 0.6198 0.8383 1.2380 51.3150 -0.1441 0.2962
Cyclist -1 -1 0.2754 568.8619 183.6735 585.5072 218.0352 1.6519 1.5951 0.4023 -1.5284 1.5789 35.3762 0.2320 0.2938
Cyclist -1 -1 3.0312 672.6459 177.8560 681.5003 196.1472 1.6933 1.8158 0.6277 6.4922 1.0131 67.4550 3.1263 0.1861
Cyclist -1 -1 0.0767 579.3400 169.2858 591.5089 203.5665 1.8107 1.8262 0.5224 -1.2301 0.9704 38.8906 0.0449 0.1725
Cyclist -1 -1 -3.0647 624.2793 178.1298 633.8998 200.5594 1.7695 1.9461 0.6273 1.7042 1.2116 57.7078 -3.0358 0.1673
Cyclist -1 -1 3.5727 0.0000 170.5188 89.2399 329.6848 1.6354 1.8543 0.6014 -6.8541 1.4855 8.3545 2.9013 0.1484
Car -1 -1 -3.2200 719.5891 175.1142 765.3022 211.5915 1.5251 3.7715 1.6903 5.9016 1.1039 32.0128 -3.0396 0.5884
Car -1 -1 -3.2136 698.4116 175.4995 726.4056 197.4229 1.5402 3.3505 1.7671 7.5520 0.8588 52.2332 -3.0711 0.4103
Car -1 -1 2.8190 756.3317 178.1814 794.4500 199.1816 1.5102 3.8045 1.6387 12.4492 1.0055 53.6642 3.0454 0.3549
Car -1 -1 -0.4756 757.6939 174.3099 792.1080 191.2269 1.5297 3.6392 1.6300 15.5260 0.5447 66.9634 -0.2491 0.1662
Car -1 -1 2.8740 666.9393 182.2902 700.9807 201.6328 1.5331 3.7615 1.8400 6.1983 1.3023 58.9769 2.9778 0.1653
Car -1 -1 2.6739 836.9489 174.1104 914.0702 211.1300 1.5741 3.9271 1.6662 12.0144 1.1030 32.6110 3.0237 0.1538
