Pedestrian -1 -1 0.1317 776.8113 153.0103 800.7928 218.1454 1.8666 0.9204 0.5734 5.2146 1.2983 21.2075 0.3690 0.3009
Pedestrian -1 -1 1.0408 921.2913 142.5342 1006.5798 274.8043 1.7996 0.9092 0.5765 4.9085 1.3875 10.1428 1.4795 0.2457
Pedestrian -1 -1 2.6159 863.6747 167.9180 892.0142 215.6524 1.7786 0.8112 0.6907 10.1011 1.5951 27.3425 2.9657 0.2264
Pedestrian -1 -1 1.4825 970.1147 164.6819 1014.4322 241.8479 1.7519 0.8530 0.6584 8.8619 1.5667 16.8446 1.9590 0.1914
Cyclist -1 -1 0.4296 98.5427 178.0465 130.4244 214.3884 1.7604 1.8989 0.5774 -24.8879 2.0285 36.2141 -0.1693 0.2264
Cyclist -1 -1 3.0379 394.1765 180.2504 403.9528 200.7336 1.6798 1.8036 0.6073 -17.8041 2.3132 60.8047 2.7539 0.2222
Car -1 -1 3.6178 159.9789 180.1491 238.1266 215.7868 1.5355 3.7241 1.6427 -19.1608 1.8962 33.7505 3.1046 0.5909
Car -1 -1 3.4792 226.7087 183.5380 282.9013 212.7768 1.4442 3.5070 1.6362 -19.0736 2.0465 38.8150 3.0249 0.5502
Car -1 -1 3.4235 293.1715 180.0923 337.7375 205.3989 1.5221 3.7452 1.6765 -18.9378 2.0081 46.4589 3.0381 0.4611
Car -1 -1 -2.7555 361.6271 180.6916 399.1768 200.8385 1.5166 3.4392 1.6775 -18.2726 2.1607 57.4779 -3.0623 0.2967
Car -1 -1 3.0129 323.8246 184.0377 357.1299 206.9300 1.4821 3.8962 1.7153 -19.0772 2.3045 50.9100 2.6557 0.2056
Car -1 -1 2.9888 260.6192 183.2965 303.4756 211.5398 1.5402 3.8388 1.7618 -19.6023 2.1928 42.9775 2.5630 0.2009
Car -1 -1 1.6817 585.4202 178.8772 632.0801 199.1067 1.5008 3.3935 1.8442 -0.0982 1.9718 55.2826 1.6795 0.1966
Car -1 -1 -0.1292 649.0613 174.3551 689.6646 204.7818 1.5286 4.0345 1.6379 3.0763 1.6133 38.5052 -0.0506 0.1823
