Cyclist -1 -1 -0.3832 901.0533 156.7605 931.3311 198.0584 1.8697 2.0189 0.5789 14.2317 1.1414 33.6767 0.0132 0.3376
Cyclist -1 -1 -3.0979 588.4615 165.6216 607.3794 222.4614 1.7869 1.9296 0.5412 -0.4289 1.5599 23.6519 -3.1166 0.3218
Cyclist -1 -1 2.3319 1205.3727 169.3235 1242.0000 212.9678 1.7730 1.8721 0.6423 26.0977 1.6299 30.2726 3.0382 0.2962
Car -1 -1 -1.9075 1070.5277 185.1242 1242.0000 375.0000 1.5156 1.6186 3.8334 4.6482 1.6394 5.1782 -1.2048 0.7182
Car -1 -1 -0.1935 647.5740 176.0700 843.8057 249.3802 1.5842 1.6898 4.1666 2.9552 1.6623 16.5555 -0.0208 0.6507
Car -1 -1 1.6289 24.1824 196.1063 203.7614 344.9164 1.4911 1.7068 3.7254 -6.6268 1.8765 9.9056 1.0513 0.6430
Car -1 -1 -1.1076 0.0000 198.8675 107.1926 375.0000 1.5436 1.5845 3.8493 -5.2199 1.8023 5.0900 -1.8795 0.5624
Car -1 -1 1.9830 975.7701 174.3377 1094.5750 230.8295 1.5227 1.5649 4.0395 12.5919 1.5708 21.3670 2.5090 0.3972
Car -1 -1 -1.2194 1140.1401 171.7253 1235.1372 212.4211 1.4934 1.6096 4.0965 22.5866 1.4523 28.2321 -0.5501 0.3962
Car -1 -1 3.1213 0.0000 179.8483 29.6319 220.9158 1.5248 3.6068 1.6700 -24.8120 1.8281 29.3445 2.4238 0.3418
Car -1 -1 -2.3591 844.2269 172.7803 891.9031 191.6350 1.4681 3.3943 1.6895 20.6033 1.4627 57.6746 -2.0180 0.3410
