Pedestrian -1 -1 2.1106 292.6678 171.5416 353.6554 266.1151 1.6931 0.8417 0.6273 -5.2302 1.5344 13.0326 1.7391 0.4401
Pedestrian -1 -1 -0.4825 55.2350 180.3645 77.0279 213.1250 1.6784 0.7144 0.6429 -27.9555 1.6728 36.6614 -1.1282 0.3874
Pedestrian -1 -1 -0.3229 530.4448 133.7856 602.9502 283.5643 1.8073 0.8823 0.6813 -0.5544 1.2453 9.0628 -0.3797 0.3335
Pedestrian -1 -1 1.5798 153.5565 180.0574 202.3411 263.6236 1.6733 0.8493 0.6871 -8.8861 1.6661 14.6627 1.0462 0.2812
Pedestrian -1 -1 2.5739 13.9572 174.4836 52.1442 225.9470 1.7913 0.9187 0.6669 -20.3071 1.5834 25.0700 1.9010 0.2783
Pedestrian -1 -1 -0.3377 499.1971 150.0636 542.1202 241.9478 1.8187 0.7845 0.6504 -1.7765 1.2179 14.4855 -0.4552 0.2640
Pedestrian -1 -1 2.8230 572.9345 153.3589 622.1866 263.8503 1.7633 0.6915 0.6293 -0.1763 1.3318 11.7076 2.8103 0.2572
Pedestrian -1 -1 1.9651 60.6311 166.3670 94.4767 207.9899 1.8548 1.0637 0.6333 -23.8364 1.2265 31.9366 1.3305 0.2129
Pedestrian -1 -1 3.2452 456.2736 169.3045 555.9911 331.8536 1.6943 0.9954 1.0000 -1.1163 1.5793 7.8773 3.1116 0.2036
Pedestrian -1 -1 2.7724 23.4137 175.4690 44.7015 210.2050 1.7583 0.6808 0.6496 -29.2774 1.5051 36.2373 2.0989 0.1918
Pedestrian -1 -1 0.9984 44.7289 204.1539 118.2646 311.6644 1.7743 0.7640 0.7287 -9.1932 2.2062 12.3672 0.3726 0.1914
Pedestrian -1 -1 3.0569 239.7544 148.0189 281.5225 245.8521 1.8737 0.6990 0.6928 -6.8735 1.2533 14.0133 2.6118 0.1833
Pedestrian -1 -1 2.8293 45.7657 173.2466 66.0736 206.0747 1.8403 0.7594 0.7149 -31.1844 1.4351 40.1418 2.1744 0.1681
Cyclist -1 -1 1.6367 423.6172 177.5127 596.5382 337.1879 1.6979 1.8413 0.6126 -1.0801 1.6679 7.8777 1.5073 0.4555
Cyclist -1 -1 -0.2189 64.0920 168.1674 91.3266 210.3099 1.8598 1.9910 0.5818 -23.9483 1.3170 32.0711 -0.8538 0.4270
Cyclist -1 -1 0.1873 26.1339 176.3353 49.3523 211.4127 1.7646 1.9394 0.5770 -29.3302 1.5566 36.5574 -0.4830 0.2870
Cyclist -1 -1 0.5448 5.4373 176.2220 53.9526 227.2852 1.7459 1.6879 0.5273 -20.3774 1.6012 25.0413 -0.1304 0.2507
Cyclist -1 -1 0.3762 47.0951 173.0511 72.5518 205.5518 1.8113 1.7891 0.5231 -31.0936 1.3976 40.3322 -0.2751 0.2136
Cyclist -1 -1 -2.7389 476.1053 146.1429 556.7098 252.7558 1.7271 1.7805 0.7629 -1.5573 1.1722 12.4102 -2.8586 0.2050
Cyclist -1 -1 0.0749 59.0690 180.0884 76.7984 212.9918 1.6677 1.7317 0.5977 -27.8991 1.6483 36.7221 -0.5690 0.1911
Car -1 -1 3.0515 184.2772 179.4390 214.2987 200.0961 1.5451 3.8428 1.6968 -31.5409 1.4670 54.9411 2.5345 0.2863
Car -1 -1 1.4619 525.7186 147.5118 751.9773 260.7376 1.8733 3.8084 1.7395 0.4818 1.3292 12.6937 1.5008 0.2704
Car -1 -1 -0.5151 535.5024 159.5159 608.6653 197.2698 1.5629 3.6242 1.6563 -1.5310 0.6957 31.2401 -0.5616 0.1960
Car -1 -1 3.1881 234.4315 181.3723 259.8630 200.6250 1.5499 3.9564 1.7077 -29.9422 1.6269 59.2644 2.7240 0.1696
Car -1 -1 -0.0785 184.1120 184.6423 217.1341 207.2079 1.4897 3.9877 1.7155 -28.3848 1.7940 49.5847 -0.5941 0.1653
