Pedestrian -1 -1 2.8341 763.1208 163.1030 783.4194 206.9225 1.7380 0.5813 0.6450 6.7213 1.0495 28.3521 3.0661 0.3458
Pedestrian -1 -1 -3.5124 956.5890 128.8550 1001.2795 219.8777 1.8532 0.8657 0.5466 7.8007 0.8034 14.8501 -3.0355 0.3306
Pedestrian -1 -1 2.7823 741.4486 167.4581 763.7528 211.8409 1.7527 0.6948 0.6717 5.8832 1.2392 28.3126 2.9866 0.2865
Pedestrian -1 -1 1.6712 1194.7075 142.6523 1224.0000 200.8480 1.8760 0.8535 0.6394 20.0189 0.6575 23.3164 2.3756 0.2519
Cyclist -1 -1 -0.5069 976.9144 155.5832 1027.9819 208.2703 1.7788 1.8255 0.7610 13.8701 0.9391 24.7785 -0.0004 0.2515
Car -1 -1 -1.8048 792.6873 168.0672 1024.5852 334.9369 1.5571 1.6097 3.6568 3.2920 1.4428 8.5068 -1.4462 0.8149
Car -1 -1 -1.7854 729.4028 177.8323 861.4156 271.3242 1.5202 1.5729 3.8234 3.3934 1.4785 13.4259 -1.5417 0.7640
Car -1 -1 -1.6849 676.6465 176.1864 736.9102 224.5146 1.5445 1.6207 3.8537 3.4213 1.4082 24.5370 -1.5465 0.7073
Car -1 -1 1.9243 313.6534 182.9160 389.6658 221.9068 1.5101 1.8416 3.5614 -10.4624 1.6182 29.3972 1.5874 0.7041
Car -1 -1 -1.6424 704.4678 174.1049 775.7333 236.8682 1.5470 1.6198 3.7916 3.5722 1.3909 19.3949 -1.4614 0.6850
Car -1 -1 -1.6737 669.3799 177.4964 715.4785 213.7902 1.4938 1.6104 3.8235 3.7536 1.3717 31.0219 -1.5529 0.4776
Car -1 -1 -0.1362 657.9324 176.8644 743.4124 208.0697 1.5157 1.5637 4.0306 4.6919 1.3405 35.1254 -0.0030 0.3014
