Pedestrian -1 -1 1.7529 196.4199 179.3052 232.0279 233.0782 1.6621 0.8833 0.6158 -12.3373 1.6268 22.2800 1.2549 0.5195
Pedestrian -1 -1 3.0255 458.7891 171.9796 480.5276 219.0728 1.7212 0.8344 0.7049 -5.0736 1.4113 26.3397 2.8391 0.5002
Pedestrian -1 -1 3.1384 189.4994 178.2768 212.1914 232.0025 1.6902 0.7902 0.6244 -13.0267 1.6219 22.7369 2.6258 0.4932
Pedestrian -1 -1 0.1532 974.2014 153.0411 1005.5439 226.0142 1.8490 0.7185 0.6180 9.9752 1.1549 18.3835 0.6449 0.4897
Pedestrian -1 -1 1.9695 554.0076 183.2585 578.7269 220.6950 1.6848 0.8982 0.7829 -1.7859 1.8148 32.4130 1.9165 0.4864
Pedestrian -1 -1 3.1181 494.3595 178.2423 517.4410 222.4751 1.6393 0.8726 0.8438 -3.7742 1.5571 26.6969 2.9810 0.4558
Pedestrian -1 -1 0.8055 887.3820 176.9880 908.6071 208.5710 1.7446 0.7568 0.7951 16.3830 1.5520 39.5604 1.1968 0.4413
Pedestrian -1 -1 1.3021 395.1421 163.3683 465.6942 272.6667 1.8158 1.0529 0.6677 -3.0818 1.5328 12.2885 1.0641 0.4389
Pedestrian -1 -1 2.9779 390.9668 166.5720 422.0066 232.6569 1.7925 0.8803 0.7020 -5.5783 1.4163 19.7198 2.7081 0.4109
Pedestrian -1 -1 0.5308 1134.5942 198.3229 1203.5299 287.8185 1.7255 0.8490 0.7743 11.3995 2.1019 14.3491 1.1927 0.3364
Pedestrian -1 -1 1.1917 946.8605 169.4881 971.5219 207.7987 1.6924 0.8093 0.6251 15.7940 1.2074 31.5743 1.6531 0.2733
Pedestrian -1 -1 1.4142 42.1126 185.5698 85.2889 248.5427 1.6475 0.8341 0.6945 -14.6767 1.7901 19.1216 0.7691 0.2716
Pedestrian -1 -1 0.6628 926.5640 171.9316 951.8644 209.1520 1.7698 0.9536 0.6571 16.1143 1.3638 34.1227 1.1020 0.2547
Pedestrian -1 -1 -0.0464 214.5503 134.9240 250.8681 244.3866 1.8441 0.7756 0.5339 -6.5686 1.0779 12.3758 -0.5216 0.2496
Pedestrian -1 -1 3.0592 481.8728 177.1465 502.2616 221.5764 1.7027 0.8323 0.7204 -4.4354 1.5757 27.5810 2.9031 0.2462
Cyclist -1 -1 3.3203 232.4111 159.3451 376.1055 370.0000 1.7440 1.8774 0.7024 -2.3857 1.6041 5.7155 2.9458 0.5973
Cyclist -1 -1 -0.3040 769.7044 171.9455 821.9976 253.3960 1.7414 1.7351 0.6394 4.2471 1.5601 15.9931 -0.0477 0.5532
Cyclist -1 -1 0.1564 516.4689 180.6510 533.6381 217.4272 1.6875 1.8370 0.5239 -3.7805 1.6963 33.3759 0.0462 0.5191
Cyclist -1 -1 3.1949 481.9453 178.4897 499.9646 223.1245 1.6799 1.6996 0.5993 -4.4473 1.6058 27.4826 3.0379 0.4104
Cyclist -1 -1 3.0445 557.0670 185.1158 573.4059 223.5010 1.7068 1.7212 0.5866 -1.8580 1.9266 32.5440 2.9894 0.3819
Cyclist -1 -1 2.3703 1126.6465 173.1154 1205.0813 239.7745 1.7838 1.8561 0.5909 15.6820 1.5878 19.8704 3.0321 0.3806
Cyclist -1 -1 2.4910 986.3538 173.5056 1027.3169 217.4002 1.6992 1.8228 0.3946 16.0345 1.4299 28.2948 3.0033 0.3694
Cyclist -1 -1 2.4370 11.9222 179.2036 99.9382 243.5239 1.7595 2.0436 0.8522 -15.5342 1.7256 19.9702 1.7852 0.3537
Cyclist -1 -1 2.1877 894.8440 169.6227 932.9468 202.4306 1.6712 1.8440 0.5490 16.1117 1.1186 36.9426 2.5974 0.3407
Cyclist -1 -1 3.2806 352.3767 194.2583 377.6219 264.1711 1.6847 1.6682 0.3823 -6.2092 2.0576 18.2240 2.9588 0.3214
Cyclist -1 -1 2.7889 530.3304 181.6824 551.6600 213.9240 1.7373 1.6990 0.6261 -3.5558 1.8056 39.0620 2.7003 0.2891
Cyclist -1 -1 -3.7809 1127.3374 198.2612 1204.2683 285.1480 1.6477 1.5408 0.3767 11.4157 2.0329 14.4932 -3.1231 0.2889
Cyclist -1 -1 0.1865 457.3747 172.2364 483.4512 220.7590 1.7507 1.8408 0.6234 -5.0403 1.4541 26.4262 0.0020 0.2823
Cyclist -1 -1 0.0206 270.3948 192.5184 289.1209 255.9769 1.6396 1.5992 0.4254 -8.9472 1.9848 19.3925 -0.4040 0.2802
Cyclist -1 -1 -3.3364 746.3365 179.3779 759.6328 209.0278 1.6787 1.6468 0.4389 8.5360 1.6165 40.8511 -3.1305 0.2635
Cyclist -1 -1 -0.6443 883.0439 177.1098 912.3475 209.7410 1.7820 1.6626 0.6384 16.3260 1.5982 39.4913 -0.2536 0.2605
Cyclist -1 -1 3.2445 477.7066 172.4850 488.7305 200.4167 1.7211 1.9161 0.4870 -7.6664 1.2286 44.5341 3.0769 0.2548
Cyclist -1 -1 0.0946 113.5761 193.7055 136.0854 257.9855 1.6013 1.5456 0.3368 -12.7142 1.9661 18.6812 -0.4937 0.2433
Car -1 -1 -0.0899 892.3271 177.3526 961.4183 229.7519 1.5057 3.7337 1.6237 10.0423 1.4169 22.3415 0.3288 0.2692
Car -1 -1 -0.3633 751.6757 173.7171 807.7840 203.9791 1.5918 4.0757 1.6780 9.6305 1.2364 39.3110 -0.1233 0.2610
Car -1 -1 0.2172 210.5268 168.0922 392.7098 296.0247 1.5528 3.9192 1.6170 -4.3483 1.4039 10.6397 -0.1585 0.2535
