Pedestrian -1 -1 -3.2759 796.4384 131.2056 865.9008 286.5672 1.8202 0.8334 0.7020 2.6565 1.3326 8.9139 -2.9962 0.6123
Car -1 -1 1.8696 234.7031 193.9144 445.1101 326.1032 1.4950 1.7978 3.8693 -3.7910 1.8665 10.7471 1.5373 0.7544
Car -1 -1 -1.3936 402.9300 188.4884 491.1255 255.6328 1.4681 1.5754 3.5958 -4.1052 1.9079 18.4521 -1.6102 0.7367
Car -1 -1 -1.7032 639.2031 176.8624 689.2147 214.3958 1.5374 1.7194 3.6164 2.2887 1.7248 31.8070 -1.6326 0.6330
Car -1 -1 3.6517 0.0000 202.6016 257.7323 336.8914 1.4381 3.7440 1.6511 -6.8288 1.9500 10.4881 3.0857 0.6209
Car -1 -1 -1.0749 91.0610 183.3851 243.4660 243.1300 1.6619 3.4612 1.6695 -13.0255 1.9866 21.3065 -1.6183 0.4943
Car -1 -1 3.2400 452.7325 179.5997 494.0490 212.4797 1.5245 3.7501 1.6737 -6.8346 1.8814 36.1901 3.0542 0.4738
Car -1 -1 -1.6564 690.7384 173.7210 775.8724 206.7019 1.5124 3.8317 1.6958 5.7359 1.5550 34.1339 -1.4919 0.4149
Car -1 -1 1.2158 762.2100 169.0177 869.3033 213.7431 1.6701 3.5915 1.7935 7.8827 1.5272 27.9833 1.4871 0.4105
Car -1 -1 3.1499 490.4514 183.6747 518.8109 208.4955 1.5128 3.5674 1.7793 -6.9528 2.2540 47.5089 3.0049 0.3882
Car -1 -1 -2.8509 627.0276 176.2197 658.4404 195.7289 1.5493 3.4480 1.6893 2.7220 1.8378 59.8614 -2.8061 0.3638
Car -1 -1 -1.2383 380.5770 185.5121 460.9796 232.0651 1.4581 1.6709 3.5289 -6.6158 1.9364 25.4149 -1.4910 0.3339
Car -1 -1 1.3519 798.2178 173.7582 915.0659 219.8979 1.5395 3.5598 1.7009 8.4669 1.5727 25.1402 1.6727 0.3321
