Pedestrian -1 -1 2.5248 1093.4789 164.1597 1155.4308 244.5033 1.6936 0.7939 0.7715 11.0628 1.5107 15.6074 3.1321 0.3242
Pedestrian -1 -1 1.5895 429.9140 173.9169 455.6800 220.1126 1.8398 1.0034 0.5646 -6.7864 1.8836 29.1305 1.3621 0.3042
Pedestrian -1 -1 -0.4190 724.0625 161.0097 744.0385 200.6334 1.9009 0.8047 0.6878 5.9902 1.3330 35.0869 -0.2517 0.2873
Pedestrian -1 -1 0.8422 668.8506 168.6197 682.3052 189.3900 1.8525 1.1036 0.5745 5.8805 1.4752 64.9106 0.9318 0.2759
Cyclist -1 -1 2.4358 1117.3293 138.2435 1242.0000 272.9846 1.8984 1.9797 0.5283 8.8001 1.4111 11.1651 3.0901 0.7191
Cyclist -1 -1 -0.6896 1078.2708 162.2906 1171.8962 247.9511 1.7449 1.8686 0.5814 11.0648 1.5300 15.6499 -0.0835 0.2734
Cyclist -1 -1 -0.3847 714.2695 176.2281 727.8174 194.7107 1.7088 1.7787 0.6379 10.4383 2.0316 67.9906 -0.2335 0.2608
Cyclist -1 -1 0.3177 48.3730 190.3124 87.5497 244.9955 1.6188 1.5842 0.5116 -17.0937 2.1891 22.7206 -0.3218 0.2100
Cyclist -1 -1 0.3515 78.7285 176.8252 105.5847 210.6630 1.7767 1.8362 0.5817 -28.0606 1.9974 39.0703 -0.2683 0.2095
Car -1 -1 0.4523 138.9867 187.1357 345.5764 257.0662 1.5113 1.6117 3.9734 -8.4709 1.8597 16.7533 -0.0098 0.6508
Car -1 -1 2.7210 908.5461 169.8009 963.3562 196.7601 1.6240 3.8656 1.6970 20.4035 1.4405 45.3967 3.1406 0.5666
Car -1 -1 -2.6423 252.7160 185.9166 404.8295 239.3392 1.4984 1.6269 3.9998 -8.4974 1.9133 21.8266 -3.0099 0.5616
Car -1 -1 0.1880 1125.2689 173.1388 1242.0000 214.5942 1.5271 1.8501 3.4292 22.6276 1.5395 28.5033 0.8536 0.3543
Car -1 -1 -2.4308 1128.6396 153.1869 1221.3658 188.9984 1.6270 2.8369 2.1156 26.6153 0.7338 34.0980 -1.7723 0.3114
Car -1 -1 -0.9397 75.3523 184.6212 214.7973 229.6684 1.4950 3.8776 1.7049 -16.3593 1.9259 25.4262 -1.5069 0.2673
Car -1 -1 2.4560 954.1520 172.1284 1008.6268 192.9308 1.6026 4.0608 1.6743 29.6310 1.5470 57.7447 2.9277 0.2657
Car -1 -1 -1.1939 0.0000 189.3160 30.1882 272.1574 1.5465 1.6547 4.0221 -15.1316 1.9730 16.5041 -1.9279 0.2282
Car -1 -1 -0.9505 1043.5121 172.2087 1178.3013 216.9786 1.5284 3.7895 1.7305 18.3608 1.5067 26.7068 -0.3537 0.2273
Car -1 -1 -2.7426 959.0304 174.8508 1038.8059 203.1983 1.4694 1.8543 3.3993 21.2545 1.5846 39.5710 -2.2531 0.2246
