Pedestrian -1 -1 3.2777 120.9041 150.0901 171.6250 263.9914 1.7766 0.7299 0.5944 -7.5625 1.4219 11.7069 2.7143 0.3088
Pedestrian -1 -1 2.9083 440.4284 174.8562 461.7469 218.3713 1.7341 0.8100 0.6765 -6.5010 1.8172 29.3098 2.6914 0.2846
Pedestrian -1 -1 -0.2301 257.1383 175.9062 283.4432 226.0598 1.7161 0.6079 0.7124 -11.9113 1.8250 25.2016 -0.6679 0.2843
Pedestrian -1 -1 2.4447 813.4797 155.3006 854.1743 224.1796 1.7763 0.8139 0.6590 5.8733 1.3240 19.1084 2.7381 0.2343
Pedestrian -1 -1 2.6424 546.8304 177.2262 564.5781 210.3804 1.7311 0.7358 0.6681 -2.9196 1.9665 38.2909 2.5663 0.2226
Cyclist -1 -1 3.1730 551.2758 177.8784 563.4969 209.5305 1.6298 1.6916 0.5962 -2.8208 1.9027 38.2805 3.0994 0.2907
Cyclist -1 -1 0.4246 0.0000 155.3763 81.7882 335.1406 1.7213 1.8475 0.5331 -6.5462 1.5543 7.8673 -0.2530 0.2293
Car -1 -1 -1.7707 694.1234 182.4977 804.9662 260.8222 1.4683 1.6318 3.7270 2.8782 1.7060 15.8706 -1.5955 0.7239
Car -1 -1 3.3625 279.7649 177.0136 467.8558 313.4914 1.5618 3.3111 1.7545 -3.1289 1.6302 10.0747 3.0679 0.7131
Car -1 -1 3.2582 462.5679 179.0856 531.6620 235.0142 1.5604 3.9982 1.6754 -3.4864 1.7736 22.6077 3.1063 0.6635
Car -1 -1 1.4612 655.6954 178.2637 704.2161 215.7274 1.4904 1.6630 3.7747 2.9168 1.7386 31.1523 1.5531 0.6001
Car -1 -1 0.1611 501.9435 174.1777 556.7905 215.4998 1.6384 3.6737 1.7435 -3.3936 1.6983 30.6050 0.0511 0.5855
Car -1 -1 -2.1580 783.5858 170.5146 1242.0000 375.0000 1.5331 1.7481 3.7685 2.8707 1.5214 5.7080 -1.7136 0.2791
Car -1 -1 -0.0386 550.7452 178.0130 578.1008 201.2292 1.5498 3.8676 1.7774 -3.2897 1.9297 51.0737 -0.1030 0.2479
