Pedestrian -1 -1 -0.4053 671.2392 164.5884 699.1238 213.7489 1.8309 0.9556 0.7350 2.8092 1.5234 27.4352 -0.3050 0.3330
Cyclist -1 -1 -0.4094 667.1200 166.6940 700.5535 215.4264 1.7963 1.7706 0.6084 2.7571 1.5696 27.5296 -0.3112 0.3390
Cyclist -1 -1 -0.0501 36.5404 181.7065 52.3893 212.7242 1.7407 1.8266 0.6374 -32.8842 2.2662 41.9021 -0.7126 0.3049
Cyclist -1 -1 -0.8790 1093.8992 159.0963 1128.6880 188.4253 1.8244 1.8404 0.6189 31.8052 0.9690 45.8497 -0.2757 0.2563
Cyclist -1 -1 -0.8015 1068.5444 163.8482 1105.1627 195.0465 1.7313 1.8226 0.6064 27.0382 1.2319 40.9936 -0.2220 0.2528
Cyclist -1 -1 0.8536 971.4688 154.4133 1139.5638 284.9557 1.6794 1.9580 0.7395 5.9907 1.4425 9.8216 1.3874 0.2297
Cyclist -1 -1 -0.7917 1051.5249 163.6411 1086.8827 194.4567 1.8357 1.9602 0.5972 27.9514 1.2873 44.0026 -0.2291 0.1938
Cyclist -1 -1 -0.1328 688.3145 180.6010 701.4388 208.9352 1.7398 1.7338 0.5958 5.3304 2.2396 45.6495 -0.0179 0.1923
Cyclist -1 -1 3.4003 374.3439 182.2913 404.8424 242.9209 1.6216 1.6996 0.4025 -6.2673 1.9003 20.4186 3.1055 0.1850
Car -1 -1 -0.0155 586.1149 177.5475 612.0509 201.9331 1.5371 3.6757 1.6617 -0.7900 1.8622 48.0594 -0.0324 0.5000
Car -1 -1 -3.3658 1181.2994 172.6929 1242.0000 200.3176 1.5050 2.3138 2.7212 34.3897 1.4966 40.9560 -2.6711 0.3447
Car -1 -1 2.8767 506.6695 181.7497 536.5045 199.6307 1.5243 3.4799 1.8343 -8.0617 2.3553 65.4130 2.7541 0.2840
Car -1 -1 3.0696 602.8535 183.5576 634.3535 210.0744 1.4981 3.6161 1.6602 0.4549 2.1805 44.1171 3.0793 0.2423
Car -1 -1 2.9744 598.3379 184.0143 639.6885 213.7682 1.4809 3.6413 1.6569 0.4071 2.1187 39.2827 2.9840 0.2296
Car -1 -1 -0.3564 1165.1434 172.8695 1242.0000 202.7556 1.4884 1.6272 3.4746 31.0468 1.4896 37.2722 0.3340 0.2175
Car -1 -1 2.9567 315.4836 190.7039 361.6336 220.6229 1.5006 3.9970 1.7441 -15.4728 2.5670 40.9269 2.5970 0.2099
Car -1 -1 2.9487 602.4279 181.7290 650.4402 215.4481 1.4930 3.6753 1.6355 0.7014 1.9469 34.9227 2.9679 0.2083
Car -1 -1 3.7366 0.0000 202.7571 88.3989 258.6175 1.4838 3.3116 1.7792 -18.4758 2.4977 22.7309 3.0597 0.2082
Car -1 -1 0.3054 30.9994 182.1705 86.2834 209.2542 1.5171 3.6173 1.6444 -33.3949 2.1080 43.7555 -0.3437 0.1839
