Pedestrian -1 -1 1.2688 806.7374 133.4895 934.5785 321.4005 1.8684 1.1205 0.5512 2.7117 1.3924 7.4327 1.6017 0.5889
Pedestrian -1 -1 1.1194 921.5529 151.6707 1069.2800 355.5714 1.8170 1.0543 0.5919 3.5972 1.5526 6.7046 1.5899 0.2928
Pedestrian -1 -1 2.0464 222.3837 164.4829 244.5278 205.3651 1.8619 0.7078 0.6070 -16.9218 1.0878 33.0169 1.5711 0.2679
Pedestrian -1 -1 2.9092 378.5212 182.1747 400.2146 223.9284 1.6654 0.6623 0.7083 -8.6186 1.6941 29.1269 2.6187 0.2635
Pedestrian -1 -1 2.3740 764.7571 167.9986 777.6617 192.8727 1.8117 0.6591 0.6453 12.4876 0.8289 52.7660 2.6003 0.2576
Pedestrian -1 -1 -0.4297 735.0305 141.8591 784.1123 239.2875 1.8513 0.8819 0.6260 3.0635 1.0993 14.1469 -0.2255 0.2353
Pedestrian -1 -1 1.3014 668.6437 175.9400 687.5661 218.4613 1.7689 0.6196 0.7204 3.2134 1.5386 30.2880 1.4010 0.2116
Cyclist -1 -1 -0.3160 631.7712 166.9046 651.2869 195.9215 1.7966 1.9322 0.6548 2.5343 0.8937 45.4917 -0.2657 0.2797
Cyclist -1 -1 -0.7700 1112.7971 130.3745 1238.0000 310.7235 1.7485 1.8522 0.5317 6.5780 1.2542 7.9095 -0.0977 0.2173
Car -1 -1 -0.9908 434.2065 176.2085 520.6461 218.1953 1.5045 1.5750 3.6035 -4.7217 1.3159 27.7033 -1.1632 0.6038
Car -1 -1 2.8968 320.7634 179.9065 373.5628 210.6336 1.5452 3.8895 1.7412 -13.5763 1.4660 38.2220 2.5525 0.4968
Car -1 -1 2.0268 392.9182 175.0243 445.1992 194.7914 1.6322 3.9157 1.7180 -15.3286 1.0980 60.5483 1.7750 0.3740
Car -1 -1 -1.5061 7.2790 176.9560 117.4998 214.0584 1.5749 3.8584 1.7643 -24.1011 1.3830 32.2810 -2.1486 0.3135
Car -1 -1 -2.9728 571.0339 175.6006 604.3228 199.7401 1.5154 3.5640 1.6183 -0.8529 1.1458 46.9730 -2.9959 0.3104
