Pedestrian -1 -1 1.3209 722.1906 155.2940 815.3632 300.2441 1.7685 1.0256 0.6067 2.0049 1.4626 8.9425 1.5358 0.6764
Pedestrian -1 -1 1.4274 55.0110 195.3218 100.2728 259.5578 1.7700 0.9488 0.7798 -15.2289 2.2115 20.3697 0.7942 0.3988
Pedestrian -1 -1 -1.4987 1125.7825 186.3510 1224.0000 370.0000 1.6706 0.6832 0.6970 4.3455 1.7206 5.3393 -0.8427 0.3160
Pedestrian -1 -1 2.8541 517.0059 163.7610 567.0836 263.2806 1.7518 0.8884 0.6919 -1.2100 1.4588 12.9815 2.7652 0.3092
Pedestrian -1 -1 2.7138 641.8790 162.3348 696.8679 260.7110 1.7393 0.8444 0.7201 1.1310 1.4198 13.0143 2.8001 0.2826
Pedestrian -1 -1 2.3025 832.2949 174.6579 876.7883 243.5641 1.6900 0.7199 0.7838 6.2570 1.5483 17.8405 2.6359 0.2757
Pedestrian -1 -1 3.0503 13.7844 175.5357 69.1037 263.3930 1.7089 0.8447 0.8117 -11.4714 1.6140 14.3334 2.3878 0.2720
Pedestrian -1 -1 2.9996 253.8620 165.8453 304.9865 259.7904 1.7386 0.8875 0.7856 -6.3435 1.4691 13.6656 2.5756 0.2532
Pedestrian -1 -1 2.6739 818.3702 169.9382 869.2896 259.7947 1.7145 0.8700 0.6224 4.6620 1.5146 13.9629 2.9910 0.2342
Pedestrian -1 -1 1.1533 972.6658 189.0050 1129.4822 370.0000 1.6442 0.7696 0.7043 3.2715 1.7148 5.3342 1.6791 0.2335
Pedestrian -1 -1 1.2999 559.1118 162.2436 612.1725 251.3559 1.8005 0.9837 0.5788 -0.4489 1.4332 14.7019 1.2718 0.2066
Pedestrian -1 -1 -1.5220 882.5354 162.8863 941.8887 267.3499 1.7438 0.9224 0.6836 5.3089 1.4514 12.3053 -1.1223 0.1937
Pedestrian -1 -1 2.7267 606.2449 167.4948 656.6694 255.2370 1.7514 0.8987 0.7442 0.4975 1.4934 14.6632 2.7616 0.1796
Pedestrian -1 -1 -0.9511 1152.2870 135.7386 1224.0000 245.1968 1.8157 0.8502 0.6535 10.0969 1.0748 12.2206 -0.2716 0.1676
Pedestrian -1 -1 -0.8258 995.9344 164.1973 1070.2687 272.9655 1.7733 0.8567 0.6647 7.2249 1.5092 12.0288 -0.2950 0.1636
Cyclist -1 -1 0.4238 0.0000 175.8587 67.2946 267.2588 1.7187 1.8675 0.6030 -11.7020 1.6331 14.2699 -0.2505 0.2348
Cyclist -1 -1 0.0722 252.0648 166.4823 301.9365 263.5573 1.7502 1.7990 0.7351 -6.3725 1.4991 13.7138 -0.3523 0.2317
Cyclist -1 -1 0.7342 1085.5452 187.5865 1224.0000 370.0000 1.6171 1.7700 0.6293 5.4028 1.6885 6.4951 1.4058 0.2226
Cyclist -1 -1 1.7532 630.4933 162.8473 736.8135 259.2854 1.7002 1.8580 0.7007 1.4154 1.3907 13.0615 1.8603 0.2189
Cyclist -1 -1 1.4588 682.8392 162.4520 759.0361 232.6273 1.7523 1.8540 0.6336 2.8975 1.3032 18.0097 1.6174 0.2178
Cyclist -1 -1 -1.6073 555.6448 148.3509 631.2985 221.7653 1.8093 1.8709 0.6321 -0.3368 1.0186 17.7855 -1.6239 0.1840
Cyclist -1 -1 1.9114 310.1117 177.9592 448.1429 288.2671 1.6690 1.9317 0.7316 -3.5609 1.6323 11.0974 1.6108 0.1779
Cyclist -1 -1 0.0283 508.0210 162.9942 547.5042 267.4802 1.7886 1.7942 0.6695 -1.4406 1.4906 13.0189 -0.0775 0.1734
Cyclist -1 -1 -1.1268 279.1566 198.6913 356.8353 269.6559 1.8132 1.7685 0.7152 -7.6071 2.3064 18.6869 -1.5063 0.1692
Cyclist -1 -1 -0.5454 831.5096 152.2493 918.2180 262.2191 1.7785 1.7797 0.5555 4.6234 1.3232 12.3564 -0.1940 0.1568
Cyclist -1 -1 -1.5824 591.4448 167.9502 681.6241 253.7707 1.7503 1.8410 0.6914 0.6114 1.4959 14.7884 -1.5403 0.1543
Car -1 -1 0.0776 43.2709 188.3163 111.1125 234.3592 1.5202 3.6958 1.6932 -19.3725 1.8319 26.0402 -0.5546 0.2448
Car -1 -1 -2.2948 1144.8014 184.8837 1224.0000 370.0000 1.5491 1.6694 3.8927 6.5130 1.5989 5.7365 -1.4718 0.2428
Car -1 -1 1.0185 918.2255 201.5986 1106.6901 268.7707 1.5687 3.8468 1.7036 10.2489 2.1360 18.0222 1.5293 0.2128
Car -1 -1 2.4984 555.6937 172.9337 605.2806 195.0997 1.5571 3.7904 1.6857 -1.8182 1.0269 51.6702 2.4651 0.1649
