Pedestrian -1 -1 1.9921 292.8450 169.5898 344.3425 247.8855 1.7868 0.9198 0.6683 -6.8308 1.7126 16.8157 1.6113 0.1978
Pedestrian -1 -1 2.9446 232.0664 168.8960 254.1134 213.9381 1.8407 0.6345 0.7063 -15.2740 1.6793 29.9513 2.4763 0.1916
Cyclist -1 -1 3.5441 0.0000 210.9218 89.9272 375.0000 1.6349 1.6149 0.3549 -6.5383 2.1122 8.2107 2.8870 0.3084
Cyclist -1 -1 3.4033 0.0000 197.7553 53.1548 342.1020 1.5480 1.4636 0.3873 -7.2598 1.8759 8.7408 2.7250 0.1864
Car -1 -1 1.7995 321.1858 193.9944 473.1424 297.1723 1.4970 1.7951 3.8913 -3.7554 1.9440 13.2606 1.5278 0.7400
Car -1 -1 1.7073 432.5277 179.7999 510.5872 240.1852 1.6039 1.7715 3.8680 -4.0831 1.8311 21.5910 1.5220 0.6796
Car -1 -1 -1.8578 752.1404 162.3085 932.5713 237.4028 1.8882 4.1953 1.7863 5.9750 1.6234 19.0573 -1.5591 0.5291
Car -1 -1 0.5404 578.0486 177.1545 623.4857 197.1908 1.5291 2.0991 2.9579 -0.7545 1.8816 57.4234 0.5269 0.3145
Car -1 -1 -1.9112 923.0114 165.4641 1225.5714 283.2158 1.6192 3.5580 1.6141 6.8280 1.5180 11.0638 -1.3708 0.3056
Car -1 -1 -3.0219 521.1469 175.8302 560.9150 206.5258 1.5473 3.8516 1.6752 -3.6824 1.7153 38.6920 -3.1166 0.2808
Car -1 -1 2.9907 642.7839 173.8139 675.2559 196.9451 1.5752 3.4301 1.7892 3.4041 1.6459 51.0664 3.0564 0.2452
Car -1 -1 2.8308 472.0667 176.0304 513.7509 201.0845 1.5573 3.7748 1.6231 -7.7639 1.7754 47.4160 2.6690 0.2141
