Pedestrian -1 -1 -3.2101 842.0795 133.8857 908.3487 297.3279 1.8205 0.7545 0.6674 3.0445 1.3868 8.4852 -2.8774 0.3328
Pedestrian -1 -1 -0.1263 136.0709 166.0125 167.4502 230.4791 1.7815 0.7747 0.6610 -13.0362 1.5928 20.4462 -0.6882 0.3303
Pedestrian -1 -1 -0.0123 10.4080 136.5328 71.5825 269.2807 1.8598 0.9368 0.6874 -8.4759 1.3513 10.6865 -0.6708 0.2817
Pedestrian -1 -1 -0.3964 766.7142 145.4182 828.4231 266.9537 1.7894 0.8113 0.6468 2.8107 1.3858 11.0715 -0.1550 0.1999
Pedestrian -1 -1 3.3246 380.9088 181.1305 410.4279 239.6902 1.7187 0.7233 0.7309 -6.4807 1.9724 21.6847 3.0369 0.1915
Cyclist -1 -1 0.4432 0.0000 145.1298 97.4779 280.7784 1.8356 1.9004 0.6688 -8.5322 1.4608 10.7610 -0.2153 0.3496
Cyclist -1 -1 -0.3275 672.4841 167.4538 694.2687 202.9727 1.7416 1.8233 0.5276 3.6441 1.4772 36.3248 -0.2288 0.2657
Cyclist -1 -1 -0.4173 789.2358 146.5353 875.6410 277.1447 1.8309 1.8359 0.5428 3.3046 1.4623 11.0582 -0.1352 0.2538
Cyclist -1 -1 -0.4662 679.4025 156.7342 710.2604 199.9457 1.8192 1.8440 0.5561 3.6273 1.1409 31.3354 -0.3524 0.2157
Car -1 -1 1.8367 284.9809 190.4160 459.0434 302.1195 1.5215 1.8192 3.9633 -3.9232 1.8743 12.4688 1.5370 0.6999
Car -1 -1 1.7061 475.2047 181.4896 533.8066 225.1205 1.5114 1.7189 3.8254 -4.0111 1.8659 27.6709 1.5629 0.6761
Car -1 -1 -1.6799 629.8517 174.1551 691.7884 227.9079 1.5444 1.5326 3.5775 1.4734 1.5888 22.6377 -1.6165 0.6682
Car -1 -1 -1.2454 398.4645 169.6214 488.9128 207.7810 1.7780 3.8853 1.7345 -7.9893 1.6277 34.6728 -1.4706 0.2989
Car -1 -1 2.9279 609.8354 176.1798 638.9140 195.5209 1.5492 3.6358 1.6953 1.1480 1.8370 60.4097 2.9464 0.2673
Car -1 -1 -0.5367 912.7537 132.9671 1242.0000 375.0000 1.5797 4.1098 1.7249 3.8396 1.3975 5.3993 0.0554 0.2360
Car -1 -1 -2.1241 598.4590 175.8306 634.2912 192.5910 1.4996 2.0446 3.0188 0.5544 1.7839 67.0213 -2.1163 0.1997
