Pedestrian -1 -1 3.4589 0.0000 173.8538 51.3165 263.4822 1.7571 0.7929 0.6758 -11.9473 1.7784 14.6430 2.7833 0.1534
Pedestrian -1 -1 3.5375 280.7602 173.5525 307.2231 221.3523 1.7724 0.7719 0.6656 -11.9295 1.7994 27.1533 3.1268 0.1427
Pedestrian -1 -1 1.1625 943.3375 174.7884 1029.8794 299.3132 1.6868 0.9018 0.6143 5.2062 1.7152 10.1126 1.6251 0.1348
Pedestrian -1 -1 0.7048 298.6586 170.8902 325.6272 216.5868 1.7659 0.7377 0.6577 -11.7351 1.6904 28.3329 0.3151 0.1304
Cyclist -1 -1 -0.4325 681.5250 181.2358 701.4012 207.8720 1.7927 1.9485 0.6102 5.6301 2.3884 50.2234 -0.3221 0.1497
Cyclist -1 -1 0.6408 0.0000 154.2519 56.6084 247.9554 1.7478 1.7345 0.7144 -12.0425 1.4012 14.3393 -0.0487 0.1386
Cyclist -1 -1 -3.7542 1087.4957 169.1760 1242.0000 375.0000 1.7683 1.8351 0.5856 5.2790 1.7391 6.7316 -3.1112 0.1350
Cyclist -1 -1 -0.7799 1029.1578 208.3259 1241.3889 375.0000 1.6504 1.6209 0.3920 4.2862 1.9925 6.1152 -0.1926 0.1265
Cyclist -1 -1 2.5254 848.7141 172.8689 870.4312 196.1474 1.7457 1.7788 0.6549 19.0063 1.7473 55.0550 2.8558 0.1025
Car -1 -1 -1.4952 574.7276 179.2100 636.0679 232.9992 1.5334 1.6710 3.8270 -0.1139 1.7537 22.9991 -1.5009 0.6547
Car -1 -1 0.1414 504.7026 182.5836 535.5699 204.3563 1.4915 3.6686 1.7485 -6.5808 2.2305 52.9271 0.0178 0.2538
Car -1 -1 2.8836 662.7937 181.0327 712.8232 211.8027 1.4904 3.9365 1.6634 4.0116 1.9464 38.1214 2.9871 0.1643
Car -1 -1 0.8753 799.1076 178.5921 848.4577 200.4093 1.5216 2.6206 2.2522 15.5684 1.9535 52.6944 1.1606 0.1572
Car -1 -1 2.5113 932.4564 187.4609 1242.0000 355.2115 1.5680 4.0009 1.7558 5.9237 1.7955 9.1582 3.0698 0.1528
Car -1 -1 2.5940 844.3528 171.9268 898.1101 194.9758 1.6473 4.3477 1.7546 19.4053 1.5814 53.8710 2.9377 0.1177
Car -1 -1 0.2271 479.8668 182.4269 518.6038 207.7000 1.4730 3.5595 1.6435 -6.9376 2.0985 45.2795 0.0755 0.1128
Car -1 -1 -0.5867 719.5906 181.4116 774.0663 205.5222 1.4618 3.7865 1.6839 8.8834 2.0476 47.2863 -0.4027 0.1121
Car -1 -1 -0.3007 875.8685 175.2577 922.8966 200.0784 1.5623 3.6911 1.8610 19.0368 1.7279 47.6950 0.0765 0.1044
