Pedestrian -1 -1 3.2729 134.5309 135.1494 170.0759 217.1265 1.9152 0.5389 0.6502 -10.9741 1.0347 17.2345 2.7127 0.3061
Pedestrian -1 -1 -1.4657 415.1444 191.9151 437.8889 235.5763 1.7199 0.8169 0.7771 -7.4738 2.5048 29.2500 -1.7143 0.2983
Pedestrian -1 -1 -2.8495 390.2036 184.5112 420.5829 234.9312 1.6547 0.8550 0.7713 -6.9309 2.0549 24.3112 -3.1249 0.2930
Pedestrian -1 -1 -0.6557 960.2667 130.9186 1035.4260 252.9004 1.7945 0.8376 0.6326 5.8859 1.1779 11.0804 -0.1788 0.2903
Cyclist -1 -1 0.1742 0.0000 167.3090 39.3605 236.9453 1.8105 1.9261 0.6177 -16.2538 1.6667 19.7489 -0.5079 0.4976
Cyclist -1 -1 0.0332 416.8536 195.9309 434.1591 240.6102 1.7195 1.4172 0.6348 -7.5283 2.6817 29.3113 -0.2167 0.3480
Cyclist -1 -1 3.4645 0.0000 198.9559 65.0603 349.8973 1.6473 1.6954 0.4230 -7.4462 2.0062 9.0406 2.7898 0.3101
Car -1 -1 0.9737 469.4690 184.7354 523.1112 211.2076 1.5016 2.2307 2.4768 -6.9864 2.2554 44.0870 0.8169 0.5865
Car -1 -1 0.7951 1059.2880 152.7814 1238.2317 223.7984 1.8201 3.6584 1.8768 14.5699 1.3060 19.6842 1.4248 0.5321
Car -1 -1 -2.4869 183.9306 186.5368 369.3887 257.9362 1.5322 1.6061 3.8225 -7.9322 1.8809 17.1581 -2.9145 0.4876
Car -1 -1 -2.4353 62.4895 183.5061 299.3784 270.2685 1.5348 1.6106 3.9029 -8.4119 1.7613 14.1800 -2.9628 0.4624
Car -1 -1 -2.3648 0.0000 202.6561 232.2133 308.2062 1.4626 1.5226 3.7234 -8.3483 1.9880 11.6507 -2.9761 0.4459
Car -1 -1 2.9287 430.5253 183.0199 481.7229 218.5639 1.4886 3.4484 1.6069 -7.1658 1.9837 33.2063 2.7173 0.4234
Car -1 -1 2.9559 651.0294 179.0746 678.3299 197.6628 1.5254 3.6274 1.7058 4.6732 2.0799 62.3766 3.0299 0.3982
Car -1 -1 3.0290 263.2959 187.3784 401.5439 243.9384 1.4830 1.6199 3.6487 -8.2208 1.9430 21.2741 2.6639 0.3656
