Cyclist -1 -1 1.0299 1000.1785 160.7083 1180.1111 296.5759 1.7185 1.8964 0.6870 6.2171 1.5653 9.4899 1.5949 0.3352
Car -1 -1 -1.8740 702.8223 180.0178 909.5508 315.0265 1.5681 1.6506 4.2766 2.5889 1.6976 10.8052 -1.6463 0.8252
Car -1 -1 0.5708 0.0000 203.8955 384.2763 375.0000 1.4599 3.2810 1.7602 -3.3830 1.7869 5.8940 0.0681 0.8052
Car -1 -1 3.2294 457.3038 184.0597 516.5276 234.5884 1.4670 3.5445 1.5980 -3.9943 1.8621 23.5864 3.0628 0.7781
Car -1 -1 1.8003 256.4765 202.8528 439.7415 335.2258 1.4517 1.7178 3.3938 -3.6354 1.9618 10.4860 1.4734 0.7141
Car -1 -1 -1.7772 662.2612 176.9599 731.9050 228.3284 1.5180 1.5142 3.6271 2.7070 1.6628 23.4967 -1.6646 0.6998
Car -1 -1 -1.6719 650.5854 181.0545 704.7717 224.8369 1.5219 1.6527 4.1615 2.5018 1.8638 27.9538 -1.5843 0.5726
Car -1 -1 3.2544 476.9680 173.5477 534.1427 219.8125 1.7155 4.3581 1.7903 -4.1562 1.7459 29.0221 3.1129 0.5418
Car -1 -1 2.8621 700.1725 176.9088 741.7266 202.9656 1.4987 3.5170 1.5797 6.6733 1.7562 43.9178 3.0115 0.5108
Car -1 -1 -2.5837 0.0000 0.0000 1242.0000 375.0000 1.5462 1.6885 4.0217 3.0357 1.6556 1.9933 -1.6605 0.4828
