Pedestrian -1 -1 1.4129 938.7656 175.1753 964.9893 221.2684 1.7192 0.8011 0.6651 12.9251 1.8091 27.3833 1.8491 0.2384
Cyclist -1 -1 2.3259 1115.0625 201.6158 1202.4957 289.8680 1.6805 1.6505 0.3567 11.4118 2.3177 15.1303 2.9617 0.6563
Cyclist -1 -1 -0.9458 1009.1261 190.3111 1069.7423 249.3133 1.7128 1.6588 0.4411 13.1948 2.2731 22.2922 -0.4180 0.3766
Cyclist -1 -1 2.6901 819.4589 171.6045 841.4886 199.0014 1.8545 2.1011 0.5947 15.2105 1.7703 49.9217 2.9837 0.3740
Cyclist -1 -1 2.2121 1057.6581 177.9342 1108.5049 219.4788 1.7541 1.9098 0.5561 20.7157 1.9847 31.6973 2.7862 0.3653
Cyclist -1 -1 3.5750 31.0190 170.2965 70.3489 214.9969 1.8246 2.0280 0.5035 -23.6535 1.7206 30.4946 2.9194 0.3613
Cyclist -1 -1 -0.6036 952.7755 186.9707 994.4047 232.5380 1.7929 1.8176 0.6091 15.0095 2.3971 29.9148 -0.1433 0.2768
Cyclist -1 -1 2.7409 830.1954 177.9680 851.4649 207.3263 1.8086 1.8032 0.6234 14.5753 2.1394 45.6972 3.0472 0.2591
Cyclist -1 -1 3.1957 407.8346 173.7898 417.0228 198.1659 1.8428 1.9406 0.5792 -15.2528 1.9166 55.6302 2.9290 0.2549
Car -1 -1 1.7658 324.0740 187.9622 468.8377 289.9806 1.5080 1.7977 3.7504 -3.7580 1.8250 13.1775 1.4924 0.6451
Car -1 -1 -1.6354 584.8252 180.5388 635.4500 224.5909 1.5379 1.6923 3.7693 -0.1015 1.8550 27.8008 -1.6397 0.6226
Car -1 -1 3.1666 535.7292 179.1051 564.6030 203.8132 1.5594 3.6207 1.8396 -4.0018 1.9947 48.3376 3.0840 0.5523
Car -1 -1 3.5953 39.2488 184.6318 143.3274 228.5984 1.5252 4.0108 1.7104 -20.2222 2.0218 28.2799 2.9788 0.5435
Car -1 -1 -0.7081 1052.7263 188.6568 1210.0483 247.5893 1.5653 4.0227 1.7209 15.9078 2.1012 22.3651 -0.0968 0.2787
Car -1 -1 -1.0793 0.0000 186.6931 34.6444 242.5009 1.5473 1.7534 3.8164 -20.5117 2.0299 23.0807 -1.8002 0.2682
Car -1 -1 -0.2538 805.7857 178.9878 842.6464 200.4059 1.5009 3.8820 1.6942 15.8522 1.9741 53.6522 0.0316 0.2469
Car -1 -1 -2.5173 227.6409 180.5246 290.8312 206.5832 1.5821 4.0216 1.6780 -22.8889 2.1067 47.1822 -2.9670 0.2402
