Pedestrian -1 -1 1.4697 440.1674 160.7947 556.3259 338.8885 1.7969 1.1728 0.6761 -1.2140 1.5998 7.6021 1.3194 0.8520
Pedestrian -1 -1 1.2062 52.7568 193.5088 102.2663 257.5909 1.7702 0.9339 0.7699 -15.2290 2.1577 20.3711 0.5731 0.4250
Pedestrian -1 -1 2.9463 10.5457 173.3500 72.0046 263.4215 1.7461 0.8966 0.8220 -11.4510 1.6091 14.3058 2.2838 0.3581
Pedestrian -1 -1 -1.4410 1121.4576 188.7614 1224.0000 370.0000 1.6732 0.6965 0.7203 4.3510 1.7433 5.3475 -0.7851 0.3550
Pedestrian -1 -1 -0.1791 252.4646 166.2793 306.1280 260.5628 1.7425 0.8852 0.8019 -6.3401 1.4813 13.6543 -0.6032 0.2807
Pedestrian -1 -1 1.0140 966.1133 189.8190 1134.7302 370.0000 1.6465 0.8103 0.7258 3.2718 1.7236 5.3398 1.5393 0.2738
Pedestrian -1 -1 2.4259 832.4649 173.4715 876.9685 243.0204 1.7063 0.6980 0.7939 6.2503 1.5355 17.8135 2.7594 0.2639
Pedestrian -1 -1 2.8893 516.3618 162.7151 565.9368 261.4199 1.7376 0.8854 0.7071 -1.2265 1.4262 12.9778 2.7992 0.2499
Pedestrian -1 -1 2.3933 640.2997 160.2892 698.7361 259.0159 1.7430 0.8378 0.6836 1.1399 1.3878 13.0185 2.4803 0.2048
Pedestrian -1 -1 -0.9180 991.9329 164.5504 1069.3999 273.8445 1.7784 0.8989 0.6857 7.1945 1.5205 12.0458 -0.3896 0.2030
Pedestrian -1 -1 -1.7411 879.9407 166.9023 945.6774 269.7812 1.7260 0.9400 0.6785 5.2896 1.4995 12.2942 -1.3425 0.1864
Pedestrian -1 -1 1.4031 292.3282 190.0882 326.2997 261.6344 1.8258 0.7245 0.6925 -7.8416 2.0869 18.6536 1.0125 0.1689
Pedestrian -1 -1 0.9536 812.9622 169.5481 871.6260 258.6265 1.7077 0.9232 0.5989 4.6427 1.4994 13.9731 1.2692 0.1681
Pedestrian -1 -1 -0.0557 95.7236 159.9155 139.1395 254.8209 1.8195 0.8042 0.6755 -9.7549 1.4265 14.0748 -0.6494 0.1643
Pedestrian -1 -1 2.2628 1068.8093 160.0077 1149.3734 268.5203 1.7661 0.8655 0.7021 8.5058 1.4342 12.0141 2.8680 0.1476
Cyclist -1 -1 0.0148 506.7305 162.3573 547.9486 267.5927 1.7899 1.7880 0.6989 -1.4508 1.4829 12.9432 -0.0924 0.2953
Cyclist -1 -1 0.0233 258.7491 163.9983 300.8637 261.3542 1.7665 1.8136 0.6899 -6.3601 1.4687 13.7936 -0.3983 0.2430
Cyclist -1 -1 1.4693 683.4630 161.9129 759.9951 232.4062 1.7610 1.8686 0.6327 2.9200 1.2982 18.0276 1.6289 0.2194
Cyclist -1 -1 -0.8824 0.0000 171.4797 97.6722 262.0898 1.7926 1.8051 0.6335 -11.4433 1.6158 14.3238 -1.5440 0.2101
Cyclist -1 -1 -0.4343 644.1669 160.8191 716.2477 261.2568 1.7468 1.8809 0.5989 1.3295 1.4062 13.2787 -0.3351 0.2091
Cyclist -1 -1 -1.5649 556.8624 149.4945 632.5593 222.5929 1.8063 1.8712 0.6262 -0.2943 1.0418 17.7879 -1.5792 0.2068
Cyclist -1 -1 -0.8533 1124.3264 144.4706 1224.0000 253.1239 1.7411 1.8288 0.6122 10.0637 1.1654 12.2794 -0.1777 0.1999
Cyclist -1 -1 2.0363 272.1314 176.0207 409.5173 287.9970 1.6881 1.9272 0.6734 -4.1740 1.6222 11.1009 1.6876 0.1955
Cyclist -1 -1 -3.5180 861.0588 174.4807 939.4451 296.4415 1.6300 1.7036 0.4323 4.2076 1.5512 10.2970 -3.1391 0.1936
Cyclist -1 -1 0.8367 1069.5094 188.2219 1224.0000 370.0000 1.6275 1.6978 0.6015 5.1446 1.7026 6.3460 1.4952 0.1592
Cyclist -1 -1 -1.0798 280.6933 197.8508 356.8380 268.3549 1.7977 1.7358 0.7172 -7.5944 2.2694 18.6998 -1.4585 0.1565
Car -1 -1 0.0811 44.9511 188.1717 112.2527 233.9336 1.5191 3.6398 1.6783 -19.3835 1.8256 26.1222 -0.5499 0.2438
Car -1 -1 -2.3091 1153.6913 183.9649 1224.0000 370.0000 1.5470 1.6819 3.8900 6.5702 1.5864 5.6687 -1.4762 0.1842
Car -1 -1 0.1220 534.8568 162.5947 613.8770 227.8530 1.6190 4.1434 1.6856 -0.7761 1.1764 19.6725 0.0851 0.1505
