Pedestrian -1 -1 1.5180 0.0000 217.3532 27.3414 267.7555 1.6631 1.0082 0.7879 -21.3592 3.2784 25.5514 0.8266 0.5011
Pedestrian -1 -1 0.8441 1134.0615 80.2264 1242.0000 325.4285 1.8429 0.8053 0.5878 4.7289 1.1471 5.7386 1.5085 0.3067
Pedestrian -1 -1 1.3549 0.0000 179.7729 51.5485 250.6833 1.8751 0.9894 0.7595 -16.1116 2.0716 19.8227 0.6788 0.2653
Pedestrian -1 -1 -0.5508 30.6903 177.2124 56.7634 217.6656 1.7167 0.6004 0.6706 -24.4673 1.9076 31.1259 -1.2130 0.2100
Cyclist -1 -1 0.4037 123.3655 195.2257 166.5430 247.6383 1.7905 1.9314 0.6195 -17.0992 2.6439 26.5062 -0.1649 0.2725
Cyclist -1 -1 -0.8362 0.0000 208.7210 35.9969 261.9784 1.8261 1.7052 0.6762 -21.5279 3.1183 25.6117 -1.5303 0.2558
Cyclist -1 -1 0.2589 29.1044 178.8956 56.0340 218.5678 1.6499 1.6913 0.4929 -24.5205 1.9184 31.1460 -0.4041 0.2539
Cyclist -1 -1 0.4221 306.5593 192.9475 328.2263 228.4982 1.6815 1.5947 0.3760 -14.5609 2.7024 35.8384 0.0384 0.2517
Cyclist -1 -1 -3.2324 690.0841 172.9036 700.0477 195.9797 1.7178 1.8157 0.5830 6.4080 1.7220 54.6288 -3.1166 0.2426
Cyclist -1 -1 -1.1377 1135.6783 158.0946 1209.2820 212.9194 1.7561 1.8267 0.6597 18.6886 1.2837 24.0714 -0.4837 0.2287
Car -1 -1 -1.5952 603.9062 180.6455 665.7650 239.1005 1.5245 1.6571 3.8252 0.6242 1.7749 21.2407 -1.5671 0.6789
Car -1 -1 2.7420 797.7502 177.5581 842.7026 200.2724 1.4988 3.8197 1.6480 14.6090 1.8410 50.4301 3.0219 0.4991
Car -1 -1 -2.5680 0.0000 0.0000 1242.0000 375.0000 1.5673 1.7122 4.0332 3.4314 1.6359 2.0124 -1.5905 0.3417
Car -1 -1 0.0361 77.6387 187.6518 108.5202 209.9545 1.5414 3.6821 1.7607 -39.0791 2.7024 54.5688 -0.5833 0.3398
Car -1 -1 -1.2466 6.0062 199.8848 146.3596 250.3877 1.6455 3.7830 1.6674 -19.3948 2.6836 26.3326 -1.8769 0.2535
Car -1 -1 0.0460 0.6868 181.6659 54.4810 220.5297 1.5614 3.8129 1.6643 -25.7468 1.9766 31.9381 -0.6285 0.2218
Car -1 -1 -2.0309 880.0404 164.5515 934.5190 186.8069 1.7015 3.4875 1.7935 23.0936 1.0671 56.1809 -1.6430 0.2102
Car -1 -1 3.1322 423.1414 191.5270 461.0520 225.9054 1.5036 4.0519 1.7467 -8.4533 2.4944 36.0926 2.9032 0.1984
