Pedestrian -1 -1 0.9509 794.6314 191.2061 814.9119 220.0159 1.7352 0.9178 0.7999 12.0245 2.8856 44.6741 1.2114 0.3994
Pedestrian -1 -1 -1.4369 108.5267 173.4457 135.9131 217.5704 1.8270 0.8808 0.6028 -20.5518 1.8526 30.3501 -2.0282 0.3275
Pedestrian -1 -1 -1.6986 141.7594 194.3618 157.7369 225.2206 1.7962 0.7238 0.7047 -27.5910 3.0993 43.1985 -2.2644 0.2303
Pedestrian -1 -1 -0.0091 1212.8047 171.6111 1242.0000 245.4109 1.7330 0.9307 0.6122 14.9720 1.7042 17.4949 0.6900 0.2009
Pedestrian -1 -1 3.1181 404.1242 165.0365 421.5349 211.7541 1.8762 0.7820 0.6673 -8.0921 1.5626 29.4444 2.8518 0.1971
Pedestrian -1 -1 0.7277 841.9154 192.2269 865.3503 226.8873 1.8079 0.8749 0.8221 13.0803 2.8668 38.8491 1.0494 0.1888
Cyclist -1 -1 -0.7520 1113.8669 191.5567 1242.0000 375.0000 1.5993 1.6143 0.4382 5.8681 1.8096 7.2752 -0.0939 0.3824
Cyclist -1 -1 0.2530 56.1841 175.0363 84.1668 213.9088 1.8151 1.9152 0.6168 -26.0608 1.9238 34.8050 -0.3862 0.2665
Cyclist -1 -1 -1.0148 1120.2733 187.8087 1201.0555 251.9339 1.7675 1.8566 0.5962 16.1782 2.2298 21.3124 -0.3730 0.2527
Cyclist -1 -1 -1.9508 834.4588 192.5836 870.5670 228.1153 1.8725 1.6923 0.7374 13.0333 2.9482 38.9057 -1.6307 0.2251
Cyclist -1 -1 -0.6217 824.7662 168.0542 857.3828 204.7048 1.7664 1.8341 0.5713 11.3883 1.5354 35.7317 -0.3159 0.2099
Cyclist -1 -1 3.2225 115.0982 179.3076 136.5915 223.0461 1.7687 1.8322 0.6013 -20.4288 2.0495 30.4019 2.6347 0.2088
Cyclist -1 -1 -1.9126 788.5128 187.3500 819.3855 217.9104 1.8614 1.7040 0.7301 12.0017 2.7704 44.7908 -1.6532 0.2047
Cyclist -1 -1 0.3903 277.3794 193.4357 307.2260 234.5574 1.7529 1.6085 0.6622 -14.2806 2.7000 32.3777 -0.0225 0.2031
Cyclist -1 -1 -3.4270 912.7401 170.4584 934.4185 202.8098 1.7902 1.8283 0.6296 17.7140 1.6580 40.8696 -3.0210 0.1932
Cyclist -1 -1 -0.3274 773.5464 170.3123 794.3905 201.3002 1.7481 1.8330 0.6064 9.9935 1.6051 41.6412 -0.0939 0.1901
Car -1 -1 3.5142 0.0000 196.0585 123.4536 301.1371 1.4704 3.6052 1.6289 -10.3471 1.9494 12.9206 2.8488 0.5440
Car -1 -1 0.2154 428.9651 179.6853 475.7065 209.8552 1.5543 3.9806 1.7212 -8.7257 1.9528 40.0627 0.0019 0.4214
Car -1 -1 2.2187 250.0740 179.8149 360.5733 222.6830 1.6088 3.8279 1.6759 -12.1707 1.8993 28.7810 1.8216 0.3406
Car -1 -1 -0.3139 857.7994 179.7137 905.1546 205.0001 1.4941 3.8637 1.6778 17.0845 1.9472 45.6612 0.0415 0.2531
Car -1 -1 -3.6982 1051.7037 180.0318 1130.1577 211.4649 1.4929 3.7273 1.6041 24.5295 1.8801 37.0082 -3.1170 0.2518
Car -1 -1 3.3167 245.4857 180.8961 284.3419 206.7413 1.5688 3.6983 1.6613 -22.4780 2.1158 47.0440 2.8729 0.2184
