Pedestrian -1 -1 2.9388 734.7366 177.0770 753.2717 216.4112 1.7280 0.7959 0.6635 5.9332 1.9191 32.1877 3.1188 0.4819
Pedestrian -1 -1 -0.3964 785.6365 145.9004 814.2816 206.5950 1.8594 0.7981 0.6006 5.8818 1.0340 22.5403 -0.1447 0.3077
Pedestrian -1 -1 1.9036 714.3270 157.9669 733.5456 194.8350 1.9336 0.8575 0.6070 6.0141 1.1532 38.3087 2.0578 0.2071
Pedestrian -1 -1 2.8268 0.0000 186.3580 35.7299 265.3307 1.6624 0.7383 0.6545 -13.1941 1.9678 15.8228 2.1399 0.2036
Pedestrian -1 -1 1.3005 684.6452 167.1788 700.0339 192.1014 1.8740 1.0363 0.5925 6.2054 1.4476 54.6266 1.4126 0.1631
Pedestrian -1 -1 2.6258 741.2382 151.0659 761.8610 196.8316 1.9088 0.6723 0.6010 5.9407 1.0004 30.5059 2.8160 0.1443
Pedestrian -1 -1 1.7612 69.8124 176.2118 127.8857 259.7167 1.7770 0.9296 0.6785 -11.2893 1.8536 15.8907 1.1512 0.1380
Pedestrian -1 -1 1.5814 590.8005 179.8832 602.6536 203.6109 1.7379 0.8711 0.7390 -1.0073 2.2626 53.4406 1.5621 0.1230
Pedestrian -1 -1 2.0855 185.2169 170.7630 245.3905 253.8488 1.7976 0.9635 0.6671 -8.7634 1.7527 15.9506 1.5898 0.1203
Pedestrian -1 -1 -2.3938 629.9690 185.7514 642.0866 207.4348 1.7443 0.7065 0.6983 2.1093 2.8105 59.1279 -2.3589 0.1133
Pedestrian -1 -1 0.5594 365.6263 168.7465 396.0221 226.8799 1.7677 0.7294 0.6029 -7.1450 1.6431 22.3657 0.2531 0.1127
Cyclist -1 -1 -0.3957 729.7267 176.5371 756.1913 215.1042 1.6665 1.7170 0.5366 5.8874 1.8360 32.2427 -0.2173 0.2684
Cyclist -1 -1 -0.6080 700.9368 164.1015 727.6121 196.0564 1.8971 1.9827 0.5699 6.2898 1.3778 43.8460 -0.4669 0.2407
Cyclist -1 -1 -1.2880 588.3116 179.4196 614.5573 204.3372 1.8174 1.8275 0.6857 -0.6607 2.3099 53.5009 -1.3009 0.2366
Cyclist -1 -1 2.2140 137.9266 178.5892 236.5820 260.0574 1.7390 1.8631 0.6463 -9.3477 1.8691 15.8908 1.6892 0.1702
Cyclist -1 -1 -0.2155 799.5441 155.9641 825.5863 206.8980 1.7700 1.8221 0.5155 7.2380 1.1834 25.9951 0.0527 0.1585
Cyclist -1 -1 -1.0990 30.8802 175.0529 136.8960 257.3209 1.7636 1.8313 0.5731 -11.6210 1.8137 15.9086 -1.7222 0.1257
Car -1 -1 -3.1299 593.1700 179.5460 616.3911 200.3930 1.5083 3.3925 1.7154 -0.4063 2.0345 54.9936 -3.1377 0.2436
Car -1 -1 1.3589 1089.5663 165.0795 1242.0000 232.6559 1.6204 3.5026 1.6763 14.6797 1.4344 18.8071 2.0137 0.2155
Car -1 -1 -0.3250 624.3426 188.9113 662.0122 210.4966 1.4760 3.7237 1.7298 2.4337 2.7319 54.3836 -0.2811 0.1207
