Pedestrian -1 -1 2.2841 313.4208 188.1969 340.3268 228.7641 1.7973 0.8621 0.7461 -12.9212 2.5065 32.8348 1.9115 0.4223
Pedestrian -1 -1 1.6404 321.9979 190.8141 351.5473 237.9352 1.7721 1.0221 0.7801 -10.6546 2.4837 28.0491 1.2800 0.4221
Pedestrian -1 -1 1.9775 534.3156 181.0763 549.1093 208.5553 1.7233 0.7169 0.7084 -4.3795 2.2525 45.9609 1.8826 0.3475
Pedestrian -1 -1 2.4855 264.7935 187.1945 292.1792 227.4687 1.7513 0.9294 0.6898 -14.8646 2.4034 32.2663 2.0566 0.3222
Cyclist -1 -1 -1.2373 311.5539 190.7295 363.4609 239.6136 1.8562 1.7589 0.6869 -10.6159 2.5601 28.0289 -1.5968 0.3109
Cyclist -1 -1 0.0741 0.0000 196.0534 28.1074 289.5926 1.5851 1.5419 0.3994 -11.1341 2.0385 13.3402 -0.6117 0.2716
Cyclist -1 -1 -1.0046 301.2506 190.5721 345.9538 232.7510 1.8633 1.7798 0.7265 -13.0690 2.6830 32.8372 -1.3811 0.2614
Car -1 -1 -0.2226 686.9595 181.9148 810.4096 266.5982 1.4605 3.5952 1.6554 2.6195 1.6682 14.6713 -0.0504 0.8025
Car -1 -1 0.7360 520.0562 181.7126 610.2286 223.4669 1.5281 2.8723 2.2834 -1.8206 1.9073 29.0171 0.6732 0.7100
Car -1 -1 -1.6169 665.1331 181.5938 705.4649 218.5321 1.4946 1.5919 3.6001 3.2379 1.9038 31.9038 -1.5173 0.6696
Car -1 -1 -1.7572 672.8382 178.0079 735.9972 224.6248 1.5738 1.6318 3.7141 3.3695 1.7784 26.6821 -1.6337 0.5629
Car -1 -1 -1.5029 695.3721 179.7129 764.5278 239.4298 1.4826 1.6892 3.4804 3.3882 1.6932 20.2315 -1.3401 0.5293
Car -1 -1 -1.5630 555.3214 179.5164 594.0352 214.2537 1.5256 1.7393 3.7277 -1.7062 1.8603 34.3129 -1.6129 0.3314
Car -1 -1 1.6827 656.2869 173.1055 722.5599 203.1177 1.7118 3.7089 1.6831 4.6524 1.7274 42.3976 1.7907 0.2844
