Pedestrian -1 -1 3.0478 543.6624 173.0251 557.2734 206.1957 1.8089 0.8133 0.6742 -3.3236 1.8188 39.8104 2.9645 0.3150
Pedestrian -1 -1 3.1815 386.6897 133.2368 415.5410 225.0062 1.8416 0.7388 0.5427 -4.3567 1.0469 14.9004 2.9014 0.2359
Pedestrian -1 -1 1.8574 329.1060 164.3403 397.4630 270.6968 1.8254 1.0127 0.5886 -4.3791 1.6796 12.6953 1.5309 0.2075
Pedestrian -1 -1 2.9449 457.6994 155.1910 485.9146 220.2978 1.8155 0.8692 0.6344 -4.0062 1.3233 20.6389 2.7551 0.2025
Pedestrian -1 -1 0.0657 518.3222 166.1331 533.3860 206.9037 1.8457 0.7805 0.6369 -3.8922 1.5418 33.0682 -0.0510 0.1938
Pedestrian -1 -1 3.2409 10.0854 126.5664 88.5915 288.1133 1.8710 0.7179 0.6844 -6.8982 1.3353 8.8387 2.5926 0.1808
Cyclist -1 -1 3.1461 544.3448 170.3083 555.5151 203.7609 1.8080 1.7914 0.6020 -3.3553 1.6708 39.9106 3.0623 0.2966
Cyclist -1 -1 0.4084 451.5267 162.5202 492.1113 227.9337 1.8003 1.6851 0.5192 -3.9969 1.5162 20.7337 0.2197 0.1764
Cyclist -1 -1 -1.7485 680.5315 160.0885 722.5770 200.5097 1.8159 1.8076 0.6505 4.1125 1.2427 32.7850 -1.6252 0.1689
Cyclist -1 -1 -0.5439 848.0614 177.3957 907.4304 261.5507 1.5839 1.5688 0.3379 5.2878 1.6803 14.4661 -0.2009 0.1622
Cyclist -1 -1 0.0122 324.9733 172.8835 344.5606 237.3007 1.5386 1.5645 0.4356 -6.9210 1.5398 18.0417 -0.3497 0.1444
Cyclist -1 -1 0.1931 529.7625 172.5446 544.5677 203.3180 1.7695 1.7679 0.5379 -4.3045 1.7520 42.3901 0.0921 0.1335
Car -1 -1 -0.3818 606.2150 181.1770 645.2260 202.0157 1.5220 3.9073 1.7162 1.1652 2.1990 56.5278 -0.3618 0.3559
Car -1 -1 -1.4291 625.2550 163.8091 702.0523 196.1643 1.7120 3.9802 1.7791 2.9230 1.2337 39.4684 -1.3561 0.2754
Car -1 -1 2.7650 489.4055 180.6565 528.2222 200.9520 1.5298 3.9953 1.7515 -8.2244 2.1832 58.2203 2.6249 0.2167
Car -1 -1 -0.3788 586.7108 176.9022 617.8751 194.2786 1.4911 3.5728 1.5841 -0.7414 1.8658 64.7759 -0.3906 0.1507
Car -1 -1 -1.7173 702.4969 166.8711 750.9247 185.8022 1.5497 3.7418 1.8571 9.6527 1.0603 60.0135 -1.5589 0.1416
