Pedestrian -1 -1 0.0518 272.8961 150.2321 299.4443 220.2627 1.8982 0.7563 0.6322 -9.0260 1.2854 20.0215 -0.3671 0.3960
Cyclist -1 -1 3.0977 519.4390 177.8618 529.2660 201.5927 1.7017 1.7933 0.6378 -6.3329 2.0769 53.0703 2.9790 0.3122
Car -1 -1 -2.0297 753.4275 182.3686 1196.9191 375.0000 1.5501 1.6499 4.3131 2.7152 1.6686 6.7302 -1.6627 0.7551
Car -1 -1 3.2827 426.0225 185.0167 504.6420 248.1306 1.4882 3.4967 1.5948 -3.8584 1.8473 19.4878 3.0890 0.7281
Car -1 -1 -1.7579 678.2688 173.7669 762.4758 237.3736 1.5443 1.5662 3.5573 2.8154 1.5715 19.3801 -1.6166 0.7223
Car -1 -1 1.5226 49.6006 208.9390 370.9646 375.0000 1.4571 2.0608 2.8236 -3.5893 1.8696 6.4962 1.0341 0.7050
Car -1 -1 -1.7210 656.2308 176.3886 726.6561 230.1227 1.6121 1.7064 4.0555 2.5650 1.7401 23.9813 -1.6165 0.6753
Car -1 -1 3.2811 457.2219 172.4958 525.3106 225.6065 1.6750 4.2370 1.7353 -4.0400 1.6641 24.8893 3.1212 0.4698
Car -1 -1 2.6371 707.0443 173.4509 765.8662 202.6038 1.5259 3.6216 1.6408 6.8858 1.5609 39.8247 2.8066 0.4415
Car -1 -1 -0.6606 655.3389 172.2514 729.9803 206.3381 1.5815 3.8453 1.6252 3.9707 1.5539 35.5385 -0.5508 0.3548
Car -1 -1 -0.1255 429.8548 183.6758 459.1201 204.6587 1.4467 3.4274 1.7013 -12.3517 2.2797 53.6090 -0.3513 0.3290
Car -1 -1 -0.2008 597.9930 170.2655 628.6872 191.0990 1.5300 3.6479 1.6358 0.1934 1.3403 54.9373 -0.1976 0.3079
Car -1 -1 -2.6533 862.8536 176.9250 1084.3510 265.9744 1.5421 1.7890 3.5958 7.1928 1.6363 14.6511 -2.2056 0.2958
