Pedestrian -1 -1 2.8145 682.5228 173.0574 705.8013 220.1412 1.6980 0.7522 0.6378 3.0378 1.7059 26.4568 2.9269 0.2978
Pedestrian -1 -1 0.4831 637.4251 181.8207 654.9406 211.2621 1.7062 0.8787 0.7097 2.1106 2.2443 42.7112 0.5315 0.2502
Cyclist -1 -1 3.2385 473.8157 181.5850 486.0635 209.6810 1.6918 1.6962 0.5890 -8.1108 2.2455 44.8546 3.0602 0.2642
Car -1 -1 -1.1138 0.0000 203.7764 319.3394 375.0000 1.4702 1.6887 3.4899 -3.7276 1.7914 5.6587 -1.6757 0.7540
Car -1 -1 1.7736 319.6840 193.1028 473.9745 307.6426 1.5282 1.7288 3.8631 -3.4783 1.9299 12.3120 1.5028 0.6980
Car -1 -1 1.7156 470.4141 189.4141 531.1596 234.0262 1.5474 1.7954 4.1951 -4.2961 2.2544 28.6848 1.5676 0.6637
Car -1 -1 1.3281 658.9002 168.1452 747.9931 205.6090 1.7586 3.9371 1.9474 4.4579 1.5379 35.0657 1.4530 0.5087
Car -1 -1 1.6148 495.9071 180.3983 533.1340 212.0796 1.5327 1.7696 3.6277 -4.9754 1.9468 37.6855 1.4839 0.4793
Car -1 -1 3.2089 530.7952 180.4989 555.2253 200.9865 1.4484 3.5384 1.5926 -5.0226 2.0413 54.1323 3.1164 0.4118
Car -1 -1 -0.5254 938.4544 123.1400 1242.0000 375.0000 1.6256 4.0927 1.7313 4.3397 1.3578 5.9961 0.0775 0.3241
Car -1 -1 -0.7071 599.9572 179.5096 640.5033 197.1245 1.5054 3.5590 1.7634 0.8797 2.1237 65.0543 -0.6941 0.2739
