Pedestrian -1 -1 1.3815 632.9440 185.2910 666.9833 242.8964 1.7329 0.9187 0.7854 1.1842 2.1263 22.3497 1.4327 0.3544
Pedestrian -1 -1 2.3177 1168.0024 159.2595 1215.0920 222.8007 1.7613 0.8049 0.6588 16.4228 1.3848 20.4461 2.9870 0.2487
Cyclist -1 -1 0.1191 0.0000 178.2937 61.8226 286.6728 1.7678 1.8949 0.6908 -10.3695 1.8726 12.8541 -0.5497 0.3019
Cyclist -1 -1 -3.4371 848.6598 174.2566 865.2531 198.3650 1.8273 1.9159 0.6796 19.0514 1.9380 55.7681 -3.1100 0.2890
Cyclist -1 -1 2.4762 1142.4928 147.0947 1206.8292 205.1994 1.7902 1.7904 0.6475 18.0146 0.9969 23.1260 3.1317 0.2660
Car -1 -1 1.7194 805.6579 179.1588 866.5482 222.7672 1.5154 1.6804 4.0280 8.7556 1.7784 27.8794 2.0201 0.6777
Car -1 -1 1.6299 914.3026 174.7160 956.2543 207.9058 1.5390 1.6845 3.9341 16.1541 1.6373 35.8272 2.0500 0.6044
Car -1 -1 -1.2647 731.1266 181.4046 832.5299 241.0120 1.5164 1.7901 3.9496 5.0714 1.7926 21.1251 -1.0331 0.5954
Car -1 -1 1.8540 653.5826 177.2981 782.2899 260.3959 1.5840 1.7990 4.0400 2.5036 1.6978 16.1990 2.0036 0.5711
Car -1 -1 0.1600 864.2173 179.1501 906.2988 207.2008 1.4702 3.4412 1.6958 15.4816 1.8415 40.5894 0.5215 0.5607
Car -1 -1 -0.0925 887.7990 171.8424 921.7438 197.8199 1.6087 3.8944 1.6678 19.0333 1.5464 46.7845 0.2913 0.3152
Car -1 -1 2.4484 970.2399 176.3258 1070.0651 215.3208 1.4661 3.5504 1.6203 16.5364 1.6168 29.3560 2.9567 0.2841
Car -1 -1 -0.3520 986.0091 176.9109 1046.7692 205.3228 1.4399 3.6838 1.6808 21.8893 1.6709 39.0710 0.1550 0.2604
