Pedestrian -1 -1 -3.5147 980.1290 161.2210 1018.9166 228.0317 1.8087 0.7855 0.7016 10.7177 1.4941 19.9600 -3.0286 0.2830
Pedestrian -1 -1 -0.8903 398.4330 180.0774 410.7006 202.4687 1.7233 0.6144 0.7035 -16.0427 2.2914 56.2603 -1.1672 0.2655
Pedestrian -1 -1 3.3371 206.3117 180.0456 230.1958 228.1761 1.7449 0.7907 0.6360 -14.5708 2.0168 26.7687 2.8425 0.2566
Cyclist -1 -1 -0.3081 761.8276 169.8865 781.0047 202.0253 1.7021 1.7940 0.4878 8.7059 1.5453 39.1254 -0.0912 0.6620
Cyclist -1 -1 -0.5092 768.1891 165.2160 798.9638 204.4125 1.8059 1.9400 0.5359 8.1819 1.4543 34.2465 -0.2770 0.6284
Cyclist -1 -1 3.1327 400.3755 182.2487 408.3095 203.5247 1.6145 1.6094 0.5815 -16.0934 2.3598 56.3577 2.8554 0.2693
Cyclist -1 -1 -0.3688 973.5123 159.8685 1020.3237 227.3500 1.7950 1.8240 0.5123 10.7155 1.4499 20.1252 0.1139 0.2543
Car -1 -1 -2.7627 282.4079 187.1498 411.0669 235.1478 1.4932 1.5583 3.6687 -8.6599 1.9815 23.7834 -3.1088 0.5968
Car -1 -1 1.7387 420.1736 180.3156 490.3098 210.2527 1.5180 3.3705 1.7107 -8.1365 1.9206 37.9714 1.5286 0.5471
Car -1 -1 3.1284 602.3613 178.8537 621.6238 195.7968 1.5216 3.4382 1.7578 0.1458 2.0997 67.7485 3.1301 0.4645
Car -1 -1 0.0208 486.5382 182.3500 536.2989 203.1218 1.5718 1.8199 3.8170 -7.7523 2.3338 56.7461 -0.1148 0.4164
Car -1 -1 3.4625 314.9777 180.1432 365.3206 208.5409 1.4940 3.5740 1.6102 -15.1952 1.9239 40.7024 3.1070 0.4043
Car -1 -1 -0.0254 342.0198 174.7672 370.7571 200.7917 1.5648 3.6157 1.6237 -16.1064 1.6914 45.6504 -0.3630 0.3684
Car -1 -1 -1.8252 371.0855 186.5199 440.6496 231.7758 1.5070 1.6507 3.6694 -7.8044 2.0611 27.2322 -2.1022 0.3178
Car -1 -1 -0.8203 180.9320 182.4914 283.7015 219.7332 1.4921 3.7677 1.6837 -16.1959 1.9228 30.9019 -1.2998 0.2944
