Pedestrian -1 -1 2.0280 66.2816 176.3563 162.8275 310.1193 1.6867 0.8319 0.6809 -6.5590 1.7351 9.5089 1.4369 0.6698
Pedestrian -1 -1 -0.0759 282.9298 176.2896 316.2941 249.3604 1.6885 0.8389 0.6727 -7.4751 1.7736 17.2477 -0.4798 0.5054
Pedestrian -1 -1 1.2700 664.8118 175.1743 697.3124 233.2693 1.6661 0.8007 0.6054 2.0264 1.7355 21.0987 1.3636 0.4830
Pedestrian -1 -1 1.7175 404.2258 175.8422 429.8069 220.8277 1.7039 0.8679 0.6256 -7.4551 1.8206 27.7341 1.4569 0.4566
Pedestrian -1 -1 3.3975 0.0000 182.9904 49.5956 273.8406 1.6903 0.7436 0.6145 -11.4093 1.8938 13.9901 2.7225 0.3706
Pedestrian -1 -1 1.8944 136.2088 178.7442 180.6113 247.0093 1.7208 0.7837 0.7272 -11.7440 1.8775 18.7060 1.3400 0.3502
Pedestrian -1 -1 -3.1072 686.4442 175.3889 703.3905 221.8671 1.6611 0.6947 0.5907 3.0450 1.7549 26.2131 -2.9935 0.3193
Pedestrian -1 -1 -1.7869 769.3244 190.4845 867.4694 347.7330 1.5699 0.8425 0.8041 2.1454 1.7692 7.7152 -1.5272 0.3137
Pedestrian -1 -1 -0.7824 869.7393 139.3978 934.4686 239.8806 1.8530 0.9158 0.7129 5.5502 1.2364 13.8647 -0.4095 0.2538
Pedestrian -1 -1 0.3576 129.3260 175.3138 160.5406 230.2732 1.7597 0.7055 0.6494 -15.2170 1.8417 23.5494 -0.2112 0.2528
Pedestrian -1 -1 1.3047 709.5940 177.7561 732.3714 220.7977 1.6699 0.7473 0.6240 4.3258 1.8657 28.4244 1.4535 0.2329
Pedestrian -1 -1 2.2580 525.0676 176.2453 537.4058 199.0707 1.7900 0.6988 0.6816 -6.2684 2.0615 57.2001 2.1490 0.2179
Pedestrian -1 -1 2.5552 502.4391 176.6245 515.8867 204.2473 1.7804 0.5326 0.6888 -6.6062 2.0288 47.0468 2.4160 0.1999
Cyclist -1 -1 0.3646 225.5652 181.3967 246.9369 212.0159 1.7006 1.7937 0.4819 -21.5202 2.2033 41.5025 -0.1114 0.3716
Cyclist -1 -1 -0.5347 917.5451 164.5984 941.9576 192.3494 1.8924 1.9918 0.6197 22.2139 1.3298 50.2263 -0.1208 0.2441
Cyclist -1 -1 2.7072 520.4854 175.5739 536.5312 197.4699 1.7050 1.7339 0.5901 -6.5030 1.9247 57.2978 2.5943 0.2404
Cyclist -1 -1 3.2205 137.0022 178.4797 166.3340 246.9352 1.6827 1.7232 0.5021 -11.9478 1.8362 18.7582 2.6595 0.2271
Cyclist -1 -1 -0.5740 860.3017 142.4225 945.5073 243.1337 1.8107 1.7476 0.6614 5.5426 1.2639 13.8922 -0.2022 0.2125
Cyclist -1 -1 3.3039 279.9298 178.0011 319.8919 252.6765 1.6962 1.8183 0.5977 -7.5326 1.8280 17.4718 2.9019 0.1996
Car -1 -1 2.9684 575.6563 177.2691 617.6407 208.0691 1.4765 3.4253 1.5726 -0.7654 1.7141 36.9436 2.9472 0.6485
Car -1 -1 2.9374 533.1348 175.3585 570.7749 201.1240 1.5147 3.5959 1.6249 -3.6717 1.6772 44.7497 2.8556 0.5097
Car -1 -1 2.5295 19.8379 193.0299 129.6475 235.5014 1.4803 3.5974 1.6316 -20.6312 2.2950 27.7713 1.8949 0.2115
Car -1 -1 -0.5444 836.6722 177.6781 879.3354 197.0941 1.6208 4.0141 1.7057 21.7315 2.0596 63.4367 -0.2162 0.1995
