Pedestrian -1 -1 1.7939 431.4185 167.0773 452.9233 202.5408 1.8221 0.9824 0.5725 -8.7228 1.5256 37.3578 1.5658 0.3116
Pedestrian -1 -1 0.4772 971.4263 161.9727 1103.0851 372.2010 1.7533 0.8384 0.7384 3.8200 1.6629 6.5544 0.9844 0.2970
Pedestrian -1 -1 2.3635 19.0488 121.3449 217.5234 375.0000 1.8467 0.9663 0.7462 -3.6362 1.5017 5.3028 1.7850 0.2964
Pedestrian -1 -1 -0.6811 759.2773 136.2265 796.7668 215.3772 1.8222 0.7131 0.5302 3.9153 0.9793 17.0455 -0.4594 0.2542
Pedestrian -1 -1 0.5882 702.9244 190.3941 744.9997 257.3065 1.7117 0.9555 0.7059 3.0129 2.1970 19.3559 0.7392 0.2097
Pedestrian -1 -1 1.2815 992.2563 172.7702 1031.5779 232.2328 1.7543 0.8729 0.6771 12.0346 1.7522 21.7065 1.7813 0.2028
Cyclist -1 -1 1.9817 0.0000 116.2637 253.2311 373.6340 1.7504 1.7071 0.5383 -3.6845 1.3659 5.3161 1.3984 0.2397
Cyclist -1 -1 -0.0780 509.3607 177.3018 518.0244 197.3822 1.6816 1.7598 0.5984 -8.2700 2.0684 61.7547 -0.2109 0.2139
Cyclist -1 -1 -0.3348 638.2480 166.6413 663.7855 209.1087 1.8468 1.8748 0.5526 1.7846 1.5769 32.3516 -0.2807 0.2069
Cyclist -1 -1 0.5917 0.0000 30.9482 174.8853 375.0000 1.7130 1.7552 0.6860 -2.6681 1.3028 2.9907 -0.0939 0.1917
Car -1 -1 3.1864 541.3885 180.2658 578.3098 213.4230 1.4810 3.5968 1.6216 -2.4149 1.8581 34.8562 3.1172 0.5207
Car -1 -1 2.7597 427.1888 176.5736 472.9715 201.1491 1.5358 3.6597 1.7110 -10.6326 1.7922 47.6844 2.5411 0.4819
Car -1 -1 0.4115 939.9904 156.4577 1242.0000 375.0000 1.6310 2.3993 2.4793 4.0674 1.5578 4.8982 1.0745 0.4227
Car -1 -1 -0.0412 64.4055 186.4657 100.4969 213.1472 1.5491 3.9026 1.7061 -33.7274 2.4571 46.0493 -0.6707 0.3127
Car -1 -1 -0.0492 581.4345 178.7360 621.4820 214.4650 1.5585 4.1141 1.6865 -0.5001 1.8554 34.2713 -0.0643 0.2230
