Pedestrian -1 -1 0.8602 974.6442 137.6321 1073.0120 278.0569 1.8816 1.0747 0.5661 5.7776 1.3089 9.8496 1.3785 0.6397
Pedestrian -1 -1 3.2983 273.5671 174.2045 321.5802 261.1739 1.7129 0.9066 0.7631 -6.3098 1.5905 14.4526 2.8964 0.5469
Pedestrian -1 -1 -0.6859 786.7300 166.2753 806.6240 200.1649 1.7899 0.7299 0.7293 10.2402 1.0400 37.8199 -0.4219 0.4126
Pedestrian -1 -1 2.7187 116.0397 162.2883 137.8718 200.9371 1.8730 0.7836 0.6248 -23.5006 0.9918 34.7321 2.1299 0.3827
Pedestrian -1 -1 2.3633 560.3165 174.2680 575.4120 201.2413 1.7224 0.6824 0.6936 -2.3977 1.3258 45.6296 2.3128 0.3385
Pedestrian -1 -1 2.1353 878.3925 159.2424 902.9246 197.6136 1.7864 0.8427 0.6809 13.4983 0.7982 33.4535 2.5172 0.2563
Cyclist -1 -1 -1.0857 964.7364 153.0903 1050.8071 223.6449 1.7411 1.7743 0.8059 10.4197 1.0663 18.4066 -0.5763 0.2849
Cyclist -1 -1 -1.5421 772.2747 159.6591 804.5798 191.8111 1.8213 1.7789 0.5888 10.5211 0.6421 40.5772 -1.2885 0.2748
Car -1 -1 -0.9587 0.0000 212.0524 298.8360 370.0000 1.5264 1.6415 4.0401 -3.0358 1.7686 3.3022 -1.6545 0.6212
Car -1 -1 -2.1110 467.9799 173.4444 558.3069 217.4139 1.6214 1.9195 3.7257 -3.7337 1.3628 28.1249 -2.2398 0.5432
Car -1 -1 3.2324 369.3049 179.6782 398.8250 201.5394 1.5267 3.5686 1.7182 -15.9835 1.4706 51.2945 2.9338 0.4841
Car -1 -1 3.3873 318.9218 184.3031 359.1575 206.7075 1.5053 3.8493 1.7801 -18.8197 1.7874 50.1915 3.0323 0.3178
