Pedestrian -1 -1 3.0335 418.8325 143.5917 520.0428 370.0000 1.7246 0.8661 0.6840 -1.1321 1.4656 5.5048 2.8436 0.7568
Pedestrian -1 -1 1.1678 53.0203 193.9570 102.6585 257.4579 1.7546 0.9182 0.7796 -15.2233 2.1554 20.3768 0.5350 0.4510
Pedestrian -1 -1 -1.4471 1120.1241 188.2320 1224.0000 370.0000 1.6679 0.7059 0.7131 4.3409 1.7336 5.3440 -0.7920 0.3660
Pedestrian -1 -1 2.2709 832.3488 174.9519 877.7538 244.2982 1.6985 0.7564 0.7793 6.2687 1.5642 17.8373 2.6048 0.3246
Pedestrian -1 -1 2.9494 10.7985 174.2268 70.2299 263.4838 1.7315 0.8760 0.7945 -11.4604 1.6114 14.2980 2.2863 0.3032
Pedestrian -1 -1 2.9599 518.3279 164.4141 565.5364 262.3376 1.7251 0.8855 0.7139 -1.2122 1.4433 12.9727 2.8708 0.2842
Pedestrian -1 -1 2.9814 252.1711 167.9300 305.7649 261.6974 1.7329 0.8888 0.8144 -6.3480 1.5022 13.6570 2.5569 0.2819
Pedestrian -1 -1 2.6534 640.1586 161.4592 696.5148 261.1651 1.7582 0.8559 0.7113 1.1110 1.4241 12.9965 2.7384 0.2788
Pedestrian -1 -1 -0.0780 90.2555 162.5126 136.5625 257.0461 1.7938 0.8455 0.6948 -9.7544 1.4541 13.9585 -0.6755 0.2340
Pedestrian -1 -1 0.9648 968.3416 187.9160 1134.0055 370.0000 1.6447 0.7908 0.7070 3.2765 1.7064 5.3316 1.4914 0.2204
Pedestrian -1 -1 -0.8228 993.5613 168.1413 1069.2734 276.1283 1.7608 0.8768 0.6761 7.2029 1.5609 12.0412 -0.2937 0.2043
Pedestrian -1 -1 2.3872 603.3985 167.1176 657.5119 254.1298 1.7391 0.8542 0.7392 0.4848 1.4733 14.6916 2.4212 0.1806
Pedestrian -1 -1 2.2976 1157.9565 145.7940 1224.0000 253.9111 1.7830 0.8336 0.6601 10.1105 1.2123 12.1192 2.9816 0.1658
Cyclist -1 -1 -1.0354 1119.7341 144.6222 1224.0000 255.6496 1.7765 1.9043 0.5611 10.0877 1.2041 12.2980 -0.3594 0.2851
Cyclist -1 -1 -0.0226 522.0786 163.3354 558.4308 267.0798 1.7665 1.8246 0.6185 -1.2542 1.4759 12.9763 -0.1149 0.2433
Cyclist -1 -1 0.0038 255.2428 168.8819 300.6688 264.5609 1.7274 1.7535 0.7537 -6.3722 1.5192 13.7140 -0.4206 0.2367
Cyclist -1 -1 1.5179 683.4616 163.1416 759.1367 233.5007 1.7535 1.8706 0.6365 2.9075 1.3225 18.0319 1.6767 0.2322
Cyclist -1 -1 -0.7421 0.0000 173.0137 94.6831 262.4110 1.7541 1.8199 0.6113 -11.4378 1.6088 14.3209 -1.4035 0.2246
Cyclist -1 -1 0.8762 1081.1066 189.1038 1224.0000 370.0000 1.6419 1.7412 0.6465 5.4248 1.7271 6.5211 1.5479 0.2195
Cyclist -1 -1 -1.5691 557.3978 146.6828 633.4003 220.1055 1.8131 1.8778 0.6393 -0.2781 0.9796 17.7855 -1.5824 0.2092
Cyclist -1 -1 -0.4528 641.2446 162.6385 719.9550 262.4468 1.7061 1.8934 0.6770 1.3134 1.4024 13.0863 -0.3534 0.1966
Cyclist -1 -1 -0.4150 855.8231 172.1192 939.6398 294.5677 1.6491 1.7897 0.4300 4.2166 1.5379 10.4197 -0.0394 0.1888
Cyclist -1 -1 1.8386 306.8643 181.3705 450.8088 292.2465 1.7071 2.0448 0.8654 -3.6316 1.7233 11.3535 1.5386 0.1700
Cyclist -1 -1 2.6528 825.0850 172.3662 882.1577 242.1928 1.6750 1.7093 0.6186 6.2085 1.4815 17.8486 2.9837 0.1561
Car -1 -1 0.0324 48.8978 188.8004 110.3446 234.1909 1.5049 3.5850 1.6795 -19.3427 1.8358 26.1048 -0.5979 0.2560
Car -1 -1 -2.1735 1164.8582 179.7971 1224.0000 370.0000 1.5569 1.6857 4.0100 6.2724 1.5554 5.3810 -1.3391 0.2362
Car -1 -1 2.4922 555.6496 172.5713 605.2283 194.7032 1.5555 3.7739 1.6831 -1.8215 0.9995 51.6834 2.4589 0.1552
