Pedestrian -1 -1 3.1600 480.2025 156.9171 544.9360 311.2562 1.7641 0.9538 0.7376 -1.1619 1.4963 8.5911 3.0322 0.8098
Pedestrian -1 -1 1.6981 1116.8494 188.7691 1224.0000 370.0000 1.6509 0.7293 0.6978 4.3366 1.7211 5.3532 2.3520 0.4339
Pedestrian -1 -1 1.2018 53.3539 193.3540 102.1677 257.0904 1.7618 0.9147 0.7709 -15.2221 2.1446 20.3711 0.5690 0.3933
Pedestrian -1 -1 3.0175 14.7351 173.2613 70.1019 262.5096 1.7370 0.8552 0.7869 -11.4543 1.5978 14.3369 2.3559 0.3228
Pedestrian -1 -1 2.9877 253.8875 167.7054 306.3981 261.5006 1.7345 0.8816 0.8017 -6.3259 1.4995 13.6581 2.5645 0.3138
Pedestrian -1 -1 2.4444 831.7491 173.9602 875.6442 242.5082 1.6838 0.7120 0.7652 6.2305 1.5247 17.8317 2.7766 0.3054
Pedestrian -1 -1 2.6766 641.2342 162.7242 696.4205 261.4711 1.7448 0.8364 0.7093 1.1211 1.4323 13.0078 2.7622 0.2243
Pedestrian -1 -1 1.1497 974.1339 188.4531 1128.8776 370.0000 1.6463 0.7555 0.6994 3.2750 1.7124 5.3330 1.6760 0.2182
Pedestrian -1 -1 -1.8821 735.1214 160.5195 793.8928 252.5477 1.8116 1.0065 0.6455 3.1700 1.4199 14.2826 -1.6667 0.1885
Pedestrian -1 -1 0.7667 1042.6930 190.1606 1117.7437 282.3808 1.6929 0.8996 0.7941 9.0615 1.8865 13.5634 1.3463 0.1777
Pedestrian -1 -1 1.2579 555.4447 158.4834 612.5126 250.1294 1.8470 1.0545 0.5940 -0.4827 1.4049 14.7019 1.2275 0.1766
Pedestrian -1 -1 -0.0559 90.5764 166.0833 135.8045 260.3238 1.7852 0.8373 0.6940 -9.7407 1.5138 13.9322 -0.6536 0.1741
Pedestrian -1 -1 -0.8763 994.3141 163.5380 1070.5048 272.6146 1.7744 0.8749 0.6812 7.2105 1.5001 12.0237 -0.3461 0.1675
Cyclist -1 -1 -0.1231 518.0754 166.1158 564.6060 270.2356 1.7616 1.8463 0.6208 -1.2354 1.5199 12.9257 -0.2143 0.4544
Cyclist -1 -1 -1.5016 556.5883 148.1916 632.4066 221.5430 1.8075 1.8684 0.6341 -0.2874 1.0130 17.7858 -1.5155 0.2566
Cyclist -1 -1 -0.4597 643.5648 164.1214 717.3743 264.5397 1.7471 1.8569 0.6057 1.3342 1.4638 13.2719 -0.3602 0.2224
Cyclist -1 -1 -2.0559 1020.2135 188.5827 1135.0936 281.8668 1.7307 1.7239 0.6743 9.0172 1.8925 13.5984 -1.4798 0.2103
Cyclist -1 -1 -0.8259 0.0000 171.2286 96.8132 261.0670 1.7751 1.8120 0.5899 -11.4329 1.5936 14.3357 -1.4866 0.2090
Cyclist -1 -1 1.9160 311.2838 177.0343 449.0843 286.8889 1.6589 1.9287 0.7207 -3.5387 1.6082 11.0763 1.6166 0.1922
Cyclist -1 -1 1.4331 682.4175 164.0952 760.0333 233.8413 1.7462 1.8828 0.6299 2.9095 1.3371 18.0320 1.5920 0.1910
Cyclist -1 -1 0.0037 261.2356 164.2199 299.5735 260.6360 1.7486 1.7898 0.6386 -6.3496 1.4550 13.7653 -0.4179 0.1817
Cyclist -1 -1 -0.4054 854.7119 174.0166 940.1543 296.3754 1.6422 1.7874 0.4663 4.1966 1.5568 10.3846 -0.0302 0.1755
Cyclist -1 -1 -0.8396 1122.8884 143.9666 1224.0000 252.0549 1.7373 1.8600 0.6305 10.0881 1.1517 12.3284 -0.1647 0.1702
Cyclist -1 -1 -0.0174 489.7193 158.0142 544.0034 318.5230 1.7867 1.7629 0.6031 -1.1601 1.5381 8.7810 -0.1424 0.1660
Cyclist -1 -1 0.8008 1086.3702 191.5311 1224.0000 370.0000 1.6131 1.7702 0.6080 5.4260 1.7221 6.4861 1.4751 0.1603
Car -1 -1 0.0500 47.1063 188.8692 110.8006 234.6390 1.5153 3.6779 1.6797 -19.3824 1.8498 26.1319 -0.5808 0.2618
Car -1 -1 2.4956 555.6035 172.5317 604.8268 194.5533 1.5477 3.7380 1.6850 -1.8369 0.9890 51.6709 2.4620 0.1917
Car -1 -1 -2.1960 1168.0448 180.7517 1224.0000 370.0000 1.5520 1.6822 3.9890 6.3043 1.5564 5.3488 -1.3562 0.1906
