Pedestrian -1 -1 2.5445 755.3762 175.9208 839.3739 305.6240 1.6815 0.8054 0.7966 2.5020 1.7261 9.8924 2.7838 0.3304
Pedestrian -1 -1 0.2092 189.1243 173.1559 227.4555 246.4427 1.7735 0.8266 0.6742 -10.0338 1.7816 17.9553 -0.2944 0.2507
Pedestrian -1 -1 1.7327 639.4636 170.7861 648.8330 190.9563 1.8624 0.7748 0.6534 3.1546 1.6718 67.0196 1.7792 0.2390
Cyclist -1 -1 -3.4991 1152.7164 163.5219 1177.5989 188.9899 1.7360 1.7332 0.8090 38.5253 1.1003 50.1277 -2.8469 0.3300
Cyclist -1 -1 -0.3824 494.0223 171.7978 519.1967 202.8212 1.7516 1.8076 0.8247 -6.0236 1.6923 41.7250 -0.5253 0.3272
Cyclist -1 -1 -1.4939 108.0231 187.1148 137.8872 213.2387 1.9659 1.8696 0.6895 -37.7357 3.0859 55.8864 -2.0858 0.2968
Car -1 -1 -1.6044 532.0872 185.9769 750.8900 375.0000 1.5029 1.6407 3.8788 0.1502 1.6724 7.3424 -1.5868 0.6188
Car -1 -1 -3.5953 981.7872 177.6657 1116.1506 220.6937 1.5639 1.7350 4.0204 16.5844 1.7544 27.4861 -3.0576 0.5557
Car -1 -1 3.4271 0.0000 196.7810 50.3515 222.1983 1.4764 3.5345 1.7067 -38.5501 3.1189 47.5577 2.7485 0.4284
Car -1 -1 3.1866 428.1940 181.7525 454.1829 204.2021 1.5489 4.0003 1.7003 -12.5263 2.2363 53.5848 2.9576 0.4188
Car -1 -1 -0.0343 956.3404 171.7812 1027.5957 196.0319 1.5503 1.6903 4.1055 25.1801 1.4821 47.7744 0.4479 0.3285
Car -1 -1 -0.4376 541.3124 182.0626 583.7294 203.8617 1.5218 3.8473 1.7069 -3.6331 2.2411 54.2350 -0.5046 0.2791
Car -1 -1 -0.5207 456.0367 185.2990 503.4782 208.9749 1.5211 3.6196 1.6734 -9.1368 2.4222 50.2992 -0.6999 0.2708
Car -1 -1 -1.1544 992.2185 171.2973 1054.9825 193.1715 1.5317 3.4822 1.9220 30.0272 1.4230 52.4919 -0.6375 0.2277
