Pedestrian -1 -1 3.2958 274.8268 174.0377 321.6374 260.6296 1.7082 0.8891 0.7462 -6.3025 1.5823 14.4651 2.8946 0.6244
Pedestrian -1 -1 0.9087 976.1929 136.6100 1074.8926 276.0880 1.8694 1.0617 0.5614 5.7845 1.2828 9.8244 1.4286 0.4942
Pedestrian -1 -1 2.5319 788.1192 165.5033 807.1985 199.5748 1.7987 0.6800 0.7237 10.2775 1.0084 37.7646 2.7972 0.3464
Pedestrian -1 -1 2.3284 560.1486 173.6397 575.4382 200.7899 1.7337 0.7064 0.6875 -2.4025 1.2969 45.6343 2.2779 0.3455
Pedestrian -1 -1 2.5632 977.5692 162.5695 1012.9905 217.1976 1.7412 0.7447 0.7127 12.6207 1.1712 22.9304 3.0621 0.2687
Pedestrian -1 -1 1.1713 508.6203 166.9131 523.0409 188.3138 1.8267 1.0628 0.6522 -7.6619 0.6682 60.8951 1.0486 0.2590
Pedestrian -1 -1 2.4138 581.7661 172.7605 595.8943 198.1308 1.7700 0.7212 0.6907 -1.1355 1.2313 49.8226 2.3928 0.2510
Pedestrian -1 -1 2.2918 878.5278 158.1539 903.7778 197.1328 1.8145 0.8731 0.6833 13.5198 0.7757 33.4533 2.6743 0.2149
Pedestrian -1 -1 0.2403 1152.3359 169.0844 1208.2343 260.2649 1.7360 0.9151 0.6686 11.3540 1.5203 14.0007 0.9121 0.1912
Pedestrian -1 -1 2.8061 540.0885 172.0020 554.8243 202.0089 1.7864 0.6349 0.7146 -3.4678 1.2818 42.5215 2.7270 0.1896
Cyclist -1 -1 2.9733 509.7596 167.3191 520.3381 188.8208 1.8208 1.9690 0.5849 -7.7358 0.7058 60.8972 2.8493 0.4232
Cyclist -1 -1 -1.4069 771.4807 159.8790 804.8976 192.4411 1.8384 1.7829 0.5886 10.4958 0.6756 40.5436 -1.1537 0.4216
Cyclist -1 -1 -1.7010 871.2007 158.1792 912.1774 195.9952 1.7602 1.7205 0.6815 13.5323 0.7227 33.4500 -1.3181 0.2219
Cyclist -1 -1 -0.2026 487.0125 165.0563 505.8174 198.6586 1.7842 1.8519 0.6557 -5.9370 0.9656 38.5203 -0.3525 0.1897
Cyclist -1 -1 -0.5415 957.7714 160.9990 1010.6323 213.8397 1.6547 1.8684 0.6402 12.3199 1.0456 23.0870 -0.0553 0.1889
Car -1 -1 -0.9428 0.0000 213.2468 307.5249 370.0000 1.5230 1.6477 4.0584 -3.0130 1.7742 3.3046 -1.6345 0.6174
Car -1 -1 -0.5831 963.8331 162.8908 1106.3320 213.2558 1.6111 1.5628 3.8182 14.1838 1.0494 23.4776 -0.0440 0.5461
Car -1 -1 3.4023 317.7049 185.9503 359.3161 208.4677 1.4997 3.8977 1.8045 -18.8172 1.9028 50.0912 3.0466 0.2536
Car -1 -1 1.7802 44.9582 180.2641 118.4594 204.4386 1.5480 3.6350 1.6939 -34.5515 1.5342 46.7865 1.1491 0.2287
Car -1 -1 -0.2286 361.4625 180.9281 399.0942 203.7792 1.5157 3.6686 1.7043 -15.5966 1.5479 48.9812 -0.5334 0.1957
Car -1 -1 3.2271 503.0933 175.5518 531.9409 198.6152 1.5394 3.9336 1.6543 -6.0417 1.2104 49.1815 3.1073 0.1946
