Pedestrian -1 -1 1.4559 471.5310 180.6714 483.6874 207.0954 1.7270 0.7208 0.6647 -8.8087 2.2502 47.8286 1.2743 0.1496
Pedestrian -1 -1 -1.1359 569.1859 178.2482 577.8663 196.3930 1.6763 0.5786 0.6757 -3.4211 2.1832 67.3292 -1.1869 0.1431
Pedestrian -1 -1 3.1786 211.3252 153.1857 230.1165 205.3120 1.9181 0.7422 0.5905 -14.6112 1.1947 27.0102 2.6867 0.1402
Pedestrian -1 -1 -1.4377 318.2693 170.5401 335.0157 199.6519 1.8240 0.9079 0.6463 -17.9470 1.6794 45.6282 -1.8108 0.1326
Cyclist -1 -1 -0.0302 569.7455 179.2443 577.1029 198.1532 1.7200 1.8849 0.6261 -3.4323 2.3245 67.2456 -0.0814 0.1884
Cyclist -1 -1 0.2454 320.1731 175.0501 337.2348 203.3351 1.7519 1.7283 0.6046 -17.8469 1.8941 45.7207 -0.1250 0.1412
Cyclist -1 -1 -0.0663 366.8327 168.3743 379.1649 196.2191 1.7815 1.8519 0.6446 -15.5224 1.4953 47.1405 -0.3830 0.1384
Cyclist -1 -1 0.1511 367.8216 178.1897 378.5475 197.9750 1.7370 1.7783 0.6545 -21.2741 2.2233 64.7752 -0.1653 0.1382
Cyclist -1 -1 2.9165 393.9654 177.8742 408.6202 201.9485 1.7067 1.7785 0.6430 -15.2126 2.0786 52.4719 2.6353 0.1227
Cyclist -1 -1 -3.0623 605.5936 179.4713 617.6972 208.9159 1.6636 1.8050 0.5683 0.0692 2.0585 42.0999 -3.0612 0.1110
Car -1 -1 1.7894 327.9191 181.6742 459.2625 272.2774 1.5982 1.7877 3.9526 -4.4097 1.8085 15.1463 1.5100 0.7035
Car -1 -1 2.9222 458.6923 187.4504 498.5981 213.4156 1.5083 3.8209 1.7278 -8.5119 2.4891 46.3643 2.7411 0.2810
Car -1 -1 3.1982 379.4566 180.6840 402.5349 199.2698 1.5201 3.4674 1.7181 -18.9590 2.2191 62.4879 2.9045 0.2493
Car -1 -1 3.5378 243.5054 177.4888 319.6106 218.3558 1.6053 3.6947 1.6312 -13.8876 1.8145 30.6323 3.1151 0.1496
Car -1 -1 -2.8291 444.9330 191.3573 496.1515 220.5826 1.4820 3.5870 1.8335 -7.8763 2.5791 40.8738 -3.0188 0.1356
Car -1 -1 -0.2269 581.3304 181.6541 618.5264 205.9404 1.5436 3.9255 1.7032 -0.7644 2.1734 49.4972 -0.2428 0.1127
Car -1 -1 -0.3591 565.1637 180.4788 600.9346 200.2203 1.6016 4.1345 1.7498 -2.3956 2.2864 62.5145 -0.3977 0.1097
