Pedestrian -1 -1 -0.1571 598.0397 172.2236 619.2177 215.9131 1.7655 0.8661 0.7416 -0.1035 1.7404 29.6419 -0.1613 0.5632
Pedestrian -1 -1 -0.3153 790.9359 125.3426 908.0399 367.0935 1.8262 0.9057 0.6416 1.8696 1.4676 5.9082 -0.0244 0.4527
Pedestrian -1 -1 2.2665 1151.0251 167.2262 1242.0000 340.5010 1.6887 0.8163 0.7713 6.2763 1.6342 7.5054 2.9430 0.4113
Pedestrian -1 -1 -2.1797 653.2947 173.0022 667.0887 200.1271 1.6633 0.5576 0.6894 3.0746 1.6729 44.6858 -2.1119 0.3220
Pedestrian -1 -1 2.9056 661.4337 178.4614 675.8710 211.0567 1.6882 0.7409 0.5980 3.0431 1.9865 37.9233 2.9845 0.2365
Cyclist -1 -1 3.2745 0.0000 140.3354 92.2836 355.8326 1.8384 1.8029 0.5188 -5.5612 1.5613 7.0647 2.6256 0.3313
Cyclist -1 -1 -3.6834 1143.0750 120.4975 1242.0000 293.7068 1.8187 1.8580 0.5803 7.1225 1.2693 8.5333 -3.0050 0.2904
Cyclist -1 -1 2.5433 646.6499 174.0324 671.7868 202.8413 1.7430 1.8193 0.6356 3.0042 1.8179 44.6752 2.6095 0.2799
Cyclist -1 -1 -0.1569 690.8205 170.9862 713.3613 222.1918 1.6298 1.6811 0.4728 2.9811 1.5707 23.8108 -0.0346 0.2453
Car -1 -1 3.5264 45.7589 206.4428 372.9293 375.0000 1.4442 3.6733 1.6330 -3.8697 1.8882 7.6384 3.0705 0.8027
Car -1 -1 1.8032 333.5857 182.0490 475.1953 280.9875 1.5949 1.7734 3.6943 -3.8155 1.7957 13.8520 1.5384 0.7274
Car -1 -1 1.3558 605.4661 175.9603 662.2222 214.9021 1.4859 1.6468 3.2957 0.8782 1.6212 29.5831 1.3846 0.5799
Car -1 -1 0.1459 504.6528 173.9922 551.1334 210.0334 1.6276 3.9629 1.6624 -3.9266 1.6859 34.7164 0.0336 0.4516
Car -1 -1 -0.5653 557.1766 182.2430 609.6900 207.6540 1.5365 3.5675 1.7850 -1.7990 2.1750 47.0613 -0.6038 0.3035
Car -1 -1 -1.7039 640.8821 169.4553 684.3807 188.8240 1.5991 3.4272 1.8342 4.3726 1.3189 60.5903 -1.6325 0.2742
Car -1 -1 2.8930 652.8671 176.4924 701.3679 206.6124 1.5666 4.0233 1.7370 3.6387 1.7802 40.1624 2.9821 0.2258
