Pedestrian -1 -1 2.5620 996.1315 155.0243 1036.3896 220.0656 1.8012 0.8265 0.6415 11.4384 1.3078 20.4157 3.0662 0.3691
Pedestrian -1 -1 1.7510 326.5973 187.2808 353.5781 233.6824 1.7415 0.8610 0.6963 -10.4189 2.3052 27.7557 1.3946 0.2603
Pedestrian -1 -1 -0.2155 455.1323 167.2358 468.1930 200.8732 1.8114 0.8392 0.5301 -8.1273 1.5092 39.3436 -0.4183 0.2489
Pedestrian -1 -1 -1.1486 1172.2347 120.6165 1242.0000 265.0854 1.8357 0.8401 0.6439 8.1517 1.1723 9.6855 -0.4640 0.2366
Pedestrian -1 -1 1.4346 1155.1248 182.7878 1242.0000 327.9027 1.6724 0.8172 0.7526 7.2484 1.8028 8.9164 2.1001 0.2193
Pedestrian -1 -1 2.0827 699.8947 162.6400 717.8234 194.6115 1.8833 0.8544 0.6418 5.8602 1.2820 43.0137 2.2168 0.1988
Pedestrian -1 -1 -0.9700 441.0920 174.4680 463.7235 209.2623 1.7616 0.9499 0.6220 -8.1256 1.8458 37.0380 -1.1849 0.1974
Pedestrian -1 -1 1.1444 893.5132 167.3748 975.5121 294.7968 1.6958 0.8382 0.6325 4.3938 1.6232 9.9250 1.5493 0.1848
Pedestrian -1 -1 3.4269 315.2505 158.1783 340.6287 213.0890 1.9077 0.8993 0.6073 -10.0202 1.3982 25.5381 3.0562 0.1794
Pedestrian -1 -1 0.0325 86.6170 178.1762 129.5215 272.0943 1.7316 0.8385 0.6460 -9.6981 1.8383 13.8871 -0.5684 0.1702
Pedestrian -1 -1 3.2407 87.6822 164.4591 128.7091 251.7857 1.7573 0.7157 0.6281 -10.4584 1.5887 14.9814 2.6394 0.1685
Pedestrian -1 -1 -0.5202 489.3535 172.0549 499.2566 192.6293 1.7708 0.7855 0.5272 -10.0561 1.7024 62.5716 -0.6792 0.1632
Pedestrian -1 -1 2.1235 1146.5627 164.4716 1237.0837 286.4327 1.7813 0.8557 0.6735 8.8452 1.6593 11.0544 2.7847 0.1630
Cyclist -1 -1 0.3564 440.6214 173.9668 463.2346 208.8803 1.7506 1.7812 0.5511 -8.1642 1.8097 37.1545 0.1411 0.5212
Cyclist -1 -1 -3.7738 1131.6040 171.1606 1242.0000 313.2657 1.5960 1.7020 0.4683 7.2521 1.5774 8.9592 -3.1100 0.2675
Cyclist -1 -1 0.1010 359.8319 174.6712 370.8807 198.6505 1.7605 1.8162 0.6037 -18.3528 1.8995 54.0683 -0.2250 0.2333
Cyclist -1 -1 -2.4967 318.1227 185.4519 362.5287 233.9422 1.7735 1.7942 0.6571 -10.4239 2.2765 27.8358 -2.8524 0.2321
Cyclist -1 -1 -0.6525 1054.7317 154.5674 1141.5369 240.7755 1.7958 1.7830 0.6184 10.6826 1.4152 15.9390 -0.0710 0.1991
Cyclist -1 -1 -1.7334 684.3305 171.3308 716.5131 202.2176 1.8304 1.8298 0.6247 5.3626 1.7405 43.1053 -1.6110 0.1935
Cyclist -1 -1 3.2947 456.8022 183.7372 475.3239 229.9109 1.6126 1.6470 0.4198 -5.3041 2.0240 26.4205 3.0979 0.1838
Cyclist -1 -1 0.2550 426.2704 178.7163 447.8202 212.3914 1.7323 1.8822 0.6620 -9.2255 2.0522 38.3908 0.0202 0.1752
Cyclist -1 -1 -0.8522 1119.2179 177.8521 1242.0000 300.9549 1.7343 1.7654 0.5576 8.8414 1.8183 11.1571 -0.1958 0.1741
Cyclist -1 -1 -0.6322 1048.0823 156.6662 1147.9573 253.2865 1.7676 1.8686 0.6192 9.4555 1.4718 14.1467 -0.0532 0.1719
Cyclist -1 -1 -3.7304 1138.4487 163.5506 1242.0000 271.3650 1.6862 1.8012 0.5273 9.7538 1.5410 12.1994 -3.0682 0.1713
Cyclist -1 -1 -2.3001 0.0000 163.0496 71.0051 246.2077 1.7472 1.8470 0.8678 -13.3118 1.5416 16.1382 -2.9818 0.1687
Cyclist -1 -1 -0.5960 931.1044 163.6564 1065.4248 310.0270 1.7432 1.8455 0.6034 5.0014 1.6340 9.5438 -0.1269 0.1639
Cyclist -1 -1 -0.7941 1137.1152 153.6741 1242.0000 232.8515 1.6699 1.8804 0.7684 12.9320 1.2657 16.1964 -0.1294 0.1637
Cyclist -1 -1 0.3041 144.3433 179.1531 198.0947 259.3438 1.7842 1.8206 0.5644 -10.4460 1.9427 17.1519 -0.2364 0.1633
Car -1 -1 -3.0434 560.1583 180.2435 589.9194 204.4642 1.5253 3.7298 1.6429 -2.3428 2.0419 48.5009 -3.0919 0.3261
Car -1 -1 -0.8344 289.0341 175.2852 369.5762 206.7864 1.6191 3.9028 1.7096 -15.1300 1.7552 38.8107 -1.2041 0.2279
Car -1 -1 0.1890 493.9097 187.7318 527.0017 210.2634 1.4941 3.7766 1.6987 -7.2043 2.6131 52.3210 0.0523 0.2097
Car -1 -1 -0.3766 660.0771 177.8562 693.0547 195.9868 1.5403 3.8011 1.6456 5.8927 2.0020 64.4863 -0.2863 0.1938
Car -1 -1 2.7810 661.7374 179.3129 708.9200 205.5817 1.5324 3.8932 1.6626 4.6339 1.9563 45.2143 2.8819 0.1923
Car -1 -1 -0.0835 628.5602 186.5160 662.3690 213.6446 1.5134 3.9721 1.7351 2.0989 2.3907 44.2973 -0.0372 0.1707
Car -1 -1 -0.5570 656.4672 174.5130 704.5522 197.4937 1.5823 3.8550 1.6601 5.0161 1.7073 52.0771 -0.4619 0.1661
Car -1 -1 -0.3179 494.1419 181.2519 525.6095 199.1400 1.5115 3.9062 1.6704 -9.0814 2.2941 65.0793 -0.4564 0.1637
