Cyclist -1 -1 -0.3574 580.3224 177.5968 598.6998 203.2351 1.7706 1.9167 0.6558 -0.8362 1.5017 50.6172 -0.3789 0.3954
Cyclist -1 -1 3.0960 520.2308 178.7773 527.2447 196.7953 1.6550 1.8581 0.5557 -7.2074 1.4053 66.9412 2.9842 0.3155
Cyclist -1 -1 -2.7228 338.8457 171.0439 358.6743 195.0966 1.7871 2.0914 0.6290 -19.1158 1.0108 54.4375 -3.0639 0.2553
Car -1 -1 -1.6787 584.0366 179.6378 652.9407 232.6743 1.5043 1.7056 3.7282 0.4173 1.4526 22.3081 -1.6655 0.6791
Car -1 -1 -1.0491 0.0000 211.1089 401.3229 374.0000 1.4913 1.6605 3.9411 -2.5095 1.7391 3.9888 -1.5894 0.6602
Car -1 -1 -1.4385 393.7970 187.8391 511.2184 283.2615 1.4832 1.6447 3.6475 -2.6422 1.6183 13.2857 -1.6368 0.6600
Car -1 -1 -1.2205 89.1708 189.4282 309.3948 306.9888 1.5106 1.8990 3.5117 -6.1123 1.6578 11.3505 -1.7106 0.6574
Car -1 -1 1.5914 523.8963 176.0012 577.6062 221.6808 1.5784 1.8554 3.6796 -1.8759 1.3895 26.7059 1.5167 0.6316
Car -1 -1 1.6144 460.7893 176.5186 504.0948 209.7212 1.5883 2.0168 3.6064 -5.9585 1.3509 36.2738 1.4477 0.4861
Car -1 -1 -0.2409 585.5814 173.8783 613.2378 191.2785 1.5278 3.3003 1.7436 -0.1749 0.8590 64.8832 -0.2486 0.2735
Car -1 -1 2.9562 573.8306 177.3753 605.6901 199.1332 1.5226 3.7015 1.6404 -0.8693 1.2346 52.2471 2.9346 0.2668
Car -1 -1 -0.2408 416.1403 178.9417 462.1059 206.8621 1.5510 4.0064 1.6993 -9.5506 1.4097 42.0728 -0.4678 0.2655
