Pedestrian -1 -1 -1.9092 1055.4827 129.1674 1129.5991 241.4328 1.8741 0.8920 0.6566 8.2644 1.1452 12.4656 -1.3348 0.2707
Pedestrian -1 -1 -2.5617 779.2289 170.4402 793.1787 194.3600 1.8351 1.0253 0.5854 13.6313 1.6502 55.9161 -2.3241 0.2402
Pedestrian -1 -1 0.2414 144.7479 154.9613 174.9707 214.9552 1.8852 0.8122 0.6457 -14.4836 1.3233 23.1563 -0.3126 0.2334
Cyclist -1 -1 0.2800 454.6275 171.3122 470.0779 197.8447 1.8389 1.9286 0.5591 -10.4527 1.7324 50.9874 0.0785 0.2306
Cyclist -1 -1 3.2214 358.6497 166.7392 373.9281 203.5799 1.8577 1.9628 0.5948 -12.6610 1.5497 37.4044 2.8968 0.2095
Cyclist -1 -1 0.6026 254.7802 174.1173 283.7065 205.6740 1.7721 1.8036 0.5851 -19.6317 1.8468 41.5292 0.1633 0.1816
Car -1 -1 -3.0348 719.5526 174.4430 744.0912 193.4588 1.5637 3.7312 1.6863 10.4207 1.7043 61.6912 -2.8686 0.3466
Car -1 -1 -0.9464 50.0292 181.3626 171.2998 218.2559 1.4950 3.9516 1.7554 -21.1396 1.8669 30.5853 -1.5473 0.3297
Car -1 -1 -0.1909 749.2036 177.0912 787.3287 202.5019 1.5319 3.8986 1.6559 10.0326 1.8146 46.1174 0.0215 0.2905
Car -1 -1 2.3042 779.9348 174.9873 824.7825 192.7488 1.5552 3.6835 1.8011 17.4631 1.7558 65.6977 2.5625 0.2660
Car -1 -1 -1.0304 373.7008 176.6680 425.1398 197.0714 1.5492 3.4309 1.8100 -16.5243 1.8556 56.5837 -1.3135 0.2560
Car -1 -1 3.0780 568.0156 175.2349 589.3668 192.4383 1.5699 3.4329 1.7955 -2.9991 1.8011 68.1452 3.0338 0.2495
Car -1 -1 0.0297 251.2004 173.2946 285.5533 201.6151 1.5987 3.6885 1.7279 -20.2641 1.6265 42.8281 -0.4101 0.2050
Car -1 -1 -1.3183 741.5234 176.7286 792.1774 198.7365 1.4740 3.0877 1.8814 10.9321 1.7533 50.3961 -1.1064 0.1967
Car -1 -1 -0.4503 788.8206 175.3716 834.1149 197.7960 1.5274 3.5232 1.7420 14.2910 1.7139 51.4580 -0.1813 0.1924
Car -1 -1 -0.1818 905.3071 172.5808 946.6677 199.6306 1.6333 3.9526 1.6939 19.9138 1.6172 45.6806 0.2266 0.1789
