Pedestrian -1 -1 2.3613 1070.7297 55.7713 1242.0000 375.0000 1.8492 0.7714 0.6572 3.1196 1.2638 4.0399 2.9842 0.3278
Pedestrian -1 -1 1.0527 1156.0123 144.9123 1242.0000 314.3992 1.6906 0.7795 0.6737 6.3194 1.4122 7.5881 1.7277 0.3158
Pedestrian -1 -1 3.3849 31.9799 118.8705 102.5482 259.6369 1.8501 0.5994 0.6429 -7.4680 1.1409 9.8799 2.7505 0.2544
Pedestrian -1 -1 -1.3165 268.6103 178.1229 322.5412 267.6617 1.7031 0.8259 0.6761 -6.2102 1.8098 14.1650 -1.7234 0.2373
Pedestrian -1 -1 2.8178 727.0635 163.9470 759.2538 227.7706 1.7922 0.8134 0.6818 3.7675 1.5424 20.7105 2.9945 0.1800
Pedestrian -1 -1 -0.5189 919.0483 161.3412 965.6441 241.5201 1.7977 0.6620 0.7365 7.5604 1.5399 16.5399 -0.0975 0.1701
Pedestrian -1 -1 0.0132 302.5477 174.7552 325.2050 230.6096 1.7808 0.8204 0.6720 -9.6999 1.8445 23.5405 -0.3741 0.1657
Pedestrian -1 -1 0.2885 425.3359 174.3885 452.2523 228.0301 1.7260 0.8037 0.6575 -5.6524 1.7776 23.6578 0.0560 0.1646
Cyclist -1 -1 3.2240 509.0111 178.5395 523.0347 213.5648 1.6822 1.7804 0.5480 -4.6984 1.9722 35.8468 3.0941 0.2565
Cyclist -1 -1 -0.3042 682.7092 178.7897 698.7264 202.6694 1.7680 1.9796 0.6452 6.1130 2.2291 54.9662 -0.1946 0.2399
Cyclist -1 -1 2.7979 535.7755 178.9226 554.1575 204.8652 1.6849 1.7979 0.6549 -4.3888 2.0991 48.2572 2.7072 0.2175
Cyclist -1 -1 3.1052 544.0023 177.9061 553.6833 202.4969 1.6866 1.8459 0.6104 -4.3432 2.0495 50.8295 3.0199 0.2126
Cyclist -1 -1 -0.3480 697.7339 169.5161 724.7506 212.6937 1.8063 1.8530 0.5493 4.3138 1.6670 31.1452 -0.2123 0.1660
Car -1 -1 1.6511 546.8088 185.8439 586.8987 219.5132 1.5261 1.7008 3.9212 -2.1489 2.2139 36.2056 1.5916 0.6501
Car -1 -1 3.1276 582.3605 178.8112 602.8460 195.7024 1.5029 3.1361 1.8514 -1.6545 2.0691 66.9302 3.1026 0.5223
Car -1 -1 -0.3229 671.3171 177.8538 706.5272 197.6537 1.5353 3.9372 1.6974 6.4000 1.9599 59.1138 -0.2160 0.2776
Car -1 -1 2.7906 689.3312 177.8357 743.8448 208.0229 1.5274 3.6960 1.7488 5.6865 1.8118 39.1508 2.9333 0.2620
Car -1 -1 0.9853 953.4703 170.9424 1242.0000 276.6486 1.5494 3.8636 1.6922 7.7226 1.5217 11.4267 1.5671 0.2017
