Pedestrian -1 -1 0.9527 1129.9381 116.6051 1242.0000 356.4711 1.7905 0.8750 0.6100 4.7162 1.3709 5.7083 1.6178 0.3479
Pedestrian -1 -1 0.2447 286.2407 144.4262 332.5721 241.9030 1.8174 0.8488 0.6361 -5.8351 1.2878 13.9163 -0.1460 0.3429
Pedestrian -1 -1 1.6691 1220.5599 150.2501 1242.0000 212.7377 1.8773 0.8027 0.6833 19.3120 1.1986 22.2007 2.3783 0.2732
Pedestrian -1 -1 3.5641 149.9828 163.7287 196.4773 243.3905 1.7934 0.7666 0.6605 -10.1228 1.5883 16.6602 3.0249 0.2252
Pedestrian -1 -1 1.6345 106.5559 169.9985 159.3590 267.6162 1.7404 0.7693 0.6786 -8.8593 1.6898 13.3458 1.0573 0.2221
Pedestrian -1 -1 0.1286 98.8858 151.7597 163.7290 289.2099 1.7657 0.8808 0.6187 -6.5316 1.4951 9.7972 -0.4472 0.2014
Pedestrian -1 -1 2.1067 681.3444 161.3085 698.9144 194.3623 1.9105 0.7870 0.6763 4.6542 1.2436 42.2094 2.2154 0.1860
Pedestrian -1 -1 2.7570 146.7491 181.2040 171.5947 221.2161 1.7506 0.6105 0.7703 -20.1974 2.1300 32.2620 2.2011 0.1808
Pedestrian -1 -1 -1.6546 762.2902 150.8778 797.7021 218.5677 1.8628 0.9175 0.5634 4.7031 1.2584 20.1968 -1.4296 0.1779
Pedestrian -1 -1 1.8500 262.1125 130.0305 337.0421 261.7820 1.8654 0.8924 0.5289 -4.5682 1.2594 10.5295 1.4493 0.1776
Pedestrian -1 -1 1.8762 323.2865 156.6657 383.2006 258.7697 1.7652 0.8595 0.5989 -4.5894 1.4857 12.7848 1.5375 0.1467
Cyclist -1 -1 -1.1598 1202.0239 152.7926 1242.0000 212.2509 1.7611 1.6592 0.6883 19.3859 1.1673 22.2652 -0.4501 0.2423
Cyclist -1 -1 3.2594 462.0329 173.3746 480.8530 215.9420 1.7448 1.8391 0.5708 -5.8927 1.7678 30.5325 3.0699 0.2037
Cyclist -1 -1 0.2408 151.8719 163.3299 203.9521 242.4823 1.7547 1.8003 0.6299 -10.1644 1.5439 16.9454 -0.2928 0.1797
Cyclist -1 -1 0.1596 482.3575 172.6748 496.3875 204.2381 1.8135 1.8538 0.5261 -7.1111 1.8036 42.3835 -0.0060 0.1640
Cyclist -1 -1 2.1696 71.4755 168.1853 192.9580 263.1112 1.7146 1.8151 0.6826 -8.8936 1.6307 13.3910 1.5922 0.1597
Cyclist -1 -1 3.3929 315.3916 167.4246 359.5709 236.4740 1.7451 1.9294 0.6372 -7.2804 1.6083 19.2263 3.0350 0.1509
Cyclist -1 -1 0.4873 269.2512 192.0325 318.8294 269.2974 1.5690 1.5481 0.3019 -6.9537 2.0108 15.8221 0.0788 0.1489
Car -1 -1 1.1204 675.0547 173.1648 775.4254 213.3753 1.5762 3.5688 2.0163 4.6857 1.5900 29.7886 1.2743 0.5834
Car -1 -1 1.5669 643.2494 175.8231 684.3691 197.1649 1.4956 2.8967 2.0150 3.8392 1.7144 51.9742 1.6398 0.2806
Car -1 -1 3.0195 647.6329 178.6578 686.3054 206.8420 1.5726 3.8236 1.8335 3.3127 1.9347 43.0136 3.0953 0.1443
