Pedestrian -1 -1 0.9601 724.9943 185.6234 759.4033 239.9753 1.7210 0.8202 0.7574 4.2753 2.1482 23.6021 1.1362 0.2551
Pedestrian -1 -1 -2.3293 473.6386 172.7119 489.4796 198.0317 1.8428 1.0676 0.5426 -9.4775 1.8328 53.1013 -2.5054 0.1721
Pedestrian -1 -1 2.3147 1128.2269 153.9778 1170.4351 216.0159 1.8294 0.7562 0.6801 16.1747 1.2731 21.7107 2.9482 0.1636
Cyclist -1 -1 -1.1974 1191.4664 147.4387 1242.0000 207.2126 1.7379 1.6689 0.6925 18.7440 0.9993 21.8741 -0.4956 0.1655
Car -1 -1 -1.5040 616.9311 177.2122 674.3958 228.7150 1.5881 1.7033 4.0096 1.2511 1.7503 24.6900 -1.4548 0.6798
Car -1 -1 -1.1301 0.0000 195.1244 174.0692 375.0000 1.5100 1.6040 3.8391 -6.7696 1.8348 8.4603 -1.7899 0.6083
Car -1 -1 -0.8468 0.0000 198.4937 183.3020 375.0000 1.5317 1.6227 4.0680 -3.9185 1.7272 3.3873 -1.6661 0.4862
Car -1 -1 -0.9450 122.4665 175.1609 253.1946 222.8443 1.6652 3.8500 1.7144 -15.3988 1.7531 26.3428 -1.4698 0.2582
Car -1 -1 2.5459 835.2673 166.3463 877.2648 186.0045 1.6104 3.6289 1.5954 20.7769 1.0777 61.0687 2.8721 0.2138
Car -1 -1 -0.6924 0.0000 163.3463 97.6543 200.0583 1.6396 3.6255 1.7133 -26.0644 1.2153 33.4540 -1.3505 0.1672
Car -1 -1 2.5358 713.1500 179.1340 761.5158 201.2620 1.5063 3.6772 1.6414 9.1525 1.9791 52.2700 2.7077 0.1602
