Pedestrian -1 -1 -0.2498 328.4630 172.3904 359.6709 232.7817 1.7876 0.8787 0.6946 -8.1275 1.7742 21.9133 -0.6015 0.8249
Pedestrian -1 -1 3.4926 0.0000 104.7376 92.5356 334.4648 1.8037 0.8632 0.6179 -5.0060 1.2692 6.1677 2.8316 0.4050
Pedestrian -1 -1 3.2086 174.5238 145.3808 231.2811 271.1355 1.8357 0.8806 0.6959 -6.2826 1.4350 11.0765 2.7025 0.3909
Pedestrian -1 -1 2.9256 529.6934 144.7908 559.9229 221.2809 1.9182 0.6498 0.6464 -1.7246 1.2148 18.4991 2.8333 0.3113
Pedestrian -1 -1 2.3852 1083.8171 138.6635 1203.1462 307.1390 1.7958 0.8281 0.7049 5.9422 1.4317 8.1485 2.9976 0.2852
Pedestrian -1 -1 -0.2965 15.1834 173.7304 40.1757 214.5507 1.8381 0.8458 0.6745 -26.6949 1.8792 33.0258 -0.9724 0.2659
Pedestrian -1 -1 -0.1555 383.0887 158.3307 404.2195 211.1395 1.8181 0.7077 0.6075 -7.6306 1.3185 25.2890 -0.4460 0.2474
Pedestrian -1 -1 2.8825 384.4199 171.3207 415.2305 234.1985 1.7801 0.8223 0.6708 -6.1539 1.7370 20.9492 2.5996 0.2074
Cyclist -1 -1 0.2116 17.7947 175.4473 43.7792 215.8645 1.8061 1.7939 0.5663 -26.7475 1.9295 33.2888 -0.4615 0.3559
Cyclist -1 -1 -3.6102 1111.8879 119.1177 1242.0000 356.6542 1.8220 1.8690 0.5825 5.2580 1.4102 6.5042 -2.9528 0.2933
Cyclist -1 -1 -0.4404 1010.6893 172.3232 1099.9650 275.7423 1.6584 1.7464 0.6020 7.5875 1.6502 12.4654 0.0952 0.2216
Cyclist -1 -1 0.2463 122.7520 184.1002 146.2935 218.5604 1.7249 1.7574 0.6128 -24.8353 2.3267 37.6520 -0.3338 0.2047
Cyclist -1 -1 1.0771 848.6341 150.5308 1013.2799 288.8526 1.7290 1.8755 0.6836 4.1199 1.4503 9.4452 1.4762 0.1989
Cyclist -1 -1 3.5855 129.6943 182.3954 162.6953 218.7317 1.7176 1.8209 0.6452 -22.8651 2.2005 35.5426 3.0170 0.1971
Cyclist -1 -1 0.4730 0.0000 186.2290 37.6649 241.0953 1.6733 1.8493 0.4680 -19.4139 2.1256 23.4212 -0.2136 0.1964
Cyclist -1 -1 3.4703 149.0518 147.5326 247.0184 271.8626 1.7328 1.7765 0.7490 -6.2681 1.3803 10.9943 2.9622 0.1945
Car -1 -1 -2.9540 400.7041 183.7280 614.1774 265.5977 1.5257 1.6579 4.0424 -2.0228 1.7606 14.6235 -3.0900 0.6259
Car -1 -1 2.1923 0.0000 187.0400 268.2186 339.9264 1.4977 3.2193 1.7498 -5.9242 1.6751 8.1146 1.5770 0.4241
Car -1 -1 0.2199 228.2980 187.2719 276.0605 216.9168 1.5675 3.8614 1.6966 -20.9167 2.4536 42.2453 -0.2376 0.2087
