Pedestrian -1 -1 1.0833 492.1516 170.7608 510.4213 196.8259 1.8394 1.1530 0.5781 -7.7856 1.6921 51.4913 0.9336 0.4031
Pedestrian -1 -1 -3.1019 900.5853 138.3602 935.7204 233.6582 1.8617 0.7049 0.6312 6.1667 1.1882 14.5451 -2.7086 0.3986
Pedestrian -1 -1 -1.2690 178.2761 190.7423 202.6383 230.0475 1.7599 0.7847 0.7327 -19.3098 2.5932 33.1513 -1.7932 0.3809
Pedestrian -1 -1 1.0067 689.1787 169.0882 704.8524 192.0601 1.8738 1.1589 0.5630 7.1351 1.5670 59.3578 1.1254 0.2718
Pedestrian -1 -1 -1.0605 1132.4088 166.8887 1172.2025 221.6977 1.8009 0.8410 0.6874 18.1614 1.6052 24.2298 -0.4235 0.2566
Pedestrian -1 -1 -0.5227 754.0526 154.1106 777.4036 201.3219 1.8821 0.7526 0.6313 6.2604 1.1353 29.2178 -0.3141 0.2453
Pedestrian -1 -1 -1.7605 526.9295 176.5036 540.5500 196.4773 1.8367 1.1561 0.6480 -7.1018 2.1784 66.9991 -1.8661 0.2007
Cyclist -1 -1 -0.3984 525.9104 175.1101 540.3140 194.8697 1.7985 1.9303 0.6268 -7.1548 2.0112 66.8966 -0.5049 0.3486
Cyclist -1 -1 -0.4740 248.5929 177.8500 277.2522 212.5552 1.8086 1.8070 0.6288 -18.6231 2.0819 38.6250 -0.9209 0.2891
Cyclist -1 -1 2.5007 687.3198 171.6885 705.1091 193.5277 1.7699 1.7168 0.5292 7.0607 1.6758 59.3492 2.6181 0.2298
Cyclist -1 -1 -0.8143 971.2848 157.6238 1005.9764 191.6191 1.8438 1.8301 0.5409 20.9819 1.0181 40.0842 -0.3353 0.2227
Cyclist -1 -1 3.3252 344.2029 174.9406 362.6667 207.4886 1.7617 1.8506 0.6398 -14.2962 1.8809 40.1378 2.9848 0.2144
Car -1 -1 -1.2712 382.2480 182.0216 439.2214 201.7495 1.5343 4.0422 1.8874 -16.0228 2.2850 58.0532 -1.5396 0.3968
Car -1 -1 3.4607 198.3265 191.5413 278.0282 233.3575 1.4871 4.0749 1.7109 -15.2379 2.3127 29.7158 2.9901 0.3458
Car -1 -1 -1.5470 432.3193 186.2473 497.1261 215.1428 1.5195 3.4721 1.9568 -8.1281 2.2929 40.3775 -1.7449 0.3399
Car -1 -1 3.0704 294.0312 185.9421 333.8370 218.0954 1.5034 3.6409 1.6522 -15.4027 2.2178 37.3596 2.6815 0.2258
Car -1 -1 -1.4342 521.2719 189.2175 550.3950 208.8181 1.5074 1.9470 3.6837 -6.2044 2.9221 60.4896 -1.5365 0.2208
Car -1 -1 -0.7175 724.5132 183.5576 773.4282 204.9915 1.4637 3.2298 1.8582 10.1484 2.2778 52.9932 -0.5298 0.2129
