Pedestrian -1 -1 2.6819 765.2562 176.3176 848.4470 305.2776 1.6800 0.8029 0.8254 2.6304 1.7302 9.9008 2.9329 0.3183
Car -1 -1 -1.5474 520.0859 185.6640 739.6626 375.0000 1.5110 1.6420 3.8661 0.1710 1.6763 7.3258 -1.5272 0.6337
Car -1 -1 -3.1629 583.2778 177.8083 741.4173 243.7902 1.6275 1.6343 3.9409 1.2856 1.7634 18.8354 -3.0967 0.5795
Car -1 -1 -2.5978 157.8615 191.5599 325.3992 247.9589 1.4708 1.5897 3.9723 -10.3836 2.0243 20.3883 -3.0639 0.5779
Car -1 -1 -3.7661 1152.4750 177.8589 1242.0000 212.8986 1.5342 1.5233 3.7643 27.0499 1.7676 32.7159 -3.0800 0.5720
Car -1 -1 -3.5944 951.9071 177.5215 1077.1823 219.7091 1.5490 1.7467 3.8109 15.3890 1.7346 27.6711 -3.0919 0.5591
Car -1 -1 -0.7137 47.1338 186.6125 132.1993 214.7417 1.5487 4.0946 1.8281 -30.6064 2.3842 42.4253 -1.3359 0.5196
Car -1 -1 1.6795 377.8682 184.0797 410.8210 206.7370 1.5336 1.9291 3.5434 -15.7214 2.3830 52.6514 1.3903 0.4948
Car -1 -1 3.2738 425.1942 180.8511 457.5447 203.1727 1.5530 3.8728 1.8471 -12.5230 2.1705 53.6585 3.0452 0.4790
Car -1 -1 3.3861 333.7376 185.3970 372.3974 208.0366 1.5209 3.7641 1.7943 -18.7062 2.4697 52.5990 3.0456 0.3360
