Pedestrian -1 -1 2.5428 99.7599 156.6069 170.4855 262.2852 1.7871 0.8974 0.6472 -8.3870 1.5127 12.6707 1.9675 0.2712
Pedestrian -1 -1 1.9285 145.4609 198.6537 229.2031 310.9178 1.6239 0.9103 0.7231 -6.5105 2.0353 11.0633 1.4065 0.2371
Pedestrian -1 -1 -0.1047 221.7491 174.2398 251.5761 240.3390 1.7652 0.6701 0.6604 -10.2688 1.8044 19.7472 -0.5791 0.2240
Pedestrian -1 -1 1.1976 796.0143 154.0404 874.2368 275.5464 1.8261 1.0263 0.5404 3.4157 1.5437 11.1539 1.4864 0.2164
Pedestrian -1 -1 -2.2161 510.4149 175.3404 523.3951 195.5450 1.8055 1.0159 0.5845 -8.4285 2.0324 65.1776 -2.3445 0.2002
Pedestrian -1 -1 1.8711 395.0638 167.5084 425.9439 217.5634 1.8319 0.9643 0.6136 -7.4275 1.6367 26.7263 1.6022 0.1971
Pedestrian -1 -1 0.8294 1048.8408 164.6082 1130.7749 281.9656 1.6925 0.7964 0.6426 7.1080 1.5739 10.7877 1.3988 0.1859
Pedestrian -1 -1 -0.6102 973.9485 157.7114 1035.6472 256.0392 1.7544 0.7953 0.6572 7.2152 1.4846 13.3061 -0.1232 0.1843
Pedestrian -1 -1 -0.4459 24.9746 162.8321 56.3581 213.2247 1.9005 0.7989 0.6679 -21.8876 1.5229 27.6852 -1.1103 0.1807
Pedestrian -1 -1 -0.4913 792.3664 164.2112 819.4433 214.5935 1.8329 0.7466 0.6946 7.1982 1.5188 26.6890 -0.2311 0.1771
Pedestrian -1 -1 2.0675 1158.1759 155.0499 1242.0000 324.0162 1.7305 0.7769 0.6520 6.5545 1.5485 7.8715 2.7429 0.1736
Cyclist -1 -1 2.5735 678.8401 177.0078 697.0344 198.0730 1.7223 1.8243 0.6268 6.4846 2.0754 60.3234 2.6797 0.3057
Cyclist -1 -1 3.0589 515.9887 178.3882 525.2424 200.2294 1.7357 1.9172 0.5909 -7.3192 2.1950 58.8416 2.9353 0.2869
Cyclist -1 -1 3.0180 473.8974 180.0613 485.2906 204.5795 1.7800 1.8853 0.6094 -9.7850 2.3292 53.9536 2.8391 0.2640
Cyclist -1 -1 -0.0055 512.3970 176.4760 519.4279 196.1018 1.7386 1.7480 0.6186 -8.5210 2.0706 65.1584 -0.1354 0.2302
Cyclist -1 -1 0.4649 405.5643 175.1819 427.3381 205.5705 1.7312 1.7881 0.4782 -11.3334 1.8705 42.1668 0.2035 0.1836
Cyclist -1 -1 -0.1967 748.0079 192.8750 793.7780 302.3435 1.5131 1.4764 0.3793 2.3727 1.8388 10.9812 0.0091 0.1786
Cyclist -1 -1 3.3731 422.1501 178.7486 439.4283 208.2107 1.7659 1.9370 0.6088 -11.1003 2.1386 44.6049 3.1302 0.1727
Cyclist -1 -1 3.3041 301.2844 161.4858 322.2513 203.6964 1.8573 1.9346 0.5717 -13.5641 1.3575 32.7530 2.9141 0.1712
Car -1 -1 1.6327 524.1954 178.8198 563.6531 213.3072 1.5066 1.6271 3.7486 -3.1076 1.8044 34.0715 1.5419 0.5792
Car -1 -1 -0.1857 278.3055 183.7872 309.0039 203.5353 1.5441 3.8870 1.6815 -26.7037 2.4973 60.7977 -0.5982 0.3124
Car -1 -1 0.1963 464.6522 179.9058 497.7252 202.4035 1.5327 3.8269 1.6447 -9.3205 2.0630 52.2932 0.0204 0.2390
Car -1 -1 -0.3151 671.3887 178.2724 714.3511 203.1290 1.5222 3.9361 1.6409 5.3365 1.8926 47.1886 -0.2037 0.2329
Car -1 -1 2.6346 681.5580 174.5670 720.2054 193.9158 1.5393 3.5986 1.6248 7.4628 1.6862 59.7225 2.7580 0.2148
Car -1 -1 3.4671 317.7949 178.2906 375.3438 211.5518 1.6040 3.8684 1.6433 -13.6084 1.9008 37.3825 3.1200 0.1779
