Pedestrian -1 -1 2.3318 1056.5631 119.9968 1195.6229 335.1664 1.8082 0.8234 0.6151 4.5842 1.3644 6.5295 2.9225 0.3271
Pedestrian -1 -1 1.2558 784.1241 147.1503 829.3748 229.9623 1.8946 0.8580 0.6486 4.5374 1.3069 16.8533 1.5138 0.3084
Pedestrian -1 -1 2.9516 397.0810 163.3616 415.2176 206.4644 1.8805 0.7671 0.6400 -9.0737 1.4667 31.9625 2.6769 0.2632
Pedestrian -1 -1 2.6017 172.5196 181.1418 203.6644 228.4958 1.7567 0.8862 0.6628 -16.0910 2.0781 27.4449 2.0754 0.2383
Pedestrian -1 -1 1.7468 876.0033 177.6761 887.4759 201.4136 1.7032 0.6647 0.7301 19.7270 2.0573 52.4483 2.1042 0.2297
Pedestrian -1 -1 -1.9989 407.2226 178.7296 419.0842 200.6719 1.6987 0.7059 0.6144 -15.4578 2.1634 56.5643 -2.2648 0.2270
Cyclist -1 -1 3.0304 407.8590 179.4404 417.8201 200.9330 1.6445 1.7423 0.5647 -15.5181 2.1705 56.6779 2.7640 0.2543
Cyclist -1 -1 0.2576 389.8003 181.9095 402.0666 201.6006 1.7539 1.9675 0.5970 -19.6434 2.5972 66.1706 -0.0302 0.2162
Car -1 -1 1.7876 389.2544 191.4184 461.0245 242.0390 1.4866 1.5704 3.8100 -6.2341 2.1677 24.5288 1.5406 0.7514
Car -1 -1 -1.5444 568.5989 179.9942 622.9005 230.1875 1.5153 1.6807 3.7944 -0.4757 1.7742 24.2236 -1.5646 0.6537
Car -1 -1 2.5459 1050.6124 166.1410 1168.8615 211.1124 1.5809 4.0082 1.7056 18.7479 1.3452 27.3654 3.1412 0.5303
Car -1 -1 -1.2801 348.7803 173.6028 398.9685 190.9067 1.5837 4.0874 1.8093 -21.9354 1.6546 67.0697 -1.5952 0.3004
Car -1 -1 -0.4578 497.9520 184.1460 540.9297 206.7486 1.5653 3.5927 1.7803 -6.8277 2.4411 53.9440 -0.5835 0.2639
Car -1 -1 1.0337 838.6863 173.6894 882.9955 191.1476 1.5295 3.3279 1.7246 22.3902 1.6059 64.5057 1.3660 0.2605
Car -1 -1 2.3715 1146.5337 168.1486 1242.0000 222.2008 1.5533 3.6083 1.6749 19.0224 1.4184 22.5954 3.0646 0.2072
