Pedestrian -1 -1 -2.3868 591.3493 170.6619 606.2815 198.2590 1.8011 0.8174 0.5835 -0.7674 1.6584 47.5862 -2.4032 0.2806
Pedestrian -1 -1 -1.0870 672.5569 173.2874 700.6138 220.8069 1.7135 0.7944 0.6963 2.7745 1.7301 26.5348 -0.9847 0.2641
Pedestrian -1 -1 -2.1958 652.1556 172.3061 661.4965 191.7992 1.6606 0.5010 0.6712 3.9932 1.6143 61.8832 -2.1321 0.2363
Pedestrian -1 -1 -2.0267 657.8239 168.2624 670.0413 192.1043 1.7366 0.6651 0.6746 3.9319 1.4025 52.9893 -1.9534 0.2284
Cyclist -1 -1 -0.2493 592.6770 168.3604 622.2303 219.9385 1.8156 2.0767 0.5833 -0.1562 1.6578 26.4744 -0.2559 0.7418
Cyclist -1 -1 3.4826 0.0000 180.7047 103.8452 375.0000 1.7076 1.7459 0.5088 -5.2390 1.7889 6.5205 2.8253 0.3437
Cyclist -1 -1 -2.1117 0.0000 153.5856 67.1516 252.3432 1.7318 1.6770 0.7441 -11.3905 1.3943 13.5646 -2.8006 0.2409
Cyclist -1 -1 -3.2206 664.2101 170.8331 687.2715 218.8861 1.7080 1.7891 0.6981 2.3604 1.6365 26.5406 -3.1336 0.2301
Cyclist -1 -1 -0.3184 589.3096 171.8067 606.2970 198.8344 1.7475 1.7384 0.6034 -0.8434 1.6801 47.5688 -0.3365 0.2263
Car -1 -1 -2.6340 68.6518 195.7252 338.9929 284.8505 1.4859 1.5869 4.0801 -7.3682 1.9321 13.2528 -3.1334 0.6290
Car -1 -1 3.3675 347.4704 186.5577 462.6472 231.3197 1.4723 1.6080 3.5941 -7.1214 1.9675 25.1628 3.0939 0.5908
Car -1 -1 -2.4899 1040.1801 188.6637 1242.0000 375.0000 1.5405 1.6858 4.0858 3.7261 1.6474 2.7844 -1.6112 0.4964
Car -1 -1 0.9875 926.0635 167.1508 1242.0000 304.9187 1.5899 3.5692 1.6796 6.1229 1.5244 9.1828 1.5601 0.3117
Car -1 -1 -0.9543 0.0000 200.3649 97.9545 375.0000 1.5231 1.6073 3.8797 -5.5605 1.7962 5.0936 -1.7574 0.2806
