Pedestrian -1 -1 -0.0772 72.5093 169.5311 105.1348 238.2567 1.8183 0.8351 0.6603 -14.2238 1.7308 19.6196 -0.6982 0.3612
Pedestrian -1 -1 2.0991 938.3760 180.2811 975.8483 233.6048 1.7084 0.8153 0.8209 11.4223 1.9600 23.8403 2.5403 0.3255
Pedestrian -1 -1 -0.5691 903.7040 139.0818 966.4716 243.1895 1.8690 0.8685 0.7039 5.9865 1.2631 13.4350 -0.1585 0.2680
Pedestrian -1 -1 1.1127 922.8303 179.5009 965.3723 243.7673 1.6888 0.8306 0.6540 8.9128 1.8708 19.3694 1.5374 0.2542
Pedestrian -1 -1 0.2413 188.2929 173.8809 220.6996 236.9500 1.7624 0.7549 0.6442 -11.6289 1.7927 20.6231 -0.2669 0.1962
Pedestrian -1 -1 2.6197 868.2532 157.2125 907.0737 222.7006 1.8362 0.8520 0.7058 7.9122 1.3980 20.7060 2.9795 0.1915
Pedestrian -1 -1 3.0501 216.0859 183.9030 253.3912 251.1197 1.6567 0.7350 0.7857 -9.6605 1.9480 18.4737 2.5738 0.1767
Cyclist -1 -1 -0.6621 823.7989 160.3966 861.5267 202.3534 1.8777 1.9548 0.5698 10.6792 1.3206 33.3046 -0.3547 0.3493
Cyclist -1 -1 -0.2332 779.4109 192.3001 808.6226 258.1562 1.6814 1.6033 0.4010 4.9601 2.2344 19.6974 0.0088 0.3334
Cyclist -1 -1 -3.1110 718.9321 171.2224 729.0022 197.8599 1.7159 1.7099 0.6052 7.4574 1.6111 47.3719 -2.9562 0.3123
Cyclist -1 -1 2.5194 962.1270 164.5658 1055.7869 249.8602 1.7148 1.9969 0.7188 8.4828 1.5486 15.5407 3.0104 0.2953
Cyclist -1 -1 -0.3746 934.9446 179.4398 973.6395 232.3014 1.6735 1.6741 0.5730 11.3399 1.8998 23.9053 0.0629 0.2602
Cyclist -1 -1 0.0894 377.1501 184.5107 394.7155 225.4935 1.6323 1.5499 0.5612 -9.3540 2.1309 30.0171 -0.2107 0.2518
Cyclist -1 -1 -0.5117 917.9463 179.4716 968.4890 244.4480 1.6559 1.6331 0.4832 8.8802 1.8418 19.3902 -0.0887 0.2170
Cyclist -1 -1 2.0834 189.5700 182.7732 285.9011 251.0226 1.6842 1.9743 0.9646 -9.5533 1.9458 18.4768 1.6117 0.2123
Cyclist -1 -1 -3.2468 727.0795 176.3262 739.4838 202.2254 1.7477 1.8696 0.6477 8.4880 1.9927 49.8952 -3.0798 0.2041
Cyclist -1 -1 2.6712 859.8656 156.2189 911.3594 219.6931 1.7501 1.7468 0.6547 7.8679 1.2918 20.7959 3.0278 0.2026
Cyclist -1 -1 3.3433 335.9706 178.0904 360.4891 221.4760 1.7105 1.8417 0.5876 -10.7753 1.9328 29.6277 2.9970 0.1959
Cyclist -1 -1 1.2998 836.7462 169.8286 957.3254 265.6302 1.6736 1.9032 0.7069 5.1010 1.6211 13.0430 1.6641 0.1932
Cyclist -1 -1 -0.8623 1137.7952 151.9315 1242.0000 244.2111 1.7631 1.9569 0.7376 11.9877 1.3637 14.8138 -0.1920 0.1908
Car -1 -1 1.8621 178.2772 194.4303 452.2259 373.0137 1.5381 1.9266 3.6338 -3.1865 1.8496 8.5325 1.5137 0.7132
Car -1 -1 -1.4638 483.3819 171.4015 538.8373 191.7040 1.4835 3.9202 1.7689 -7.3458 1.3777 53.6610 -1.5994 0.2539
Car -1 -1 -0.6615 816.3677 172.6809 927.6407 222.3034 1.5824 3.7928 1.6245 8.9382 1.5772 25.0622 -0.3232 0.2176
Car -1 -1 -3.0730 710.1155 175.0884 738.0519 198.6360 1.5371 4.0158 1.6342 7.8544 1.6979 49.6428 -2.9174 0.2125
Car -1 -1 0.0573 663.3868 176.3610 686.6655 195.8191 1.5234 3.7348 1.6952 5.3366 1.8209 59.1678 0.1464 0.1981
Car -1 -1 3.1034 548.2726 181.6589 569.7713 201.1032 1.5017 3.6281 1.6205 -4.2410 2.2492 59.3285 3.0319 0.1938
Car -1 -1 2.0329 437.4560 171.3749 503.1151 197.4788 1.6810 3.9137 1.7263 -9.2766 1.5862 47.8190 1.8420 0.1773
Car -1 -1 -0.2697 441.0187 178.4493 486.8734 207.8471 1.5766 3.8380 1.6200 -8.4904 1.9153 41.5606 -0.4704 0.1762
Car -1 -1 -0.1304 718.9041 174.6198 758.2609 204.0294 1.5686 4.0481 1.6609 7.1775 1.6738 40.7847 0.0421 0.1743
