Car -1 -1 -1.8401 1120.4332 173.2052 1242.0000 326.2661 1.6111 1.6538 3.9378 8.2978 1.6173 9.7369 -1.1498 0.7114
Car -1 -1 -0.0954 317.8980 172.3346 621.1490 293.0612 1.6034 1.6731 4.2166 -2.1453 1.5968 10.9756 -0.2850 0.6676
Car -1 -1 -1.5023 884.9556 172.5754 941.8674 214.4294 1.5419 1.8598 3.4000 11.9931 1.5320 28.5150 -1.1084 0.5790
Car -1 -1 -1.3453 750.6905 177.7333 851.9594 244.7561 1.5279 1.8160 3.4744 4.9871 1.6679 18.6913 -1.0893 0.5253
Car -1 -1 -1.8051 1099.2013 173.1218 1214.7709 235.4727 1.5142 1.6465 3.6389 14.6021 1.5225 19.5332 -1.1709 0.4512
Car -1 -1 -3.0464 916.7234 174.0364 965.7900 208.7530 1.4909 3.4192 1.7381 15.1614 1.5486 33.0303 -2.6199 0.3664
Car -1 -1 0.7754 1101.8188 172.7304 1242.0000 226.4763 1.5428 1.6387 3.8974 17.7845 1.5396 22.7519 1.4321 0.3486
Car -1 -1 -3.4225 1188.0699 165.1012 1242.0000 191.2284 1.5536 3.6009 1.7703 37.6424 1.0930 44.9073 -2.7283 0.2709
Car -1 -1 -3.0367 682.2420 172.3098 706.0509 189.8936 1.5969 3.3854 1.8683 7.8633 1.5478 67.3788 -2.9213 0.2671
Car -1 -1 0.8005 1033.2972 172.1692 1095.8689 193.4928 1.5195 3.6452 1.7990 33.1388 1.4710 52.6749 1.3593 0.2533
