Pedestrian -1 -1 0.9055 1029.8173 147.5814 1217.0391 375.0000 1.7294 0.9519 0.6355 3.7359 1.5538 5.3773 1.4865 0.1666
Pedestrian -1 -1 1.4085 679.8165 186.1561 721.1541 257.9569 1.6332 0.8627 0.6478 2.0588 1.9511 16.8791 1.5267 0.1565
Pedestrian -1 -1 1.7754 424.4518 171.2138 440.7692 195.6904 1.7762 1.0478 0.6482 -12.9808 1.6575 52.7002 1.5347 0.1215
Pedestrian -1 -1 -0.7153 398.5496 179.1252 417.0211 213.4452 1.7635 0.5946 0.7149 -10.6024 2.0956 37.7033 -0.9881 0.1184
Cyclist -1 -1 0.0934 426.5767 170.6737 438.0753 195.9631 1.8136 1.9756 0.6353 -13.0130 1.6576 52.7643 -0.1475 0.2658
Cyclist -1 -1 3.2875 401.8475 182.2822 417.9719 214.4423 1.6217 1.5895 0.5868 -10.4800 2.1253 37.6893 3.0177 0.2356
Cyclist -1 -1 -2.9952 631.9586 177.8265 646.0837 206.4943 1.7370 1.8789 0.6170 1.7877 2.0545 45.0368 -2.9563 0.1566
Cyclist -1 -1 0.2891 0.0000 166.1137 56.9217 249.0977 1.7836 1.8282 0.6259 -13.3627 1.6391 16.4703 -0.3848 0.1308
Cyclist -1 -1 0.5256 74.4801 165.8768 144.5683 230.0378 1.7069 1.8040 0.8037 -13.9612 1.5216 20.1217 -0.0749 0.1288
Cyclist -1 -1 0.3521 355.1923 184.5966 376.1504 219.9290 1.6602 1.6902 0.4134 -11.9858 2.2492 35.3161 0.0268 0.1189
Car -1 -1 1.7562 363.9221 182.8386 486.1819 271.3203 1.5915 1.8123 3.8795 -3.8330 1.8327 15.4109 1.5156 0.7524
Car -1 -1 1.4518 517.8264 181.8438 559.8619 212.6048 1.5161 1.8342 3.4014 -3.8765 2.0194 38.5061 1.3516 0.5501
Car -1 -1 -0.3169 483.7569 187.0757 526.8906 212.3627 1.4989 3.2405 1.8424 -6.8410 2.4569 46.7223 -0.4620 0.2297
Car -1 -1 1.5765 617.6548 180.8207 675.9500 204.4957 1.5802 3.9475 1.7297 2.5088 2.1410 49.7847 1.6260 0.1396
Car -1 -1 1.7746 319.0333 176.2390 392.4960 206.7563 1.6302 3.5630 1.6556 -14.0171 1.8223 39.8306 1.4380 0.1190
