Pedestrian -1 -1 0.2099 199.2094 143.1515 229.4415 212.3348 1.9127 0.7874 0.6036 -10.9724 0.8537 20.3202 -0.2848 0.2892
Car -1 -1 -1.2684 178.1458 191.4826 435.1436 371.6631 1.4953 1.5393 3.6615 -3.0119 1.6343 8.0338 -1.6227 0.7328
Car -1 -1 -1.4632 502.7244 177.1321 590.0383 251.6076 1.5761 1.6790 3.8590 -1.2341 1.4849 17.1540 -1.5394 0.6843
Car -1 -1 1.8355 301.5630 185.4096 397.0582 244.9868 1.4684 1.6515 3.3170 -6.8113 1.5858 19.6391 1.5004 0.6318
Car -1 -1 1.5881 601.8239 174.2833 644.7393 214.1033 1.5274 1.6474 3.4678 0.8918 1.2516 29.3174 1.6132 0.5723
Car -1 -1 3.2365 458.4516 177.9366 499.9516 209.8538 1.5240 4.0334 1.7130 -6.1366 1.3548 36.3732 3.0654 0.4974
Car -1 -1 0.1774 578.8079 175.4949 626.6531 209.1657 1.5689 3.9797 1.7128 0.1165 1.2900 35.5775 0.1756 0.4232
Car -1 -1 -1.5200 508.6721 175.4722 568.8744 228.2111 1.5990 1.8029 3.7191 -2.0109 1.4173 23.6691 -1.6091 0.3899
Car -1 -1 0.1589 112.7900 184.5080 152.8057 209.0257 1.5062 3.7699 1.6118 -30.3886 1.7109 46.6776 -0.4206 0.2808
Car -1 -1 3.0749 131.9971 181.8149 161.7951 202.7981 1.5313 3.6504 1.6563 -34.4490 1.5566 54.4378 2.5079 0.2659
Car -1 -1 3.4835 236.2138 179.4659 289.7903 208.0772 1.6238 4.0135 1.6501 -20.1071 1.5092 42.8455 3.0421 0.2609
