Pedestrian -1 -1 2.7877 668.4303 163.7506 696.5329 219.6116 1.8096 0.7788 0.6947 2.3438 1.5150 23.8358 2.8839 0.2493
Cyclist -1 -1 -0.2733 577.4399 171.6104 600.1022 207.9132 1.7823 1.9139 0.6476 -1.1224 1.7216 36.4321 -0.3044 0.3159
Cyclist -1 -1 2.2854 96.7282 167.5657 229.1359 265.6424 1.6889 1.9840 0.8135 -8.0797 1.5982 12.9886 1.7378 0.2499
Car -1 -1 1.8371 280.9134 188.1378 492.5005 336.1058 1.4910 1.6820 3.5942 -2.7130 1.7296 9.4434 1.5637 0.6790
Car -1 -1 -0.2342 472.1474 178.4479 501.4565 197.4326 1.5186 3.5996 1.6433 -10.4411 2.0061 60.8565 -0.4038 0.4943
Car -1 -1 -0.7829 0.0000 198.5051 222.2795 375.0000 1.5482 1.6596 4.0448 -3.2960 1.7160 2.6377 -1.6298 0.3966
Car -1 -1 0.0072 28.0384 167.3516 184.4363 297.0849 1.6206 4.2459 1.6859 -7.8013 1.5522 11.2442 -0.5885 0.3758
Car -1 -1 3.0100 455.1778 180.9430 486.8828 204.1120 1.5422 3.8748 1.7295 -10.0035 2.1448 51.6106 2.8191 0.3492
Car -1 -1 -1.3710 369.9460 182.1070 481.0512 265.3883 1.5704 1.6252 3.8596 -3.9913 1.8012 16.0012 -1.6124 0.3216
Car -1 -1 1.8981 364.1654 168.1375 452.4673 207.4005 1.8061 3.6660 1.7242 -9.5397 1.5895 34.1524 1.6274 0.3070
Car -1 -1 2.6456 0.0000 175.7380 248.9806 375.0000 1.6177 3.3747 1.5779 -5.5323 1.6527 7.2229 2.0094 0.2684
