Pedestrian -1 -1 3.0798 449.2777 171.1815 479.7281 233.0592 1.7370 0.9279 0.8040 -4.2499 1.6904 20.8034 2.8802 0.4070
Pedestrian -1 -1 2.0117 208.4715 167.6369 255.2279 235.0330 1.8754 0.9829 0.6640 -10.7422 1.7306 20.4254 1.5326 0.3015
Cyclist -1 -1 -0.1846 423.7077 178.4144 435.8564 199.8376 1.6909 1.7672 0.6397 -14.6096 2.1483 58.3703 -0.4291 0.3245
Cyclist -1 -1 0.2241 442.6989 171.8944 481.2894 234.7260 1.7438 1.7535 0.7239 -4.3130 1.7175 20.9071 0.0225 0.3097
Car -1 -1 -1.6495 625.9871 175.3657 678.6477 220.5531 1.5637 1.6588 3.8078 1.4778 1.6651 27.1046 -1.5963 0.6229
Car -1 -1 -0.5446 897.9239 157.7005 984.2061 196.4080 1.6146 3.6540 1.8352 14.5510 0.9829 32.0198 -0.1217 0.4989
Car -1 -1 -0.5415 974.1053 150.6188 1091.5575 193.5588 1.5692 1.9047 3.3369 15.9106 0.7570 27.3492 -0.0194 0.3984
Car -1 -1 3.3186 202.2966 181.8393 234.4423 201.8859 1.5388 3.7679 1.6794 -32.1513 2.3028 59.2732 2.8233 0.3826
Car -1 -1 -0.1018 573.5065 170.2740 618.8900 205.4829 1.5533 3.8529 1.7325 -0.7434 1.4398 33.8476 -0.1241 0.3577
Car -1 -1 2.5286 881.7924 173.1877 955.3279 204.1208 1.4926 3.4403 1.7726 15.5919 1.5108 36.7226 2.9268 0.3027
Car -1 -1 -1.8905 856.5539 165.6289 920.3375 187.2259 1.5338 3.9205 1.8623 20.0950 1.0210 52.2587 -1.5255 0.2850
Car -1 -1 1.3486 858.0552 171.7503 922.9267 193.8632 1.4990 3.8923 1.7952 19.3871 1.4246 50.0793 1.7157 0.2729
Car -1 -1 -0.2566 628.6025 174.8737 680.4086 208.1102 1.5696 3.8459 1.6710 2.1443 1.6776 36.3724 -0.1987 0.2469
Car -1 -1 -3.5991 1138.2583 147.9133 1242.0000 209.9234 1.5637 3.5142 1.6689 16.4798 0.9351 20.0897 -2.9193 0.2422
