Pedestrian -1 -1 -3.6932 1054.9296 148.4027 1151.0995 297.1967 1.7413 0.8010 0.6419 5.9673 1.4555 8.8500 -3.1159 0.3141
Pedestrian -1 -1 -1.4435 982.8047 168.1297 1049.1010 286.7146 1.6819 0.7926 0.6412 5.9825 1.6153 10.7229 -0.9471 0.3036
Pedestrian -1 -1 2.0794 1077.8420 154.8840 1124.2124 229.8322 1.8413 0.7131 0.7128 12.3363 1.4002 18.2037 2.6671 0.2516
Pedestrian -1 -1 2.3726 947.6866 156.7184 1014.4058 266.0868 1.7914 0.7828 0.6463 6.2548 1.5275 12.2868 2.8331 0.2343
Cyclist -1 -1 -0.6281 1105.7162 132.6712 1242.0000 329.6403 1.7741 1.9367 0.4863 5.9668 1.4126 7.4706 0.0262 0.2505
Cyclist -1 -1 -0.4836 937.8189 158.4280 1025.7905 270.4422 1.7813 1.7663 0.5600 6.2654 1.5522 12.3612 -0.0248 0.2368
Car -1 -1 -1.8363 759.9774 185.7898 1001.6613 352.2391 1.5216 1.6536 3.9250 2.9527 1.7173 8.9001 -1.5271 0.8604
Car -1 -1 -1.7611 709.0178 183.7981 838.3804 277.9113 1.5201 1.6723 3.9531 2.9702 1.7645 14.0997 -1.5588 0.8520
Car -1 -1 0.1573 486.1163 182.7573 553.3839 229.7322 1.5400 3.8760 1.8574 -3.2638 1.9304 26.4509 0.0351 0.6984
Car -1 -1 -1.6776 654.5394 182.4282 699.8005 219.0365 1.4888 1.5973 3.8456 2.9065 1.9434 32.2923 -1.5893 0.6283
Car -1 -1 1.6944 640.3102 181.0810 672.4891 206.5454 1.5549 1.6583 3.7959 3.0543 2.1186 47.3801 1.7579 0.4960
Car -1 -1 -1.8144 664.0837 166.4727 760.3984 231.5206 1.6551 1.7549 3.9720 2.7228 1.4931 20.4293 -1.6845 0.3786
Car -1 -1 2.6853 501.3248 181.9986 560.2676 213.0579 1.5133 3.6802 1.6535 -4.2889 2.0247 38.3247 2.5740 0.3159
