Pedestrian -1 -1 1.4331 542.7965 168.6189 569.7913 221.7498 1.8455 0.8565 0.7443 -1.9487 1.6988 25.5144 1.3570 0.2504
Pedestrian -1 -1 -1.3567 971.1716 170.9651 986.4566 202.9542 1.6675 0.5977 0.6390 19.4118 1.5693 38.0443 -0.8884 0.1973
Pedestrian -1 -1 1.3286 1079.2671 155.2549 1185.9296 318.3929 1.6816 0.7951 0.6715 5.6271 1.5005 7.8887 1.9300 0.1945
Pedestrian -1 -1 -3.0007 733.8965 179.9345 745.6326 207.2937 1.7742 0.6864 0.6714 8.5035 2.2443 47.4412 -2.8250 0.1849
Cyclist -1 -1 1.2508 858.9220 163.0366 908.6403 205.8128 1.7980 1.8747 0.6241 11.5865 1.3857 30.6728 1.6084 0.4446
Cyclist -1 -1 -2.9731 517.9304 167.4661 551.6176 234.0960 1.8002 1.8400 0.6517 -2.1567 1.6550 20.4304 -3.0776 0.3472
Cyclist -1 -1 -0.2086 536.5086 163.0455 552.3234 194.5168 1.8861 2.0494 0.5521 -4.0694 1.2986 44.2992 -0.3000 0.2547
Cyclist -1 -1 -0.5458 963.3344 172.9246 992.0362 204.0308 1.6076 1.6838 0.5523 19.3898 1.6117 38.1510 -0.0791 0.2544
Cyclist -1 -1 -0.2290 545.3719 170.3567 577.9276 221.2243 1.7397 1.7773 0.7663 -1.7789 1.6546 25.6358 -0.2982 0.2395
Cyclist -1 -1 0.8842 1056.0055 149.7053 1242.0000 310.5497 1.6672 1.9493 0.7265 6.0096 1.4276 7.8919 1.5166 0.2206
Cyclist -1 -1 0.1314 216.6172 151.2921 248.7390 216.3808 1.7736 1.7615 0.5806 -10.7932 1.1864 20.5857 -0.3464 0.1984
Cyclist -1 -1 2.3605 1068.0906 161.1203 1110.5331 197.6464 1.7895 1.8757 0.6396 24.0729 1.2150 36.3302 2.9417 0.1892
Car -1 -1 0.2492 431.0560 176.3512 530.4571 241.9988 1.5568 4.0313 1.6709 -3.3902 1.6613 19.4038 0.0778 0.6055
Car -1 -1 0.7681 1086.9185 162.9395 1200.4624 204.1649 1.6388 3.5545 1.8360 22.0215 1.2450 29.8897 1.3981 0.5267
Car -1 -1 2.8671 731.5201 175.7572 777.8762 204.2087 1.5948 4.0219 1.6610 8.5151 1.7763 42.9359 3.0611 0.3551
Car -1 -1 3.4023 154.3133 140.5386 384.9082 304.3514 1.8192 4.3240 1.7975 -4.5419 1.4607 10.2803 2.9952 0.2841
Car -1 -1 2.3619 707.8745 177.8352 750.2332 195.5150 1.5306 3.5398 1.8352 10.7699 1.9972 65.5512 2.5236 0.1879
