Pedestrian -1 -1 0.2846 272.6921 176.9395 290.3408 212.2072 1.8022 0.6594 0.6726 -17.0277 2.0161 37.3286 -0.1409 0.2741
Pedestrian -1 -1 2.7369 658.6301 170.8186 674.6274 200.6070 1.7807 0.8443 0.6864 3.3889 1.6594 43.6409 2.8134 0.2468
Pedestrian -1 -1 2.1257 518.0416 180.1043 535.7542 211.1322 1.6978 0.6967 0.7369 -4.6616 2.1068 40.1847 2.0104 0.2194
Pedestrian -1 -1 2.1541 1186.1580 142.9118 1242.0000 264.0234 1.7955 0.7653 0.6629 9.5019 1.3520 11.1568 2.8463 0.1644
Pedestrian -1 -1 3.2981 141.3737 179.5070 176.8038 246.3293 1.7145 0.8362 0.6717 -11.9911 1.8960 19.1283 2.7442 0.1629
Pedestrian -1 -1 -1.0955 430.8991 181.1089 449.4926 212.4347 1.6920 0.7420 0.7323 -9.3640 2.1511 39.6502 -1.3264 0.1525
Pedestrian -1 -1 1.3897 578.6576 161.0294 630.1738 266.4019 1.7999 0.7919 0.7094 -0.1604 1.5982 12.7463 1.3762 0.1483
Cyclist -1 -1 -0.1845 659.1685 171.7736 673.3887 200.6821 1.7134 1.7008 0.5507 3.3626 1.6497 43.6370 -0.1086 0.4059
Cyclist -1 -1 0.1410 272.9134 177.0335 289.5032 211.5012 1.7344 1.7780 0.5373 -17.0969 1.9571 37.4589 -0.2848 0.2665
Cyclist -1 -1 3.5294 254.6807 189.7278 275.8725 227.0638 1.6280 1.5557 0.3060 -15.7733 2.4174 32.9532 3.0857 0.1993
Cyclist -1 -1 -0.0801 289.1114 177.1629 300.0293 196.2151 1.7179 1.7726 0.7829 -29.0783 2.1209 66.4587 -0.4914 0.1921
Cyclist -1 -1 3.4693 239.2690 182.1102 264.7500 222.7534 1.6230 1.7087 0.4215 -14.9533 2.0206 30.0835 3.0112 0.1874
Cyclist -1 -1 -0.0860 433.3192 180.5115 447.2649 211.0540 1.6221 1.7828 0.5956 -9.3876 2.0540 39.7278 -0.3170 0.1776
Cyclist -1 -1 -0.2669 513.8845 179.1885 532.9671 210.5074 1.6895 1.7577 0.6124 -4.8715 2.0512 40.2270 -0.3872 0.1712
Cyclist -1 -1 -0.1906 581.4394 161.0962 637.8742 266.1987 1.7439 1.7322 0.6794 -0.0887 1.5491 12.8851 -0.1986 0.1525
Car -1 -1 3.1364 456.7566 180.2100 492.4146 212.5894 1.5079 3.7099 1.6838 -6.8920 1.9004 36.4800 2.9505 0.5877
Car -1 -1 3.2190 231.7195 177.4491 277.7669 213.3998 1.6269 4.1387 1.7041 -17.4264 1.8673 35.4582 2.7649 0.2841
Car -1 -1 -0.4488 534.3375 178.4573 570.3386 196.5548 1.5551 3.6438 1.8463 -5.2661 2.0784 65.2981 -0.5294 0.2006
Car -1 -1 -0.1327 338.1912 185.7855 383.7830 218.6546 1.5113 3.8871 1.7062 -12.8365 2.2121 36.9601 -0.4652 0.1702
Car -1 -1 2.4220 645.0926 178.4810 695.0084 200.1904 1.5030 3.5976 1.6919 4.3436 1.9312 52.9091 2.5030 0.1694
Car -1 -1 3.0490 566.4259 180.9675 596.2234 203.8932 1.4913 3.5447 1.7414 -2.0555 2.0764 50.1306 3.0078 0.1628
Car -1 -1 -0.4040 538.8315 178.9079 577.1608 199.1628 1.5402 3.8279 1.7126 -4.2545 2.0465 58.2084 -0.4771 0.1609
