Pedestrian -1 -1 1.8664 76.5410 189.1023 115.9202 242.6028 1.7276 0.9181 0.6482 -17.1400 2.2791 24.0225 1.2517 0.3196
Pedestrian -1 -1 1.4658 681.7719 170.9748 694.1256 192.5239 1.8873 1.0211 0.6150 6.8363 1.7230 63.4973 1.5722 0.2521
Pedestrian -1 -1 -1.7841 470.7699 177.7354 478.3217 195.6422 1.6572 0.5628 0.6773 -12.6780 2.1166 67.4254 -1.9696 0.2358
Pedestrian -1 -1 0.4752 288.9846 169.1557 309.3658 208.8904 1.8426 0.6623 0.6456 -14.6010 1.6715 33.8106 0.0701 0.2305
Cyclist -1 -1 3.1989 389.1486 182.3303 400.8283 212.1641 1.6381 1.7188 0.5397 -12.2711 2.1899 41.0844 2.9100 0.5560
Cyclist -1 -1 3.1385 470.9189 178.9946 477.7836 198.0051 1.7329 1.9269 0.6217 -12.6975 2.3156 67.4207 2.9527 0.3347
Cyclist -1 -1 -0.3853 523.2972 179.4857 538.4164 200.3916 1.6794 1.8022 0.6047 -6.5558 2.2351 59.4894 -0.4950 0.2958
Cyclist -1 -1 0.5232 140.4004 184.3969 184.7821 234.9634 1.6269 1.6089 0.5401 -15.1474 2.0305 24.3933 -0.0279 0.2418
Car -1 -1 -2.6599 151.3966 193.3856 372.4194 264.5430 1.4973 1.7192 4.2991 -7.9772 1.9992 16.6743 -3.1004 0.6511
Car -1 -1 2.7500 519.7999 179.3401 552.2515 196.7948 1.5204 3.5314 1.7470 -6.8405 2.1343 66.2799 2.6472 0.4005
Car -1 -1 0.0732 427.1981 179.2292 450.6556 198.2217 1.5298 3.6321 1.6790 -14.5343 2.0892 61.3363 -0.1589 0.3542
Car -1 -1 -2.1443 1041.5792 163.8594 1200.0106 220.9722 1.7893 3.8732 1.7975 16.5319 1.5079 23.5630 -1.5388 0.3262
Car -1 -1 1.1772 863.2960 171.5549 921.8074 193.6152 1.5533 3.5150 1.7103 20.1843 1.4622 51.6973 1.5472 0.3154
Car -1 -1 -1.8433 789.2670 169.9972 849.3444 191.8296 1.5339 3.7759 1.8104 14.9048 1.3335 51.6080 -1.5640 0.3051
Car -1 -1 -1.3756 770.0132 167.1306 817.1741 185.9069 1.5387 3.5597 1.8358 15.4296 1.0700 60.7178 -1.1281 0.2734
Car -1 -1 -1.3544 474.5715 185.3404 529.2238 206.9424 1.4846 3.5859 1.7332 -7.7478 2.3969 51.7100 -1.5029 0.2731
Car -1 -1 -1.5336 502.4804 182.9524 551.0449 203.0923 1.5293 3.7391 1.7910 -6.5504 2.3401 56.8642 -1.6482 0.2596
