Pedestrian -1 -1 -0.0851 699.9121 160.2732 731.9514 230.2512 1.7586 0.8124 0.7448 2.8087 1.2519 18.1940 0.0672 0.6407
Pedestrian -1 -1 3.1482 429.3581 162.1283 444.2876 205.0301 1.8132 0.7773 0.6155 -7.2310 1.0382 30.3253 2.9183 0.5166
Pedestrian -1 -1 2.5511 806.9838 162.8862 824.1331 193.1595 1.7793 0.7781 0.6535 12.5060 0.7454 42.0206 2.8400 0.2419
Pedestrian -1 -1 2.2003 1106.3889 121.1559 1156.7662 203.8814 1.8881 0.7378 0.5962 12.2998 0.5353 16.5750 2.8314 0.2333
Pedestrian -1 -1 2.9955 502.7031 166.2210 530.0434 222.6140 1.7488 0.9892 0.7276 -2.8589 1.3076 22.4951 2.8726 0.2250
Pedestrian -1 -1 2.5257 881.6236 163.3109 916.0150 222.2621 1.7135 0.7830 0.5987 8.6858 1.2154 20.9947 2.9143 0.2228
Pedestrian -1 -1 1.5981 24.3924 174.8235 52.6460 220.4657 1.7953 0.8617 0.7046 -22.7282 1.5736 28.3470 0.9294 0.2178
Cyclist -1 -1 -0.1043 634.8712 160.0423 674.0428 247.0693 1.8354 1.8487 0.6783 1.0434 1.4055 15.8430 -0.0381 0.6948
Cyclist -1 -1 3.1952 503.9319 167.5992 526.1978 225.0014 1.7533 1.7203 0.6085 -2.8762 1.3608 22.4705 3.0714 0.4916
Cyclist -1 -1 0.2036 59.3952 186.1201 86.8347 227.4373 1.7596 1.7773 0.6159 -23.5489 2.0173 31.2970 -0.4351 0.4607
Cyclist -1 -1 -0.1233 620.7512 165.7029 630.5798 190.5634 1.8868 1.8938 0.5309 1.6009 0.7650 54.6252 -0.0924 0.3720
Cyclist -1 -1 -0.5486 920.4377 158.0062 976.3553 222.1128 1.5726 1.6348 0.5042 8.7635 1.0224 18.1789 -0.1045 0.3063
Cyclist -1 -1 -0.3320 806.0844 164.3316 824.1129 192.6319 1.6495 1.6373 0.5193 12.4759 0.7085 42.0346 -0.0438 0.2891
Cyclist -1 -1 -0.0138 350.0426 179.5557 364.9722 220.3169 1.6736 1.5971 0.5783 -10.4874 1.6363 29.8744 -0.3465 0.2376
Cyclist -1 -1 0.2106 0.0000 177.0618 16.9985 206.5404 1.7848 1.8990 0.6507 -37.0952 1.5780 43.7949 -0.4869 0.2076
Car -1 -1 -0.3318 728.2366 167.1099 869.3969 219.3330 1.5708 1.6513 3.9547 5.9936 1.1696 22.2245 -0.0702 0.5812
Car -1 -1 -0.3233 1138.0781 167.2630 1221.0833 193.4618 1.4768 1.6412 3.4060 33.4093 0.7320 41.2136 0.3557 0.2873
Car -1 -1 -1.6466 875.1818 169.9819 949.5554 196.1959 1.5065 3.9317 1.7788 18.2246 0.9034 42.1099 -1.2393 0.2819
Car -1 -1 3.3989 0.0000 174.5834 66.4815 216.7195 1.6367 4.0470 1.6769 -24.2113 1.4084 29.6484 2.7211 0.2610
Car -1 -1 -1.0751 1025.5789 165.1326 1124.0237 196.6430 1.5640 4.0027 1.6699 24.6443 0.8027 37.2462 -0.4928 0.2346
Car -1 -1 2.2421 0.0000 177.0689 81.2683 203.2273 1.5948 3.7644 1.7646 -35.1239 1.3870 43.9887 1.5735 0.2297
Car -1 -1 2.9374 518.1049 176.9501 551.9279 198.9674 1.5226 3.8710 1.6790 -5.0799 1.2785 50.9898 2.8404 0.2181
