Pedestrian -1 -1 2.5606 843.9330 163.1768 884.0170 226.8078 1.7715 0.8716 0.7156 7.1941 1.5025 20.5961 2.8916 0.2673
Pedestrian -1 -1 1.2759 741.5283 156.2946 783.7967 234.5448 1.8615 0.8221 0.7459 3.6595 1.4679 17.5717 1.4772 0.2212
Cyclist -1 -1 2.4434 704.9556 165.0153 729.0632 190.0397 1.8021 1.9942 0.6080 7.8166 1.2380 52.9657 2.5888 0.2238
Car -1 -1 1.7069 237.1917 192.8886 334.5433 255.3911 1.4793 2.0374 3.1324 -8.9151 2.0847 20.0050 1.2921 0.7188
Car -1 -1 -0.0718 588.3712 178.3765 618.5614 203.1361 1.5287 3.5652 1.7159 -0.4943 1.9046 47.2175 -0.0827 0.4860
Car -1 -1 -0.2250 509.7052 184.2462 541.4312 204.3103 1.5602 4.0302 1.7965 -7.1728 2.5553 60.8008 -0.3423 0.4151
Car -1 -1 0.0061 428.9272 185.0405 458.8761 213.3220 1.5554 3.9770 1.6869 -10.0629 2.3287 43.6363 -0.2197 0.4074
Car -1 -1 0.0585 475.6372 179.1405 498.0818 196.3422 1.5268 3.2552 1.8687 -11.4305 2.1261 67.0199 -0.1101 0.3709
Car -1 -1 -0.4749 538.1918 178.3306 575.7894 197.2509 1.5593 3.6378 1.7869 -4.6528 2.0506 62.6498 -0.5491 0.3524
Car -1 -1 1.1514 404.2225 183.0728 442.4965 200.9542 1.5421 2.4697 2.8131 -17.1602 2.5069 66.2284 0.8985 0.3035
Car -1 -1 3.0976 601.4206 184.0069 639.2427 217.4938 1.5411 4.2155 1.7273 0.4345 2.1427 36.7602 3.1087 0.2308
Car -1 -1 -0.1592 484.4823 185.2852 522.2595 212.2763 1.4883 3.7369 1.6861 -6.5309 2.2766 43.6955 -0.3072 0.2230
