Pedestrian -1 -1 -0.5871 624.8436 170.5539 645.1121 207.0042 1.7981 0.8048 0.6814 1.2101 1.6850 36.1122 -0.5544 0.3818
Cyclist -1 -1 3.1163 533.9389 176.6272 548.7322 214.2370 1.7508 1.9076 0.6582 -3.3571 1.9382 34.7710 3.0202 0.3129
Car -1 -1 -1.8039 715.5196 181.1071 954.3678 348.5605 1.4937 1.6704 4.0472 2.3126 1.6166 8.6724 -1.5531 0.7360
Car -1 -1 -1.8318 643.1037 172.5065 735.5233 232.3956 1.5849 1.6635 4.1150 2.1685 1.5760 21.2561 -1.7323 0.6911
Car -1 -1 1.3385 468.8345 177.8222 553.1870 233.1065 1.5488 1.9241 3.0361 -3.1672 1.7149 22.2930 1.1983 0.6824
Car -1 -1 -0.0923 639.0604 178.1914 695.6047 222.5200 1.5300 3.7125 1.7700 2.0482 1.7456 27.2245 -0.0187 0.4923
Car -1 -1 1.5202 0.0000 183.1293 170.3351 290.2684 1.5192 2.5199 2.4815 -9.2217 1.7202 12.3234 0.8879 0.4537
Car -1 -1 -1.0984 100.0126 180.3556 247.2152 233.4974 1.5655 3.5527 1.6736 -13.5415 1.8094 22.4712 -1.6357 0.4531
Car -1 -1 0.0346 485.9801 178.0168 535.7411 222.4523 1.5478 3.8298 1.7500 -3.7650 1.7598 27.5862 -0.1004 0.3733
Car -1 -1 1.9529 240.1202 172.7402 396.7349 232.7170 1.7967 4.1679 1.7800 -9.0475 1.7937 22.5096 1.5744 0.3576
Car -1 -1 -1.3692 354.2113 165.5564 413.3633 186.7769 1.5373 3.8990 1.7618 -16.7076 1.0090 53.3419 -1.6716 0.2996
