Pedestrian -1 -1 0.0305 442.8358 167.7010 488.1151 279.8712 1.7746 0.9296 0.7078 -2.2774 1.5576 11.8774 -0.1606 0.6629
Pedestrian -1 -1 2.8893 607.9802 176.2908 632.8585 223.2124 1.6905 0.8595 0.7162 0.6701 1.5039 26.3792 2.9092 0.5268
Pedestrian -1 -1 0.4934 700.6466 182.7431 752.2772 261.9744 1.7257 0.9294 0.8147 2.8021 1.7562 16.2791 0.6556 0.2621
Pedestrian -1 -1 3.0554 480.3734 167.1720 511.0478 235.2106 1.8046 0.7719 0.7564 -2.9100 1.4258 19.5145 2.9040 0.2321
Pedestrian -1 -1 -1.0754 741.7020 180.7991 811.1235 287.9290 1.6693 0.8649 0.7275 2.8194 1.6597 11.7492 -0.8506 0.2251
Pedestrian -1 -1 -1.3336 718.1069 184.6315 773.7257 278.9236 1.6394 0.8480 0.7296 2.5860 1.6997 13.0271 -1.1472 0.2204
Pedestrian -1 -1 1.0875 938.8945 181.1543 1067.8093 372.8721 1.6700 0.7899 0.7047 3.6176 1.6684 6.6089 1.5659 0.1914
Pedestrian -1 -1 2.7178 698.1354 168.0244 729.4277 225.1127 1.7742 0.7584 0.7295 3.5318 1.3565 22.7865 2.8646 0.1878
Pedestrian -1 -1 1.3545 744.4619 171.9524 771.8671 222.7323 1.7317 0.7922 0.6854 5.3903 1.4072 24.8406 1.5608 0.1857
Pedestrian -1 -1 -2.7474 681.4744 165.3560 713.9158 228.1685 1.8066 0.7570 0.7155 2.8109 1.3434 21.1645 -2.6223 0.1671
Cyclist -1 -1 -0.0493 609.5112 178.1818 629.6277 226.1612 1.7074 1.8240 0.6376 0.6348 1.5904 26.4818 -0.0309 0.3784
Cyclist -1 -1 -0.5312 740.4276 162.7924 786.8751 217.4424 1.7702 1.8784 0.6546 5.4289 1.1653 24.2593 -0.3185 0.3695
Cyclist -1 -1 -3.2927 773.4322 158.9124 810.8730 222.4368 1.7324 1.8242 0.7476 5.3973 1.1176 20.5315 -3.0439 0.3319
Cyclist -1 -1 2.4703 795.8339 156.4344 857.4224 230.4663 1.8042 1.7546 0.5113 5.7095 1.1945 18.4133 2.7618 0.2555
Cyclist -1 -1 -3.2458 734.2646 170.9921 753.1047 205.2936 1.7305 1.9134 0.7475 7.3531 1.2013 37.2223 -3.0572 0.2443
Cyclist -1 -1 1.6215 704.1906 180.2499 811.6850 275.5681 1.6500 1.8526 0.7238 2.7912 1.6297 13.0139 1.8230 0.2438
Cyclist -1 -1 -0.3104 251.5523 162.3999 329.5385 274.6742 1.6351 1.5811 0.6691 -4.9438 1.3582 11.2735 -0.7207 0.2430
Cyclist -1 -1 0.0649 441.0291 168.9808 487.1760 278.8156 1.7298 1.7547 0.6664 -2.3500 1.5340 12.2232 -0.1268 0.2370
Cyclist -1 -1 -0.4103 698.5383 187.9563 749.8968 264.8764 1.6714 1.5326 0.5891 2.7711 1.8287 16.5581 -0.2527 0.2355
Cyclist -1 -1 2.0488 472.2065 168.4534 541.7355 234.9129 1.7485 1.7906 0.6052 -2.5944 1.4064 19.4817 1.9128 0.2340
Cyclist -1 -1 1.0961 912.5006 168.7766 1238.0000 374.0000 1.7230 1.9472 0.7810 3.4503 1.6359 5.4452 1.6335 0.2144
Cyclist -1 -1 -0.3197 679.4534 165.3027 716.5560 227.9150 1.7744 1.7925 0.5373 2.8119 1.3166 21.2865 -0.1952 0.2068
Cyclist -1 -1 -1.7897 651.1021 168.8292 688.3030 204.9431 1.8210 1.7941 0.6275 3.4715 1.1830 36.6463 -1.7010 0.2044
Cyclist -1 -1 -3.4526 863.8375 149.5284 924.7227 245.3179 1.7351 1.6895 0.5736 5.5793 1.1573 13.8696 -3.0819 0.1810
Cyclist -1 -1 -0.1478 701.0173 162.9357 725.7890 219.0850 1.7106 1.7268 0.5099 3.5042 1.1461 22.7453 -0.0018 0.1796
Cyclist -1 -1 0.9285 1045.7085 159.5090 1238.0000 332.1675 1.6735 1.9462 0.7483 5.6953 1.4617 7.3388 1.5658 0.1753
Car -1 -1 1.2302 609.6094 174.4984 690.3635 205.9340 1.5548 3.7723 1.7300 2.4691 1.2094 36.8780 1.2915 0.3429
Car -1 -1 -0.2079 868.4856 196.4361 1174.1008 374.0000 1.4536 3.4865 1.5953 3.5294 1.6358 6.8076 0.2489 0.1991
Car -1 -1 1.0775 634.4460 166.4416 707.5865 197.7111 1.7248 3.7866 1.7726 3.9853 0.8950 41.1772 1.1684 0.1885
Car -1 -1 1.2750 533.2592 177.6245 621.0803 209.9716 1.5397 4.0152 1.7721 -1.2242 1.3561 35.6861 1.2358 0.1762
