Pedestrian -1 -1 -0.6588 452.0106 177.5402 466.4712 204.0364 1.6996 0.6483 0.6592 -9.4454 1.5111 45.8102 -0.8591 0.4385
Pedestrian -1 -1 0.2550 409.4083 182.3390 419.3866 202.0994 1.7453 0.6422 0.7168 -16.9141 1.9107 62.8255 -0.0052 0.3690
Pedestrian -1 -1 3.0794 475.2632 175.7004 495.5372 213.0715 1.7310 0.7175 0.8969 -5.6370 1.5102 33.1963 2.9144 0.3611
Pedestrian -1 -1 -0.4677 981.6425 139.5018 1018.7420 206.4998 1.8281 0.8144 0.5956 10.9709 0.7110 19.7053 0.0354 0.3239
Pedestrian -1 -1 0.8312 1090.2584 116.2089 1224.0000 342.0388 1.8952 1.0584 0.6373 5.0116 1.3574 6.2934 1.4812 0.3175
Pedestrian -1 -1 2.0116 1061.9219 156.1933 1112.5443 232.5681 1.6985 0.7460 0.6725 11.0162 1.1596 16.2124 2.6010 0.2925
Pedestrian -1 -1 2.4640 817.7170 158.8118 840.8054 198.3134 1.8477 0.8276 0.6744 10.6296 0.8347 33.5747 2.7696 0.2737
Cyclist -1 -1 -1.6590 627.8215 171.6209 657.1638 199.7238 1.8295 1.8759 0.5951 2.4525 1.2528 46.3541 -1.6048 0.6206
Cyclist -1 -1 0.0040 514.6719 173.0487 523.1063 198.8261 1.6945 1.7397 0.5508 -5.7637 1.2060 47.3691 -0.1146 0.5830
Cyclist -1 -1 0.0509 395.8531 180.5540 410.1574 214.8192 1.7412 1.9134 0.6174 -10.5538 1.7455 36.9285 -0.2236 0.4671
Cyclist -1 -1 -2.9994 574.6831 176.3035 587.1257 201.7109 1.6678 1.6808 0.5983 -1.6033 1.3937 47.2769 -3.0315 0.3656
Cyclist -1 -1 3.2242 409.5208 183.1245 418.7747 203.3243 1.7632 1.6881 0.6541 -16.9341 2.0009 62.8307 2.9637 0.3618
Cyclist -1 -1 -0.1973 451.9294 178.1120 466.2694 205.2267 1.7226 1.8215 0.5678 -9.4733 1.5722 45.8638 -0.3980 0.2986
Cyclist -1 -1 2.2922 800.9385 166.0190 823.3049 188.3170 1.7304 1.7318 0.5922 16.3371 0.6079 55.7549 2.5774 0.2796
Cyclist -1 -1 1.5157 579.5938 172.2441 607.1088 198.0971 1.7799 1.8764 0.6568 -0.8103 1.2128 49.0674 1.5009 0.2754
Car -1 -1 3.2126 524.7475 175.7862 557.7983 202.6441 1.4977 3.7520 1.6546 -3.6864 1.2362 41.3104 3.1260 0.5772
Car -1 -1 2.5783 716.3538 173.0253 764.8210 194.2489 1.5090 3.9368 1.6817 10.0062 0.9789 52.4074 2.7675 0.4260
Car -1 -1 -0.6657 911.2745 146.6215 1030.5857 195.3360 1.7952 1.6933 3.8691 14.0430 0.5482 27.2523 -0.1928 0.4199
Car -1 -1 2.7000 566.3290 177.2218 608.2481 198.8194 1.4847 3.5998 1.6137 -1.2986 1.2606 50.5707 2.6761 0.3867
Car -1 -1 3.0385 630.6863 173.1324 660.0223 196.4081 1.5200 3.6968 1.6160 2.7072 1.0402 48.0508 3.0960 0.3500
Car -1 -1 3.1755 344.1029 185.7950 374.5164 211.5036 1.4943 3.6704 1.6492 -15.2197 1.8394 43.9082 2.8456 0.3442
Car -1 -1 1.2732 808.6423 167.0759 859.8174 187.5988 1.6339 3.5786 1.7537 18.5241 0.5664 57.1900 1.5865 0.3038
Car -1 -1 3.4112 345.0171 179.4069 380.1081 198.6579 1.5323 4.0515 1.7124 -19.9403 1.4465 58.3441 3.0852 0.2999
Car -1 -1 3.2270 373.0046 179.6272 412.4236 209.8731 1.5477 3.9832 1.6975 -11.4514 1.5045 38.2970 2.9404 0.2766
