Pedestrian -1 -1 -1.1322 688.5229 159.5044 716.6648 203.5177 1.8523 1.0212 0.6396 3.9255 1.2909 30.9065 -1.0075 0.3421
Pedestrian -1 -1 1.7104 379.9644 190.8010 407.7402 240.1386 1.7753 0.8808 0.8294 -8.0582 2.4537 26.7824 1.4202 0.3161
Cyclist -1 -1 -0.1762 584.8922 178.5002 597.0639 200.9348 1.6719 1.6712 0.6438 -1.4852 2.1104 55.0977 -0.2035 0.2449
Cyclist -1 -1 -1.4891 685.4962 160.2159 727.9709 203.1862 1.8127 1.7614 0.6155 4.1084 1.2799 30.9217 -1.3587 0.2360
Cyclist -1 -1 -0.5117 797.1323 170.8531 843.6041 218.8433 1.6520 1.8065 0.8065 7.4556 1.5835 25.8072 -0.2341 0.2242
Car -1 -1 -1.3486 506.9933 179.7999 555.8502 211.5684 1.4686 1.6471 3.7555 -3.9171 1.8361 36.1699 -1.4562 0.6039
Car -1 -1 1.2764 725.3947 172.0536 834.7778 216.2929 1.5596 3.5676 1.6311 6.1210 1.5317 26.3711 1.5014 0.5440
Car -1 -1 3.0346 667.8446 171.5181 695.7085 193.4405 1.5842 3.4679 1.7014 5.2999 1.4880 53.8808 3.1317 0.4363
Car -1 -1 -0.2329 620.2560 174.0328 647.0880 191.4959 1.5397 3.4191 1.6933 2.1081 1.6504 65.7063 -0.2013 0.3513
Car -1 -1 3.1559 522.5662 178.8419 552.7950 206.5955 1.5258 3.8367 1.6925 -4.2665 1.8954 42.5043 3.0560 0.3467
Car -1 -1 -2.2199 994.2480 145.6177 1084.6729 175.8029 1.6177 3.8540 2.0343 23.6667 0.1584 39.9020 -1.6877 0.2357
Car -1 -1 -0.4177 1134.4819 155.4337 1226.5193 193.5501 1.5220 3.3818 1.8349 24.0933 0.8268 30.6714 0.2435 0.2273
Car -1 -1 -1.8246 1153.8121 158.9444 1242.0000 209.3266 1.6280 1.8770 3.4801 20.6395 1.1789 25.2844 -1.1459 0.2247
Car -1 -1 1.3793 717.1465 169.1714 767.1542 190.0415 1.6073 3.5790 1.7473 10.2866 1.3240 56.4611 1.5583 0.2204
Car -1 -1 -2.7956 1017.8253 170.9416 1144.1436 211.5861 1.5401 1.6646 3.9869 19.0741 1.4680 29.4265 -2.2254 0.2203
