Pedestrian -1 -1 3.1421 105.6920 139.7208 143.8149 237.1381 1.8407 0.5985 0.6052 -9.4935 1.2150 14.0474 2.5564 0.3986
Car -1 -1 -0.2530 726.2188 183.2678 856.5184 232.5865 1.5007 1.6479 3.7584 5.7061 1.8477 23.1652 -0.0152 0.5881
Car -1 -1 -0.6358 855.6028 182.4201 1084.2065 273.7425 1.5515 1.5080 3.6897 6.6569 1.7463 13.5713 -0.1892 0.5709
Car -1 -1 -0.6649 908.5665 190.5591 1203.4701 299.5015 1.4765 1.4887 3.7654 6.7025 1.7733 11.0869 -0.1338 0.5693
Car -1 -1 0.3295 257.2293 174.4563 435.7113 245.0012 1.6534 1.6792 3.7992 -6.4490 1.6953 17.8136 -0.0136 0.5500
Car -1 -1 -3.1942 639.5906 182.3103 675.6245 213.1453 1.4761 3.6047 1.6657 2.3896 1.9912 37.4601 -3.1316 0.5496
Car -1 -1 0.4390 132.0638 176.7605 397.9676 275.6388 1.6397 1.7378 3.9318 -6.0707 1.7148 12.9151 0.0070 0.5299
Car -1 -1 3.6299 0.0000 183.8923 298.4193 343.8185 1.5490 1.7063 3.9079 -5.9078 1.6916 8.2162 3.0214 0.5292
Car -1 -1 -2.7288 220.0179 186.8684 432.0337 264.6187 1.5068 1.5665 3.8436 -5.9184 1.8187 15.1656 -3.0956 0.4421
Car -1 -1 1.3545 458.1071 178.8992 514.2126 216.3224 1.5408 1.7726 3.4145 -5.6224 1.8273 32.2392 1.1827 0.4326
Car -1 -1 -2.6053 9.6563 185.3334 333.5940 299.6610 1.5338 1.5869 3.8331 -6.3604 1.7327 10.6650 -3.1325 0.4177
Car -1 -1 1.4998 710.1804 172.3314 766.2404 196.9755 1.6121 3.5715 1.7209 8.5005 1.5782 48.2338 1.6728 0.4079
