Pedestrian -1 -1 -0.2596 888.8145 181.0864 934.1475 251.6211 1.7059 0.8726 0.8441 7.4777 1.9177 18.0470 0.1265 0.5499
Cyclist -1 -1 2.3607 1036.2584 170.3675 1110.9386 240.5448 1.5903 1.6961 0.4143 10.9767 1.5343 17.2209 2.9199 0.3371
Car -1 -1 -1.7352 679.4340 176.7200 742.5772 224.3094 1.4963 1.5418 3.7167 3.3573 1.6400 24.8720 -1.6032 0.7313
Car -1 -1 -1.8593 734.4988 181.1810 959.2944 326.6550 1.5128 1.6393 4.1675 2.8540 1.6509 9.8365 -1.5861 0.7214
Car -1 -1 -1.7292 670.0039 175.8537 724.2896 216.2845 1.5509 1.6609 3.5776 3.4883 1.6827 29.7695 -1.6143 0.5784
Car -1 -1 0.2986 402.7436 179.6921 510.2150 221.1533 1.5582 1.6232 3.8329 -6.0424 1.8372 28.4190 0.0904 0.5745
Car -1 -1 0.4985 0.0000 194.9489 305.1378 325.4947 1.5195 1.5551 3.6962 -6.2840 1.8417 9.6037 -0.0686 0.5160
Car -1 -1 -2.5411 98.2959 183.8712 351.3435 287.7339 1.5861 1.7389 3.4372 -6.5140 1.7909 12.3161 -3.0192 0.4822
Car -1 -1 -3.0681 665.8185 176.5429 697.7785 203.7744 1.5427 3.6747 1.6514 4.3180 1.7747 43.3545 -2.9700 0.4681
Car -1 -1 -2.6375 359.9366 181.5726 494.1181 237.3302 1.5401 1.6018 3.5519 -5.4791 1.8156 21.5377 -2.8843 0.4489
Car -1 -1 1.7479 546.7979 172.9866 583.3570 190.7435 1.6280 3.1153 1.9185 -4.1893 1.6410 67.2995 1.6856 0.4275
Car -1 -1 -2.3125 0.0000 190.5763 259.4070 374.9702 1.5044 1.6134 3.6883 -5.7475 1.7093 7.2115 -2.9678 0.4172
Car -1 -1 -0.3962 521.6476 174.6817 564.8470 198.3199 1.5418 3.6554 1.6563 -4.6342 1.6723 49.3720 -0.4897 0.3826
Car -1 -1 -1.0623 171.5902 174.2770 348.5497 246.4377 1.7266 3.6190 1.8195 -8.8409 1.7652 18.3265 -1.5065 0.3535
Car -1 -1 3.1661 504.3251 175.2253 536.8582 205.3194 1.5599 3.8388 1.6835 -4.9108 1.6973 39.7035 3.0434 0.3376
