Pedestrian -1 -1 1.8083 102.2690 160.7891 230.4850 336.9239 1.7977 1.0668 0.5850 -4.7585 1.5982 7.6480 1.2718 0.6456
Pedestrian -1 -1 1.4209 55.8877 189.4672 99.3076 249.9901 1.6815 0.9086 0.7406 -15.2490 1.9492 20.3950 0.7879 0.4761
Pedestrian -1 -1 3.0481 14.4295 174.6684 70.6789 263.2902 1.7220 0.8612 0.8238 -11.4457 1.6103 14.3292 2.3866 0.3419
Pedestrian -1 -1 2.7449 834.5202 172.5443 875.2031 241.9588 1.7063 0.8051 0.7058 6.2436 1.5123 17.7993 3.0783 0.3251
Pedestrian -1 -1 -1.7960 1119.0861 191.7435 1224.0000 370.0000 1.6923 0.6843 0.7387 4.3492 1.7869 5.3550 -1.1410 0.3219
Pedestrian -1 -1 2.8679 517.2100 162.9168 567.0107 261.8561 1.7436 0.8922 0.6960 -1.2103 1.4354 12.9958 2.7791 0.2811
Pedestrian -1 -1 1.1526 968.2721 189.0566 1131.0105 370.0000 1.6476 0.8106 0.7144 3.2674 1.7189 5.3486 1.6767 0.2639
Pedestrian -1 -1 2.3968 640.7664 161.8930 699.1351 260.3693 1.7396 0.8584 0.6644 1.1480 1.4125 13.0277 2.4843 0.2297
Pedestrian -1 -1 -0.8688 991.2555 166.5872 1068.2540 275.1462 1.7683 0.8949 0.6822 7.1792 1.5434 12.0480 -0.3414 0.2163
Pedestrian -1 -1 2.9616 254.6677 164.8186 306.1310 259.4915 1.7558 0.8698 0.7673 -6.3323 1.4667 13.6841 2.5388 0.2103
Pedestrian -1 -1 -0.8918 1068.6689 160.1823 1149.2230 268.9617 1.7697 0.8700 0.6965 8.5033 1.4408 12.0137 -0.2867 0.1564
Pedestrian -1 -1 -0.6226 748.9501 145.8171 809.8871 253.3075 1.7985 0.8495 0.6583 2.9901 1.2198 12.3429 -0.3888 0.1556
Cyclist -1 -1 -0.4310 644.6547 164.4256 717.3638 265.1632 1.7506 1.8819 0.6156 1.3435 1.4729 13.2721 -0.3308 0.2626
Cyclist -1 -1 -0.7759 0.0000 172.9802 96.6797 263.3859 1.7766 1.8204 0.6416 -11.4330 1.6305 14.3293 -1.4369 0.2223
Cyclist -1 -1 -0.0672 521.2411 160.4482 560.7852 264.8866 1.7843 1.8070 0.6011 -1.2454 1.4434 13.0147 -0.1586 0.1967
Cyclist -1 -1 1.4507 682.7846 162.2675 759.7489 232.3506 1.7526 1.8717 0.6392 2.9096 1.2982 18.0322 1.6097 0.1890
Cyclist -1 -1 -3.4762 863.1658 173.2866 937.3563 296.1017 1.6352 1.6962 0.4355 4.1970 1.5408 10.2659 -3.0972 0.1880
Cyclist -1 -1 -1.6198 556.1934 149.5914 631.9622 223.0279 1.8098 1.8760 0.6258 -0.3249 1.0497 17.7931 -1.6357 0.1814
Cyclist -1 -1 1.7872 308.1516 181.1092 452.6812 292.0778 1.7000 2.0728 0.8572 -3.5983 1.7119 11.3439 1.4896 0.1804
Cyclist -1 -1 -0.9812 1122.2473 143.7783 1224.0000 253.8098 1.7626 1.8300 0.5999 10.0803 1.1760 12.2843 -0.3050 0.1791
Cyclist -1 -1 0.0239 258.4825 164.8334 299.7864 261.4692 1.7522 1.7744 0.6737 -6.3605 1.4698 13.7635 -0.3984 0.1690
Cyclist -1 -1 3.5418 241.9725 181.6460 329.6423 295.8408 1.6404 1.8383 0.5659 -4.9986 1.6615 11.0921 3.1307 0.1639
Cyclist -1 -1 0.2271 93.0102 169.2100 158.4209 268.6489 1.7607 1.8621 0.6113 -9.1479 1.5625 13.4936 -0.3561 0.1624
Cyclist -1 -1 -0.5716 871.5826 156.6393 967.1255 269.4865 1.7715 1.7984 0.5870 5.2493 1.3986 12.0300 -0.1680 0.1515
Car -1 -1 0.0710 45.5129 187.7046 111.8620 233.6540 1.5260 3.6824 1.6814 -19.3736 1.8141 26.1124 -0.5599 0.2648
Car -1 -1 -2.2950 1150.5929 184.3641 1224.0000 370.0000 1.5460 1.6741 3.8924 6.5443 1.5899 5.7017 -1.4668 0.2296
