Pedestrian -1 -1 -0.3526 756.9922 158.5902 823.8014 278.0442 1.7558 0.8822 0.7220 2.8412 1.4204 11.0345 -0.1119 0.7174
Pedestrian -1 -1 0.0175 343.2161 146.3676 362.8392 205.9380 1.8413 0.6981 0.5747 -7.8449 0.7565 22.6220 -0.3177 0.4108
Pedestrian -1 -1 2.8828 669.3313 159.8883 700.4928 227.0542 1.8165 0.6759 0.6993 2.2656 1.2332 19.8117 2.9900 0.4032
Pedestrian -1 -1 3.1331 447.3123 158.5527 487.3348 253.9269 1.8108 1.0020 0.7513 -2.6965 1.3764 14.2013 2.9434 0.3307
Pedestrian -1 -1 1.5161 630.8771 162.1501 716.5137 311.4266 1.7342 0.9861 0.6085 0.8054 1.5108 8.6613 1.6001 0.2895
Pedestrian -1 -1 0.9922 976.1616 126.7678 1108.6326 327.4476 1.7956 0.9031 0.5529 4.0581 1.3073 6.7271 1.5125 0.2861
Pedestrian -1 -1 -0.6057 885.4531 149.5597 961.0615 272.4038 1.8277 0.8833 0.6872 4.9505 1.3538 11.1869 -0.2032 0.2804
Pedestrian -1 -1 1.6477 94.3267 157.9377 178.2734 326.3240 1.8159 0.7520 0.7229 -5.3559 1.5631 8.2399 1.0798 0.2776
Pedestrian -1 -1 2.8922 669.9658 160.5526 737.0696 287.5442 1.7157 0.8457 0.7443 1.3829 1.4340 10.1677 3.0182 0.2374
Pedestrian -1 -1 -2.8356 1143.0145 152.9234 1181.7537 217.8124 1.7938 0.9558 0.6160 15.8890 1.0050 20.3821 -2.1847 0.2359
Pedestrian -1 -1 2.8341 361.5679 158.9435 424.5096 276.1785 1.7852 0.8360 0.7468 -3.3835 1.4430 11.4910 2.5482 0.2236
Cyclist -1 -1 0.0909 356.5997 157.0263 410.0647 280.6934 1.8226 1.8910 0.6584 -3.5218 1.4632 11.5769 -0.2038 0.5338
Cyclist -1 -1 0.1293 441.7856 163.8875 488.3459 262.6754 1.8052 1.8957 0.6662 -2.6833 1.4846 14.0901 -0.0610 0.4609
Cyclist -1 -1 -0.1913 647.1693 153.1407 727.5898 290.1351 1.7931 1.8388 0.7844 1.1447 1.4232 10.3504 -0.0896 0.3674
Cyclist -1 -1 -0.4477 1173.4528 156.8497 1238.0000 273.9009 1.5894 1.6656 0.5127 9.1558 1.2560 10.6218 0.2463 0.2778
Cyclist -1 -1 -0.3334 817.7318 157.8026 867.0114 229.6732 1.8043 1.8100 0.6552 6.2916 1.2106 18.9429 -0.0221 0.2425
Car -1 -1 -3.5472 1050.4607 169.4589 1238.0000 262.7210 1.4945 3.4909 1.5959 9.9072 1.3029 13.3851 -2.9245 0.3881
Car -1 -1 1.4399 512.3714 176.8796 587.1698 204.8728 1.5302 4.0027 1.8154 -2.9432 1.2785 40.5655 1.3629 0.3875
Car -1 -1 1.3949 521.9786 175.2053 588.6315 200.6701 1.6062 4.0599 1.8245 -3.0081 1.2099 46.6828 1.3259 0.3668
Car -1 -1 1.7999 719.3725 161.8316 874.6506 221.7446 1.5404 3.9366 1.6056 5.4187 1.0359 20.0934 2.0549 0.2432
Car -1 -1 -0.4640 973.6594 161.6449 1107.5087 222.6477 1.6146 4.0018 1.6796 12.6578 1.0903 21.0627 0.0665 0.2408
