Pedestrian -1 -1 2.6711 720.4391 164.3781 757.7892 234.8339 1.7392 0.7922 0.6344 3.4481 1.3178 18.2004 2.8504 0.7570
Pedestrian -1 -1 3.2662 216.8532 167.6542 307.6183 325.8999 1.7535 0.9928 0.8593 -4.0532 1.6015 8.5616 2.8297 0.7281
Pedestrian -1 -1 2.8698 657.0875 161.5302 736.2639 303.3401 1.7174 0.8938 0.7826 1.1527 1.4769 9.1994 2.9852 0.7057
Pedestrian -1 -1 2.3397 585.0993 166.5977 672.8510 311.3073 1.6883 0.8398 0.6972 0.2920 1.5158 8.9222 2.3655 0.6750
Pedestrian -1 -1 3.0175 428.5758 175.2663 455.2969 228.5960 1.6928 0.8777 0.7406 -5.2136 1.4961 23.3378 2.7948 0.5263
Pedestrian -1 -1 2.4498 450.5472 169.7217 493.5603 247.5041 1.7391 0.7361 0.6558 -3.0158 1.4770 16.5459 2.2668 0.4889
Pedestrian -1 -1 -0.4897 642.0847 165.4868 678.3996 229.4556 1.7875 0.8848 0.7007 1.6516 1.3412 20.6161 -0.4161 0.4225
Pedestrian -1 -1 -2.5692 644.8093 159.1259 695.7751 248.9221 1.8382 0.8590 0.7334 1.4302 1.3814 15.2662 -2.4828 0.3848
Pedestrian -1 -1 2.4250 700.7834 161.4184 742.1479 228.3112 1.8521 0.8896 0.7642 3.3852 1.2972 20.4657 2.5816 0.3761
Pedestrian -1 -1 3.1139 0.0000 179.5677 64.1488 301.1191 1.6922 0.8744 0.7257 -8.4306 1.6666 10.5660 2.4468 0.3716
Pedestrian -1 -1 3.1559 104.9005 167.2811 127.0855 220.4313 1.7557 0.7296 0.6105 -16.3724 1.2871 24.1990 2.5611 0.3540
Pedestrian -1 -1 2.8956 742.6301 150.9276 781.1874 233.7302 1.7886 0.7718 0.6578 3.5086 1.1294 15.9115 3.1039 0.3378
Pedestrian -1 -1 1.6389 0.0000 170.0503 40.1010 265.2701 1.7663 0.8270 0.6402 -11.3857 1.5552 13.8229 0.9538 0.3222
Pedestrian -1 -1 -0.7536 772.1422 137.4547 813.9552 217.5596 1.8461 0.7488 0.6081 4.5023 0.8322 17.0266 -0.5039 0.3134
Pedestrian -1 -1 -0.4867 591.1148 173.2570 610.3188 206.0939 1.7725 0.8597 0.7315 -0.0446 1.3284 39.3250 -0.4929 0.2948
Pedestrian -1 -1 -0.7816 576.6888 173.6386 589.9321 196.3537 1.7723 0.7858 0.6885 -1.4048 1.1595 56.5637 -0.8113 0.2941
Pedestrian -1 -1 -1.2089 825.5673 150.0174 889.0448 258.2961 1.8330 0.8734 0.6946 4.4842 1.3013 12.7035 -0.8814 0.2929
Pedestrian -1 -1 2.5740 700.9478 161.6735 724.3892 206.2036 1.8819 0.7748 0.6829 4.7589 1.0450 30.8480 2.7208 0.2794
Pedestrian -1 -1 -0.5375 759.4235 151.2807 807.6348 241.6155 1.8404 0.7950 0.6650 3.7838 1.2260 15.1102 -0.3015 0.2697
Pedestrian -1 -1 -1.1541 561.1278 175.1732 573.0892 196.7790 1.7847 0.8033 0.6458 -2.8281 1.2626 59.7777 -1.2062 0.2643
Pedestrian -1 -1 3.0135 432.8463 163.4482 488.6888 272.3694 1.7513 0.9870 0.8010 -2.4337 1.4624 12.1434 2.8142 0.2540
Pedestrian -1 -1 2.8280 381.1573 174.4787 397.5984 210.6081 1.7175 0.7162 0.5641 -10.2259 1.3846 34.6004 2.5376 0.2451
Cyclist -1 -1 0.0703 433.9250 165.9159 482.3727 279.9498 1.7937 1.8205 0.6909 -2.4527 1.5498 12.2434 -0.1291 0.5489
Cyclist -1 -1 3.3631 256.4215 155.1851 368.3312 374.0000 1.8017 1.7208 0.6069 -2.7135 1.5871 6.7903 2.9896 0.4921
Cyclist -1 -1 -0.3536 739.3295 149.2538 795.5941 238.7246 1.7978 1.7763 0.5702 3.4782 1.1511 15.3505 -0.1397 0.3651
Cyclist -1 -1 -0.0658 562.1523 175.8329 570.9521 196.9726 1.7339 1.7235 0.6101 -2.8822 1.2696 59.8094 -0.1187 0.3319
Cyclist -1 -1 -0.4994 573.8171 174.1107 591.6955 196.5988 1.7445 1.7783 0.6269 -1.4579 1.1718 56.6481 -0.5300 0.3070
Cyclist -1 -1 0.1108 519.7988 174.9753 530.9337 200.2573 1.7504 1.7804 0.5967 -5.3401 1.2993 50.6224 0.0012 0.2860
Cyclist -1 -1 1.7439 402.7524 174.3304 464.6811 227.7151 1.7102 1.8778 0.6836 -5.4741 1.4816 23.4061 1.5114 0.2747
Cyclist -1 -1 2.7278 650.7811 156.5670 750.4839 307.3760 1.7329 1.7687 0.5699 1.1688 1.4477 9.1805 2.8451 0.2629
Car -1 -1 3.0592 483.4956 174.2183 518.8069 203.0399 1.6178 4.1339 1.7102 -5.9798 1.2099 42.5252 2.9153 0.4375
Car -1 -1 3.3445 271.4637 177.8191 376.8103 248.5879 1.5565 3.9396 1.6734 -6.7825 1.4768 17.8746 2.9814 0.3561
