Pedestrian -1 -1 1.4240 341.1608 173.5151 354.1091 193.5738 1.8267 1.0470 0.5582 -24.1043 1.8882 66.2340 1.0760 0.1947
Pedestrian -1 -1 -1.3189 633.1160 176.5902 643.2639 199.7079 1.7732 0.6350 0.6878 2.1599 2.0652 55.8967 -1.2809 0.1805
Pedestrian -1 -1 0.5664 1157.6460 169.8410 1242.0000 348.8163 1.6939 0.8086 0.7482 6.1687 1.6658 7.3097 1.2468 0.1646
Cyclist -1 -1 -0.5485 1034.1235 113.4231 1242.0000 369.4159 1.8510 1.8516 0.5526 4.3482 1.4216 6.1516 0.0439 0.4444
Cyclist -1 -1 -0.3603 628.9214 178.1175 644.9274 200.5243 1.6936 1.7907 0.6474 2.0533 2.1089 55.9325 -0.3243 0.2575
Cyclist -1 -1 2.9586 689.7491 173.5637 700.7361 194.6432 1.7330 1.7884 0.5929 7.0934 1.7936 60.2904 3.0748 0.2244
Cyclist -1 -1 -0.6493 1025.4698 174.9306 1052.6378 199.1958 1.7784 2.0145 0.6625 32.1243 1.9375 54.0961 -0.1162 0.1884
Cyclist -1 -1 -0.6588 1137.1361 161.0742 1242.0000 340.2956 1.6459 1.5910 0.4392 6.1614 1.5381 7.4222 0.0140 0.1498
Car -1 -1 3.2253 420.7362 180.7587 445.9270 201.3004 1.5233 3.6334 1.6310 -13.9247 2.1681 56.9022 2.9860 0.4328
Car -1 -1 3.0256 624.3642 175.4725 651.6054 195.7765 1.5539 3.7306 1.7468 2.1773 1.7704 57.6423 3.0627 0.2873
Car -1 -1 -1.1921 1117.2294 173.5846 1194.9608 198.3780 1.6068 3.8729 1.6415 36.9634 1.6589 48.9624 -0.5487 0.2190
Car -1 -1 3.1847 496.6088 182.6212 527.6271 209.4785 1.4866 3.9576 1.6833 -5.8870 2.1032 43.4724 3.0504 0.1943
Car -1 -1 0.2993 523.4709 183.4935 561.8127 205.9517 1.5365 3.7738 1.7892 -4.9607 2.3531 53.3174 0.2065 0.1894
Car -1 -1 -1.2420 644.1642 179.4419 734.8161 214.1161 1.4797 3.7858 1.6377 3.5833 1.7947 32.9157 -1.1351 0.1763
Car -1 -1 -1.3645 0.0000 189.0476 15.4016 314.0632 1.5321 1.6339 3.8752 -10.9112 1.8365 11.4603 -2.1137 0.1536
Car -1 -1 3.3919 198.7436 186.7032 255.3452 217.9889 1.4885 4.0100 1.7094 -20.3219 2.2667 38.3765 2.9075 0.1508
