Pedestrian -1 -1 -0.4879 766.6508 151.4768 790.3455 201.7497 1.8340 0.7105 0.5890 6.1970 1.0545 26.7389 -0.2629 0.4021
Pedestrian -1 -1 -0.5477 822.7335 146.2107 861.7716 218.7474 1.8465 0.8227 0.6312 6.0083 1.1686 18.8405 -0.2440 0.3312
Pedestrian -1 -1 -0.5518 733.1219 155.6635 753.7948 195.9146 1.8980 0.7826 0.6584 6.3403 1.0878 34.5047 -0.3719 0.2786
Pedestrian -1 -1 2.7143 756.4899 175.2960 781.5159 219.8431 1.7221 0.8604 0.6637 6.2183 1.8204 28.4354 2.9268 0.2626
Pedestrian -1 -1 -0.2888 845.1750 155.4814 873.0307 215.2352 1.7865 0.6957 0.6244 7.5182 1.2675 21.9287 0.0369 0.1977
Pedestrian -1 -1 1.1180 676.5051 170.1864 688.2408 190.0945 1.8312 0.9285 0.5619 6.6798 1.5862 66.7913 1.2169 0.1601
Cyclist -1 -1 -3.4241 840.3933 157.3371 873.8176 216.2326 1.7374 1.7321 0.4961 7.5228 1.2800 22.1579 -3.1013 0.2941
Cyclist -1 -1 2.4801 0.0000 165.7480 92.3039 271.1298 1.7140 1.8965 0.6113 -9.8923 1.5988 12.2557 1.8115 0.2403
Cyclist -1 -1 -0.4741 716.5017 165.8283 743.1959 200.0715 1.8500 1.9909 0.6144 6.5968 1.4708 40.0208 -0.3123 0.2397
Cyclist -1 -1 -0.3450 751.8885 174.3481 782.7790 219.9747 1.7507 1.8282 0.6096 6.1962 1.8125 28.6924 -0.1351 0.2057
Cyclist -1 -1 -0.6477 725.0464 161.5109 757.2088 201.0238 1.8543 1.7866 0.5555 6.2677 1.3223 34.7800 -0.4713 0.1434
Car -1 -1 -3.0438 596.2000 179.7451 622.2557 200.4590 1.5545 3.6899 1.7220 -0.0545 2.1209 57.3421 -3.0452 0.3846
Car -1 -1 -0.2315 546.9598 186.1458 577.7499 206.6029 1.5330 3.5877 1.7120 -3.9242 2.6489 58.5878 -0.2986 0.3155
Car -1 -1 2.4875 1051.9043 171.6153 1242.0000 251.6738 1.4194 3.8793 1.6306 11.0186 1.3977 14.7468 3.1192 0.1391
Car -1 -1 -3.1766 633.1734 188.8001 656.3478 208.7386 1.4507 3.7615 1.7022 2.7108 2.7617 57.4101 -3.1303 0.1365
