Pedestrian -1 -1 3.3422 239.3353 143.2177 284.6446 246.5425 1.7894 0.8819 0.5671 -6.3027 1.2765 12.9894 2.8981 0.5101
Cyclist -1 -1 -1.5461 433.4076 172.3078 461.7824 199.3173 1.8908 1.9421 0.6819 -11.5056 1.8529 51.0331 -1.7671 0.5268
Cyclist -1 -1 -2.6213 442.5388 189.2462 468.8415 227.1377 1.5909 1.5765 0.4043 -6.8309 2.3324 31.8074 -2.8318 0.2263
Car -1 -1 -1.9980 801.2435 184.7852 1242.0000 375.0000 1.5289 1.6717 3.9623 3.0177 1.6682 6.4128 -1.5771 0.8059
Car -1 -1 -1.7629 725.4555 176.5594 861.8924 279.7920 1.5365 1.5918 3.6109 3.0083 1.6115 12.6998 -1.5365 0.7384
Car -1 -1 1.8380 285.6256 193.9201 407.9799 271.2787 1.5088 1.7297 3.9390 -6.1529 2.0706 17.2009 1.4986 0.7292
Car -1 -1 3.2179 477.7979 185.7901 513.4010 216.3195 1.5360 3.7005 1.6634 -6.3038 2.2847 39.8293 3.0614 0.5792
Car -1 -1 -1.6906 640.7060 173.3156 676.7122 200.6649 1.5683 1.7313 3.5447 2.8435 1.5975 43.2503 -1.6259 0.5207
Car -1 -1 3.2399 491.9448 184.2303 525.8134 209.8478 1.4738 3.9542 1.7265 -6.3345 2.2202 45.3038 3.1013 0.3328
Car -1 -1 -2.9207 438.2433 178.0542 471.0355 200.2243 1.5377 3.6311 1.5847 -11.3393 1.9312 52.7226 -3.1319 0.3057
