Pedestrian -1 -1 2.4790 928.5194 143.0421 973.3673 225.6073 1.8651 0.7258 0.6230 7.8440 1.1920 16.7211 2.9105 0.3891
Pedestrian -1 -1 2.4236 926.1788 164.2328 951.2258 208.7807 1.7713 0.6775 0.6280 13.2128 1.4288 29.1021 2.8456 0.3613
Pedestrian -1 -1 0.0015 309.1812 167.2661 327.1118 214.2913 1.8371 0.7062 0.6523 -11.6232 1.6192 28.6344 -0.3812 0.3207
Cyclist -1 -1 2.3242 1152.2559 175.1052 1242.0000 269.7250 1.6358 1.7660 0.4417 11.0130 1.6809 13.4198 3.0001 0.3828
Cyclist -1 -1 2.8233 829.4407 187.2260 864.4655 252.1477 1.6470 1.6077 0.4020 6.3256 2.0512 19.4645 3.1321 0.3715
Cyclist -1 -1 3.1373 429.7949 184.8853 452.8418 251.4603 1.6109 1.7042 0.5552 -4.4178 1.9376 18.6725 2.9074 0.3100
Car -1 -1 -1.8051 711.0343 185.5160 867.9669 288.2040 1.4952 1.7738 4.0227 2.9726 1.7597 13.0279 -1.5869 0.7732
Car -1 -1 -1.7409 652.9231 177.5735 704.4650 215.3195 1.5534 1.6536 3.7563 2.9529 1.7765 32.1136 -1.6507 0.5831
Car -1 -1 0.4246 0.0000 166.5930 308.2367 304.2393 1.8660 1.5748 3.6945 -6.7231 1.7815 10.7856 -0.1222 0.5374
Car -1 -1 0.6214 0.0000 185.7945 264.1851 334.4165 1.5526 1.6558 3.6890 -6.3811 1.7209 8.5214 -0.0066 0.4689
Car -1 -1 -2.5338 931.5666 189.3621 1242.0000 375.0000 1.5593 1.6553 4.0294 2.8300 1.6580 2.2001 -1.6876 0.4586
Car -1 -1 3.0351 463.6474 179.2641 514.1928 219.1743 1.5414 3.8487 1.7061 -5.2363 1.8324 30.6181 2.8666 0.4473
Car -1 -1 -1.5582 646.9541 177.4854 676.8382 204.9973 1.5528 1.7123 3.7594 3.1011 1.8437 43.3194 -1.4877 0.4096
Car -1 -1 1.8629 387.2787 176.6204 497.2850 219.6967 1.5577 3.7009 1.7490 -6.3224 1.7056 27.2574 1.6366 0.3882
Car -1 -1 -0.4370 484.6169 173.1328 537.7690 200.8197 1.5465 3.7028 1.6768 -5.8742 1.5640 42.3495 -0.5744 0.3185
Car -1 -1 -3.4702 1067.0449 194.2834 1153.7861 236.6762 1.3992 3.5540 1.6487 19.0520 2.2796 27.6973 -2.8734 0.3139
Car -1 -1 -0.1579 993.7178 173.8853 1070.0724 223.8245 1.5012 3.4041 1.6107 13.6805 1.5381 23.6416 0.3609 0.3098
Car -1 -1 -0.4453 0.0000 190.8497 198.6985 375.0000 1.5863 1.6432 4.0207 -5.1773 1.7614 4.8349 -1.2374 0.3058
