Pedestrian -1 -1 -3.3646 911.8593 168.1763 937.6189 221.6653 1.8550 0.8063 0.6674 11.0620 1.6931 25.4770 -2.9597 0.4038
Pedestrian -1 -1 -0.5624 1074.1968 177.1662 1115.7800 236.3781 1.7409 0.8550 0.6845 14.5348 1.8736 21.7093 0.0207 0.2359
Pedestrian -1 -1 -1.4178 982.2551 167.7343 1001.8561 204.7913 1.7577 0.7454 0.6501 18.3392 1.5152 34.7040 -0.9356 0.2312
Pedestrian -1 -1 2.6244 859.9325 148.4351 886.5554 199.3678 1.9468 0.7857 0.6681 10.1754 1.0138 28.0213 2.9691 0.2034
Pedestrian -1 -1 3.0251 65.2665 182.8013 91.0017 226.9759 1.6982 0.6038 0.7529 -20.9992 2.0971 28.4283 2.3932 0.1991
Cyclist -1 -1 -3.7033 1077.1597 171.3879 1141.3226 238.4409 1.7622 1.8223 0.5547 13.6681 1.7240 19.8794 -3.1084 0.2451
Cyclist -1 -1 3.3479 360.9586 176.9676 372.2897 196.2034 1.7254 1.8307 0.6212 -22.2971 2.1078 66.0659 3.0233 0.2236
Cyclist -1 -1 2.3155 965.4156 180.8166 997.0645 212.4092 1.7858 1.6971 0.5779 21.6291 2.2610 42.1312 2.7864 0.2173
Cyclist -1 -1 -0.8463 1061.3085 179.0726 1126.1255 237.3483 1.6721 1.7103 0.5085 14.5240 1.8679 21.7822 -0.2651 0.1964
Cyclist -1 -1 -0.7556 899.3679 182.0325 918.8991 203.1416 1.7236 1.6404 0.5298 25.0604 2.5049 60.5224 -0.3653 0.1931
Car -1 -1 -1.6376 570.2651 174.4839 609.6001 209.1986 1.5390 1.6061 3.5953 -1.0321 1.6204 34.0267 -1.6682 0.5858
Car -1 -1 3.1992 232.0412 172.7956 268.0922 202.0762 1.6690 3.9442 1.7030 -21.5676 1.6660 43.2732 2.7391 0.4973
Car -1 -1 -0.1117 300.2581 174.6761 331.4433 197.8255 1.6599 3.9259 1.7438 -22.1570 1.8026 54.2127 -0.4982 0.3509
Car -1 -1 -0.1357 904.1003 178.5280 941.6450 204.9284 1.5058 3.6781 1.5996 18.9915 1.8677 43.9902 0.2689 0.2360
Car -1 -1 2.7478 537.8239 181.9394 577.7761 203.5222 1.5192 3.7786 1.6896 -4.0126 2.2331 54.5952 2.6743 0.2165
Car -1 -1 -0.7851 893.3052 178.3350 944.6646 198.4514 1.5520 3.6237 1.8089 25.1027 2.0143 58.7842 -0.3837 0.2048
