Cyclist -1 -1 2.5157 648.5565 176.4644 672.9410 202.6725 1.6837 1.8631 0.6288 3.3048 1.9269 47.5720 2.5841 0.3644
Cyclist -1 -1 3.2114 366.0093 177.3131 383.6286 219.4758 1.7445 1.8820 0.5898 -10.1482 1.9428 31.0435 2.8976 0.3386
Car -1 -1 -1.7274 582.4529 174.4537 651.3577 229.4660 1.5859 1.6110 3.6239 0.0929 1.6411 22.8233 -1.7242 0.6751
Car -1 -1 3.3229 370.7022 182.4618 418.6348 214.6867 1.4781 3.5988 1.6712 -10.7473 1.9841 36.0920 3.0351 0.6475
Car -1 -1 3.4164 306.0644 176.8383 380.6669 220.1485 1.6247 4.3918 1.7425 -10.9136 1.8017 29.7330 3.0671 0.5783
Car -1 -1 -1.4574 850.7209 166.7515 1033.9916 328.0828 1.5566 1.6782 3.8496 4.2663 1.4981 9.0413 -1.0299 0.4760
Car -1 -1 -0.8133 746.4197 168.5248 918.2348 245.4162 1.6115 1.5673 3.9160 5.1548 1.5212 16.7738 -0.5208 0.4514
Car -1 -1 3.1584 413.7328 178.8443 445.1448 206.2867 1.5307 3.5835 1.7443 -10.7668 1.9044 43.0330 2.9143 0.4196
Car -1 -1 -1.3115 666.7919 175.7227 725.7543 214.3453 1.5365 1.6258 3.7115 3.7275 1.6683 31.0271 -1.1936 0.3872
Car -1 -1 -0.9969 772.7425 174.0398 977.7930 280.7479 1.6150 1.5786 3.8562 4.7147 1.6393 12.7540 -0.6513 0.3714
Car -1 -1 -2.2293 685.2768 157.7847 807.5557 211.3981 1.6147 3.2793 2.1411 4.3683 1.1612 23.4321 -2.0477 0.3660
Car -1 -1 0.0672 493.1884 173.6873 520.8724 198.1366 1.6133 3.7810 1.6377 -7.0834 1.6733 49.6877 -0.0740 0.3445
Car -1 -1 3.2687 0.0000 181.9871 24.6552 219.3810 1.5504 3.2840 1.9169 -28.0487 1.9893 32.7402 2.5642 0.3258
Car -1 -1 -0.0535 644.1992 179.7393 667.9431 198.9165 1.4681 3.4699 1.7214 3.6650 2.0407 58.2256 0.0086 0.3246
Car -1 -1 -1.4170 294.9948 181.7502 341.5894 213.4660 1.5285 1.7531 3.3649 -15.1956 2.0156 37.6390 -1.7986 0.3076
