Pedestrian -1 -1 3.0105 360.9701 142.5154 429.4600 300.8335 1.8262 0.9712 0.6890 -2.7202 1.4766 8.9042 2.7213 0.5239
Pedestrian -1 -1 1.7065 291.6631 141.0061 412.2108 346.9416 1.8844 1.0270 0.5875 -2.5239 1.5933 6.9896 1.3708 0.5097
Pedestrian -1 -1 -0.4684 603.1047 170.4238 626.2365 214.2178 1.7851 0.8204 0.6587 0.1486 1.6864 29.9215 -0.4641 0.3926
Pedestrian -1 -1 2.4631 845.4430 161.1683 870.1797 204.9602 1.8258 0.8217 0.6090 10.4545 1.3390 30.5709 2.7893 0.2430
Pedestrian -1 -1 3.0607 48.7165 150.0923 74.3201 210.8223 1.9115 0.7930 0.5963 -17.6869 1.1954 23.2023 2.4148 0.2394
Pedestrian -1 -1 2.7880 187.7982 166.9059 209.6707 209.3780 1.7982 0.7368 0.5999 -17.7190 1.5467 31.0121 2.2724 0.2348
Pedestrian -1 -1 1.5736 960.3936 170.0077 976.8436 204.6610 1.7680 0.7548 0.6901 18.4932 1.6231 37.2856 2.0305 0.2289
Pedestrian -1 -1 0.9023 1197.8971 166.9168 1228.0481 205.2276 1.7906 0.8660 0.6656 28.4219 1.5135 34.0632 1.5931 0.2204
Pedestrian -1 -1 1.5843 144.4718 182.1798 170.5847 239.5411 1.7467 0.6814 0.7671 -14.2339 2.0462 22.6366 1.0280 0.2187
Car -1 -1 -1.9490 792.1975 182.8443 1015.4423 319.0046 1.4840 1.5336 3.5555 3.7181 1.6468 9.9260 -1.6014 0.7907
Car -1 -1 -2.2387 1058.5491 184.2134 1242.0000 336.4524 1.4943 1.6243 4.0121 7.8320 1.6743 9.3949 -1.5599 0.6943
Car -1 -1 -0.0216 220.1370 174.4511 247.4888 197.5772 1.5663 3.6589 1.6433 -26.7164 1.6843 51.1412 -0.5011 0.3006
Car -1 -1 2.1112 240.2607 177.1030 286.6469 194.2782 1.5530 3.4693 1.7421 -32.0709 1.9527 66.7789 1.6648 0.2953
Car -1 -1 2.0905 242.4542 180.9031 293.6927 198.8970 1.5232 3.6683 1.7300 -29.8438 2.2374 62.9828 1.6494 0.2790
Car -1 -1 2.7266 790.1835 181.7918 856.4595 215.8898 1.5237 3.7839 1.7081 10.3094 1.9856 35.2710 3.0082 0.2712
Car -1 -1 2.5368 563.7675 180.1633 606.2214 200.0016 1.5063 3.5567 1.6934 -2.0663 2.1152 58.1379 2.5010 0.2265
Car -1 -1 2.7665 400.1516 183.4642 442.1840 205.8857 1.5197 3.7364 1.7268 -13.8832 2.3266 52.8293 2.5103 0.2211
