Pedestrian -1 -1 3.0466 301.1693 176.2698 320.5191 220.3044 1.7663 0.8147 0.6582 -12.2903 1.9089 29.5328 2.6550 0.3379
Pedestrian -1 -1 2.4197 799.5087 169.5475 817.5366 202.5464 1.7251 0.7326 0.5792 10.4648 1.5526 38.1739 2.6848 0.3215
Pedestrian -1 -1 2.4203 804.4995 160.4153 858.9059 256.0394 1.7413 0.7604 0.6360 4.1248 1.5152 13.6152 2.7076 0.2958
Pedestrian -1 -1 2.7293 337.3339 177.2129 359.0670 216.5945 1.7239 0.7493 0.6677 -11.7229 1.9218 32.1940 2.3823 0.2027
Cyclist -1 -1 0.4404 286.3692 192.0255 335.0258 268.9779 1.6605 1.6282 0.3852 -6.9925 2.1292 16.8000 0.0510 0.2640
Cyclist -1 -1 -0.0568 392.6160 171.7597 407.0701 209.9994 1.6653 1.7377 0.5239 -9.4633 1.6180 32.3252 -0.3398 0.2500
Cyclist -1 -1 -0.2917 662.0345 173.6838 678.6749 195.9353 1.6948 1.8037 0.7988 4.6489 1.7607 55.9911 -0.2097 0.2452
Cyclist -1 -1 0.0692 501.8901 180.8705 509.8912 199.8340 1.7318 1.7393 0.6236 -9.7584 2.4924 67.5341 -0.0741 0.2088
Car -1 -1 1.6244 461.9283 184.6477 534.3955 245.4986 1.5431 1.8803 4.1701 -3.2399 1.9270 21.2992 1.4745 0.6604
Car -1 -1 2.0692 0.0000 183.1085 327.6110 375.0000 1.5762 1.7204 3.9088 -3.6915 1.6827 5.4559 1.4961 0.6359
Car -1 -1 2.6876 770.1750 176.2256 811.1641 196.5613 1.5369 3.7719 1.6576 14.2546 1.8140 57.2147 2.9302 0.3226
Car -1 -1 -1.1428 661.3887 181.7282 706.4069 198.9152 1.4514 3.6168 1.6809 6.5549 2.2622 64.2571 -1.0420 0.2657
Car -1 -1 3.1943 214.3058 179.9405 302.0850 255.1297 1.5628 3.8547 1.6803 -8.4517 1.7556 17.4928 2.7498 0.2656
Car -1 -1 -3.2269 682.3056 168.5519 718.5543 199.9296 1.5913 3.6604 1.5963 4.7358 1.3735 38.4466 -3.1056 0.2264
Car -1 -1 -1.8170 719.7177 180.7192 837.8080 226.5719 1.4972 3.6321 1.7162 5.6823 1.7774 24.7679 -1.5948 0.1976
