Pedestrian -1 -1 -1.6365 679.9294 175.7645 688.3789 195.1354 1.7284 0.7139 0.6316 6.6383 1.9915 64.8055 -1.5353 0.2739
Pedestrian -1 -1 1.0659 717.1556 170.4771 730.9536 191.7968 1.8366 0.9883 0.6571 9.8781 1.6322 62.6336 1.2212 0.2641
Pedestrian -1 -1 1.8823 741.5118 173.4420 755.6445 199.2692 1.8207 0.8211 0.6776 9.8407 1.8633 51.3781 2.0701 0.2011
Pedestrian -1 -1 -1.4367 1028.7938 170.8674 1058.3318 224.0424 1.7245 0.7635 0.6392 14.3084 1.6604 23.8842 -0.9029 0.1871
Pedestrian -1 -1 -0.6826 779.2669 173.8148 797.3635 206.4397 1.7541 0.6788 0.6798 9.6675 1.8073 39.2694 -0.4434 0.1716
Cyclist -1 -1 -0.3813 677.0526 176.9387 690.0145 195.6869 1.6497 1.6860 0.5683 6.5738 2.0218 64.7648 -0.2810 0.3607
Cyclist -1 -1 2.3606 712.9497 171.0086 732.8837 191.5272 1.7579 1.7975 0.6262 9.7873 1.6001 62.7238 2.5143 0.2432
Cyclist -1 -1 -1.2535 1181.2683 186.3777 1242.0000 249.0011 1.8018 1.8888 0.6239 18.7542 2.2353 22.1410 -0.5581 0.2281
Car -1 -1 3.6690 24.4803 175.6899 146.3063 226.4293 1.7765 4.4401 1.7854 -20.0709 1.8952 27.8099 3.0482 0.4157
Car -1 -1 0.1057 438.5814 179.0619 464.5684 198.6336 1.5537 3.7414 1.7419 -13.2655 2.0911 60.4703 -0.1097 0.4139
Car -1 -1 1.8722 270.7433 183.2813 331.1507 216.8421 1.5702 1.7599 3.9191 -15.8265 2.1356 37.0593 1.4708 0.3513
Car -1 -1 3.4560 147.4922 181.1234 211.7514 216.4355 1.5322 3.4514 1.6050 -20.2582 1.9439 34.0337 2.9223 0.2510
Car -1 -1 -0.8967 1050.0996 190.2174 1202.6356 246.8009 1.5997 3.8821 1.6671 16.8043 2.2229 23.7817 -0.2881 0.2055
Car -1 -1 3.2310 404.2784 178.7625 428.2425 197.7935 1.5307 3.7225 1.6373 -16.4312 2.0486 61.2298 2.9696 0.1946
