Pedestrian -1 -1 0.2486 154.0706 151.1740 187.4461 214.9597 1.8893 0.8873 0.6648 -13.3614 1.2475 21.8893 -0.2942 0.3164
Pedestrian -1 -1 1.7061 429.4176 159.9149 490.3004 267.9716 1.8379 0.9626 0.6719 -2.6670 1.6182 12.6385 1.5014 0.2793
Pedestrian -1 -1 2.7968 538.1207 165.9093 560.5782 210.7388 1.8935 0.7964 0.7344 -2.6492 1.6005 30.9885 2.7117 0.2204
Pedestrian -1 -1 -0.6258 1015.2360 170.7794 1058.2213 239.4579 1.7083 0.7284 0.6310 10.7890 1.6570 18.3388 -0.1016 0.2026
Pedestrian -1 -1 -0.9311 1101.4670 154.6420 1165.2727 241.7231 1.7875 0.8602 0.6820 11.0529 1.4141 15.3232 -0.3157 0.1804
Pedestrian -1 -1 2.6569 413.0234 165.5546 429.7726 197.0198 1.8554 0.8371 0.6527 -11.2943 1.4254 43.0737 2.4016 0.1584
Pedestrian -1 -1 -0.0110 131.9747 157.8882 158.6757 225.7421 1.8019 0.8001 0.6014 -12.7092 1.4048 19.6570 -0.5789 0.1361
Cyclist -1 -1 -2.2980 225.8315 160.9258 287.1655 217.0053 1.7845 1.7089 0.8232 -11.7312 1.4053 23.9046 -2.7501 0.2810
Cyclist -1 -1 -2.7953 393.6717 165.9048 414.4125 199.5899 1.8612 1.8520 0.5306 -11.6707 1.4776 40.8068 -3.0724 0.2255
Cyclist -1 -1 2.3633 812.4581 164.4853 846.1718 198.7443 1.8289 1.8826 0.6177 11.9532 1.3825 39.4932 2.6547 0.1647
Cyclist -1 -1 -0.6973 1030.8229 163.3885 1107.5328 238.2644 1.7756 1.7887 0.5963 11.3857 1.5515 18.0356 -0.1421 0.1605
Cyclist -1 -1 0.0454 153.4405 174.2316 166.7207 203.8716 1.7819 1.7444 0.6119 -27.6935 1.8687 44.3704 -0.5101 0.1559
Cyclist -1 -1 -0.0652 526.9659 179.8917 539.1111 209.0092 1.7003 1.7610 0.6123 -4.6799 2.1339 43.4966 -0.1722 0.1518
Cyclist -1 -1 -1.6990 420.9780 172.1337 443.6516 193.3029 1.7545 1.7782 0.6249 -14.8993 1.6951 60.4085 -1.9400 0.1469
Cyclist -1 -1 1.3711 407.1726 163.4768 436.6569 193.2844 1.7557 1.6225 0.5792 -11.2707 1.2037 43.1133 1.1167 0.1462
Cyclist -1 -1 0.1139 0.0000 168.9377 35.5403 239.7025 1.7976 1.7760 0.6322 -15.8894 1.6984 19.2440 -0.5696 0.1452
Cyclist -1 -1 -0.6026 824.4020 157.4591 857.5413 196.4833 1.8158 1.8497 0.5540 10.9991 1.0998 34.5363 -0.2970 0.1425
Cyclist -1 -1 -0.8474 1081.0641 156.6418 1180.5331 243.9910 1.7557 1.7750 0.5798 11.0344 1.4302 15.4306 -0.2360 0.1410
Cyclist -1 -1 -0.2917 580.3477 176.9157 600.2249 208.7788 1.7119 1.7477 0.6200 -1.1365 1.9422 39.9257 -0.3205 0.1387
Cyclist -1 -1 -1.5939 388.3640 167.5957 428.6122 207.0606 1.8029 1.7856 0.6081 -9.3988 1.5630 33.5096 -1.8656 0.1385
Cyclist -1 -1 0.3514 72.1518 174.5319 127.0741 243.4731 1.7752 1.8444 0.6125 -13.8727 1.8234 19.5936 -0.2584 0.1295
Car -1 -1 2.5874 717.6891 176.7022 759.4305 195.5345 1.5133 3.8950 1.6641 10.7959 1.8501 60.9595 2.7615 0.2302
Car -1 -1 -0.1683 152.2635 182.6092 194.6498 209.9790 1.5431 3.8170 1.6012 -26.7120 2.1656 44.0487 -0.7110 0.1956
Car -1 -1 -0.4263 572.4802 175.2164 612.8723 196.5096 1.5413 3.7715 1.6457 -1.3781 1.7276 54.7363 -0.4517 0.1677
Car -1 -1 1.7791 286.0500 180.5776 365.8908 209.7181 1.5025 3.7408 1.6880 -15.3038 1.9320 38.9429 1.4066 0.1639
Car -1 -1 0.1566 154.0167 180.2424 207.6879 213.7863 1.5268 3.9325 1.6924 -21.3244 1.9169 35.9207 -0.3761 0.1620
Car -1 -1 2.0103 372.3743 178.0579 453.9023 207.3145 1.5278 3.9356 1.6927 -10.7230 1.8199 39.2698 1.7451 0.1519
Car -1 -1 2.5699 676.4503 178.3006 719.7682 198.4540 1.5167 3.4407 1.8406 6.9384 1.9643 57.3017 2.6893 0.1477
Car -1 -1 -1.5570 595.5272 176.8334 642.9891 196.6995 1.5285 3.6797 1.7964 0.7138 1.8476 56.8370 -1.5449 0.1458
Car -1 -1 2.4390 800.4561 172.7425 876.0299 204.2521 1.5818 3.9262 1.6790 12.0192 1.5765 38.3531 2.7400 0.1433
Car -1 -1 2.5539 608.0569 178.7842 663.3342 204.8138 1.4680 3.5845 1.6086 1.4747 1.8421 43.5248 2.5871 0.1427
Car -1 -1 0.9518 587.5182 174.0849 650.4498 196.5248 1.4987 4.0640 1.8613 0.6147 1.5882 50.3219 0.9636 0.1405
Car -1 -1 -0.2301 560.0123 174.3666 603.3312 202.5010 1.5363 3.7512 1.6784 -1.7171 1.6282 41.6472 -0.2715 0.1397
Car -1 -1 2.6965 500.4465 177.6525 540.2820 198.1653 1.5438 3.8215 1.6524 -7.1774 1.9390 57.3146 2.5721 0.1362
Car -1 -1 1.3959 337.8674 175.7753 404.0109 200.2905 1.4731 3.7119 1.6859 -15.0560 1.6637 45.3616 1.0769 0.1292
