Pedestrian -1 -1 3.3319 362.9488 159.9273 393.2455 228.9325 1.8258 0.6472 0.6668 -6.2922 1.4841 19.4490 3.0225 0.2817
Pedestrian -1 -1 -0.5052 1111.4756 157.3725 1152.5543 220.3281 1.7692 0.7856 0.6526 14.9195 1.3345 20.7013 0.1122 0.2250
Pedestrian -1 -1 1.6823 433.5604 175.1905 481.6458 257.3262 1.7307 0.9542 0.6048 -3.3275 1.7826 15.5678 1.4743 0.2227
Cyclist -1 -1 -3.7010 1051.6851 161.4025 1094.7433 205.5910 1.7696 1.7855 0.6373 19.0564 1.3114 29.7874 -3.1366 0.3402
Cyclist -1 -1 0.1607 354.4698 161.7103 405.3536 253.6347 1.7195 1.9373 0.6675 -4.6403 1.5114 14.5004 -0.1443 0.2331
Car -1 -1 1.6156 854.8056 175.4057 897.1642 211.4436 1.5477 1.6815 3.8855 12.3175 1.6737 33.4008 1.9656 0.6980
Car -1 -1 1.6832 759.5402 181.2475 819.8873 225.5547 1.5057 1.7949 4.2247 6.9216 1.8548 27.6791 1.9251 0.6573
Car -1 -1 -1.3301 687.3137 180.7404 783.5016 243.4926 1.5528 1.8072 4.0121 3.6328 1.8024 20.6042 -1.1589 0.5906
Car -1 -1 -1.2858 600.3434 181.7299 729.6184 266.7390 1.5338 1.7280 4.0228 1.2840 1.7537 15.6598 -1.2066 0.5656
Car -1 -1 0.2223 812.9794 176.8078 858.8306 205.2888 1.5146 2.9757 1.8604 12.7062 1.7471 40.6089 0.5230 0.5220
Car -1 -1 2.5700 923.1916 176.6038 1013.3948 214.8514 1.4554 3.5828 1.6262 14.6004 1.6198 29.6956 3.0226 0.3223
Car -1 -1 1.2638 909.1683 176.5327 981.8569 201.9397 1.5025 3.6815 1.6899 20.3941 1.7329 44.0421 1.6945 0.2801
Car -1 -1 -3.4064 832.1264 173.9062 874.4488 198.9349 1.5625 3.9516 1.6322 15.8358 1.6347 47.2302 -3.0852 0.2768
