Pedestrian -1 -1 1.7690 207.8656 146.2645 324.4929 349.2166 1.8379 0.8985 0.6594 -3.3375 1.5975 6.9567 1.3355 0.4318
Cyclist -1 -1 2.2075 964.4600 178.7056 998.7789 212.0179 1.5789 1.5964 0.3423 18.1097 1.8716 35.2630 2.6780 0.3668
Cyclist -1 -1 0.0404 668.1199 176.6419 681.8896 213.2057 1.6859 1.8719 0.5847 3.0720 1.8721 34.4326 0.1280 0.2813
Car -1 -1 2.0803 0.0000 184.4757 191.4478 276.8274 1.5955 1.9228 3.6857 -10.5736 1.8666 14.8783 1.4707 0.6370
Car -1 -1 -1.6239 593.5207 177.6406 637.0875 217.7254 1.5231 1.5833 3.8184 0.1213 1.7343 29.8254 -1.6206 0.5809
Car -1 -1 -1.4199 844.1171 170.2325 998.0866 298.0396 1.5283 1.5692 3.5905 4.6224 1.4974 10.5655 -1.0185 0.5764
Car -1 -1 -0.7311 770.1129 170.6540 976.9280 267.0668 1.6587 1.5800 3.6044 4.9944 1.6212 13.8292 -0.3922 0.4642
Car -1 -1 -1.3208 657.9220 177.1233 697.6915 202.6476 1.5357 1.6759 3.6809 4.3407 1.8208 46.0985 -1.2280 0.4236
Car -1 -1 -0.6900 721.5828 177.2754 897.8573 249.1358 1.5349 1.5665 3.9493 4.7052 1.6496 17.1280 -0.4271 0.4083
Car -1 -1 -0.7624 688.2751 173.6242 827.9704 234.2176 1.6024 1.5926 3.9578 4.2716 1.6269 20.8534 -0.5638 0.3548
Car -1 -1 1.2183 873.8674 171.9563 930.8433 194.3300 1.5831 3.4247 1.6962 20.9866 1.5200 51.9494 1.5999 0.2857
Car -1 -1 -2.0640 945.9729 165.5791 998.4354 185.7520 1.6081 3.3636 1.7633 29.2883 1.0286 58.4499 -1.6017 0.2812
Car -1 -1 -2.7726 685.7407 178.1152 769.7476 220.2706 1.4957 2.4755 2.4619 4.5054 1.7105 27.7094 -2.6137 0.2785
Car -1 -1 -0.9849 878.3385 173.9776 981.7886 211.3183 1.5303 3.8803 1.6732 13.9721 1.5834 31.7762 -0.5745 0.2781
