Pedestrian -1 -1 -0.4015 718.8204 177.2662 733.3274 205.9623 1.6673 0.6685 0.6302 6.7920 1.9297 42.4438 -0.2444 0.4196
Pedestrian -1 -1 2.4465 798.8743 151.4742 822.1429 200.2440 1.8651 0.6806 0.5648 7.7407 1.0478 28.0172 2.7130 0.3752
Pedestrian -1 -1 -0.1577 112.6183 152.4523 141.6839 219.9673 1.8548 0.6792 0.5815 -13.6128 1.2947 20.2667 -0.7433 0.3624
Pedestrian -1 -1 0.2935 857.4240 180.9266 892.2251 244.7248 1.7017 0.8373 0.6944 7.2688 1.9310 19.9231 0.6377 0.3539
Cyclist -1 -1 0.0969 0.0000 183.0102 27.6211 260.1534 1.5538 1.5920 0.5342 -13.0363 1.7846 15.5533 -0.5924 0.3465
Car -1 -1 -1.7922 714.7584 177.3173 885.4786 296.5587 1.5562 1.6687 4.2331 2.7783 1.6420 11.6936 -1.5657 0.7210
Car -1 -1 -0.1224 663.6255 175.8533 712.8156 213.6463 1.5564 3.6479 1.7075 3.3504 1.6968 31.8436 -0.0191 0.6707
Car -1 -1 -1.7101 669.1828 174.3770 726.1594 218.8855 1.5371 1.6024 3.5664 3.1486 1.5979 26.8411 -1.5953 0.6663
Car -1 -1 3.5545 145.7390 184.0156 382.2029 273.5054 1.6087 1.6561 3.8114 -6.6506 1.8400 14.0556 3.1193 0.5652
Car -1 -1 0.2022 408.0246 180.8033 506.1896 218.8221 1.5345 1.5358 3.7915 -6.3933 1.8765 30.2230 -0.0050 0.5409
Car -1 -1 0.5232 0.0000 191.5780 313.2707 332.2816 1.5070 1.6780 3.9209 -6.0264 1.7638 8.9279 -0.0572 0.5113
Car -1 -1 0.4450 46.8049 186.3128 344.9191 294.1667 1.5454 1.5752 3.8041 -6.4447 1.7762 11.4562 -0.0580 0.4833
Car -1 -1 0.1185 506.3571 175.3591 542.2444 203.3835 1.5306 3.6532 1.6325 -4.9254 1.6816 41.5585 0.0009 0.4051
Car -1 -1 1.9799 208.6086 173.7733 370.1756 240.4369 1.7697 3.6826 1.8497 -8.8788 1.7969 20.1064 1.5685 0.3951
Car -1 -1 2.7619 465.9893 176.9081 524.4808 209.2985 1.5282 3.7496 1.6506 -5.9045 1.7456 36.5819 2.6025 0.3505
