Pedestrian -1 -1 1.7458 0.0000 154.3966 141.5230 342.7363 1.8537 1.1324 0.6741 -5.6956 1.5985 7.5047 1.1185 0.8133
Pedestrian -1 -1 2.3049 832.3448 174.5021 876.7635 242.8373 1.6765 0.7325 0.7671 6.2595 1.5310 17.8475 2.6382 0.3775
Pedestrian -1 -1 -1.6206 1127.1968 192.0246 1224.0000 370.0000 1.6793 0.7021 0.7335 4.3554 1.7765 5.3545 -0.9648 0.3689
Pedestrian -1 -1 2.9250 7.2607 174.0683 71.1747 264.0572 1.7405 0.9019 0.8418 -11.4724 1.6177 14.2817 2.2608 0.3615
Pedestrian -1 -1 2.6964 641.7589 161.6567 696.5180 260.7078 1.7517 0.8389 0.7096 1.1273 1.4201 13.0168 2.7825 0.2988
Pedestrian -1 -1 2.8137 515.8373 164.8266 567.5836 262.8972 1.7288 0.8874 0.6992 -1.2179 1.4542 13.0063 2.7243 0.2588
Pedestrian -1 -1 1.2186 975.8622 188.1404 1126.6493 370.0000 1.6468 0.7521 0.7037 3.2755 1.7107 5.3391 1.7445 0.2196
Pedestrian -1 -1 -0.3874 84.8422 158.2554 142.7612 252.4042 1.7868 0.8424 0.6747 -9.7196 1.3662 13.9276 -0.9842 0.1993
Pedestrian -1 -1 -1.5648 883.2834 164.3505 943.0890 268.3721 1.7367 0.9291 0.6823 5.3074 1.4688 12.2967 -1.1651 0.1868
Pedestrian -1 -1 0.9749 811.3229 168.2202 870.1270 257.7091 1.7167 0.9259 0.5997 4.6120 1.4828 13.9754 1.2886 0.1826
Pedestrian -1 -1 -0.8374 994.1320 168.1351 1069.6038 275.6856 1.7545 0.8697 0.6774 7.2141 1.5544 12.0461 -0.3078 0.1803
Pedestrian -1 -1 -0.2664 252.3192 166.3734 306.9000 259.7856 1.7316 0.8660 0.7633 -6.3436 1.4714 13.6788 -0.6900 0.1663
Pedestrian -1 -1 2.2966 603.9066 171.5617 657.8696 257.2050 1.7132 0.8584 0.7218 0.4956 1.5361 14.6964 2.3312 0.1649
Pedestrian -1 -1 1.7374 291.1983 187.9551 325.8575 259.6712 1.8384 0.7248 0.7627 -7.8541 2.0416 18.6662 1.3466 0.1502
Cyclist -1 -1 -1.0362 1119.9169 147.8109 1224.0000 257.5786 1.7521 1.9218 0.5991 10.1037 1.2319 12.2854 -0.3590 0.2239
Cyclist -1 -1 1.4480 682.7288 162.5969 759.3218 232.7845 1.7543 1.8607 0.6309 2.9013 1.3084 18.0160 1.6067 0.2175
Cyclist -1 -1 1.7484 629.7642 160.8163 737.5350 258.8356 1.7297 1.8885 0.7025 1.4169 1.3840 13.0744 1.8556 0.2103
Cyclist -1 -1 0.3508 0.0000 174.2071 65.6173 266.0790 1.7305 1.8171 0.6575 -11.6978 1.6136 14.2792 -0.3230 0.2016
Cyclist -1 -1 1.9210 308.1902 181.8535 453.2960 293.3201 1.7094 2.0445 0.8696 -3.6039 1.7337 11.3369 1.6227 0.1832
Cyclist -1 -1 -1.6105 555.2134 148.3746 630.9052 221.9767 1.8128 1.8713 0.6358 -0.3480 1.0231 17.7799 -1.6277 0.1822
Cyclist -1 -1 0.6526 1096.0353 187.1540 1224.0000 370.0000 1.6324 1.7414 0.6062 5.4664 1.7004 6.5348 1.3270 0.1817
Cyclist -1 -1 -0.4960 876.2911 159.4756 965.2692 272.5533 1.7772 1.7988 0.5748 5.2751 1.4484 12.0293 -0.0907 0.1813
Cyclist -1 -1 -0.0610 521.4496 162.7619 560.5167 266.2856 1.7725 1.8188 0.6043 -1.2487 1.4705 13.0459 -0.1524 0.1813
Cyclist -1 -1 -1.1407 281.5064 198.2327 358.4669 268.5597 1.8024 1.7635 0.6890 -7.5615 2.2830 18.7037 -1.5178 0.1766
Cyclist -1 -1 -0.0332 261.7906 162.7564 300.2992 259.7839 1.7626 1.8175 0.6339 -6.3838 1.4419 13.7951 -0.4560 0.1720
Cyclist -1 -1 -1.6697 593.8793 169.4380 683.0107 257.0417 1.7861 1.8037 0.6760 0.6408 1.5622 14.7978 -1.6257 0.1559
Cyclist -1 -1 -2.0451 1019.1994 190.9908 1132.7181 283.2418 1.7085 1.7050 0.6630 8.9855 1.9182 13.5993 -1.4706 0.1545
Car -1 -1 -2.2841 1145.7385 184.2392 1224.0000 370.0000 1.5491 1.6703 3.8934 6.5058 1.5919 5.7339 -1.4614 0.2477
Car -1 -1 0.4228 21.0121 184.4063 126.6690 230.9134 1.5527 3.8159 1.6605 -19.3969 1.7090 25.9823 -0.2110 0.1913
