Pedestrian -1 -1 3.3183 307.5260 175.7270 346.1922 251.7187 1.7644 0.7268 0.7414 -6.7925 1.8350 17.2104 2.9471 0.4395
Pedestrian -1 -1 0.5133 1091.5143 127.1087 1235.6628 341.3844 1.9058 1.0996 0.6639 5.2679 1.4993 6.9454 1.1413 0.2898
Cyclist -1 -1 -1.5621 565.0057 171.6764 625.9677 229.6265 1.7396 1.8307 0.6781 -0.4867 1.7046 22.0084 -1.5848 0.2684
Cyclist -1 -1 0.0633 262.4116 171.2254 275.7821 200.5168 1.7913 1.9485 0.6325 -21.3538 1.6921 45.1452 -0.3764 0.2614
Car -1 -1 -1.6060 567.8203 178.3772 624.7047 228.9542 1.4915 1.7092 3.9143 -0.5720 1.6888 23.7178 -1.6306 0.6933
Car -1 -1 -1.5343 510.4174 175.5468 548.9271 211.3395 1.5217 1.6085 3.8206 -3.6541 1.6524 32.9337 -1.6445 0.6337
Car -1 -1 3.2765 330.1463 177.5388 372.6165 207.5555 1.5848 3.9787 1.7397 -14.6261 1.8644 40.8808 2.9347 0.4463
Car -1 -1 -0.4379 462.3454 180.4448 513.4636 206.5787 1.5308 3.9216 1.6735 -7.7826 2.0325 45.5628 -0.6066 0.3690
Car -1 -1 3.4103 390.8046 179.2380 424.1204 199.3973 1.5297 3.4844 1.6951 -16.1530 2.0551 57.5979 3.1378 0.3580
Car -1 -1 0.0289 611.5530 177.7393 632.3375 194.1317 1.4925 3.3571 1.8783 1.1385 1.9679 68.4378 0.0451 0.2678
Car -1 -1 -0.8272 749.4506 178.1924 805.5693 200.6281 1.5379 3.8364 1.6970 12.1183 1.9420 52.5001 -0.6020 0.2360
