Pedestrian -1 -1 2.3769 767.9816 175.2353 789.3232 212.4554 1.6993 0.6484 0.7135 7.7807 1.8116 33.4596 2.6029 0.3627
Cyclist -1 -1 3.6563 0.0000 203.2295 121.5220 375.0000 1.6488 1.7104 0.3924 -5.5501 1.9857 7.1171 3.0117 0.3242
Cyclist -1 -1 3.0472 410.1769 178.4051 435.7200 240.1557 1.7504 1.9023 0.5625 -5.6657 1.9247 21.6179 2.7932 0.3031
Cyclist -1 -1 2.9664 509.0136 182.9798 527.3226 219.4211 1.6503 1.5907 0.5850 -4.3740 2.1396 33.9900 2.8388 0.2649
Car -1 -1 -1.9417 720.8538 180.3721 1001.7383 352.5873 1.5450 1.6491 4.2125 2.6294 1.6600 8.8331 -1.6628 0.7638
Car -1 -1 -2.3370 906.6104 196.7179 1242.0000 375.0000 1.4808 1.6026 3.8572 2.8169 1.6430 2.9231 -1.6201 0.6596
Car -1 -1 1.7717 370.2036 181.5399 455.1674 217.6305 1.4863 3.2403 1.8682 -8.5253 1.8753 31.2464 1.5071 0.4789
Car -1 -1 2.9485 682.7440 172.5768 722.8287 200.2546 1.6275 4.2211 1.6631 5.6444 1.6115 44.5861 3.0732 0.4172
Car -1 -1 3.1283 560.2169 180.0443 587.6237 205.4520 1.5086 3.6702 1.6681 -2.3492 1.9841 45.7925 3.0768 0.4075
Car -1 -1 1.9417 380.5557 177.1433 466.2115 213.8844 1.7169 3.6591 1.6984 -9.0602 1.9318 35.0226 1.6900 0.3000
