Car -1 -1 -1.7175 671.4398 177.3111 755.7047 240.5249 1.5319 1.6878 3.8934 2.6701 1.6662 19.7185 -1.5857 0.7636
Car -1 -1 3.3053 322.5858 181.2863 456.7479 285.5650 1.5752 4.0537 1.6856 -3.9330 1.7563 13.3506 3.0233 0.7625
Car -1 -1 1.9591 54.6148 194.1997 372.0585 375.0000 1.5289 1.6422 3.7446 -4.0101 1.8217 7.9608 1.5050 0.7253
Car -1 -1 1.7393 458.5446 177.6716 531.4665 230.1369 1.6143 1.8403 3.6441 -3.8379 1.7897 24.3698 1.5841 0.6846
Car -1 -1 1.3618 722.7993 167.6969 802.6295 202.8952 1.8548 3.9326 1.7278 8.1488 1.5834 38.8922 1.5663 0.5075
Car -1 -1 -1.6660 664.4193 178.4046 722.7688 226.4052 1.5233 1.6422 3.9003 2.8089 1.7334 25.3094 -1.5575 0.4836
Car -1 -1 0.1346 495.3527 171.4017 551.4432 216.4450 1.7415 4.3035 1.7540 -3.5668 1.6857 30.0605 0.0170 0.4735
Car -1 -1 2.1964 882.8114 162.6194 1030.8228 231.1443 1.6353 1.4957 3.8992 9.0251 1.3914 18.8128 2.6372 0.4583
Car -1 -1 -2.1855 1115.5801 175.5177 1242.0000 372.7389 1.5399 1.6834 4.0371 7.4651 1.5769 7.7985 -1.4412 0.4491
Car -1 -1 -0.6546 1002.8107 160.1039 1182.2714 236.2398 1.6896 2.0230 2.9161 11.3002 1.4070 17.1340 -0.0799 0.4177
Car -1 -1 -0.7102 798.2523 169.4712 907.2603 218.7829 1.7594 1.6470 3.7318 9.1095 1.6390 27.2130 -0.3910 0.3512
Car -1 -1 1.6494 512.3044 177.7678 555.9688 211.4442 1.5304 1.8440 3.4491 -3.6706 1.7814 35.0452 1.5453 0.3335
