Pedestrian -1 -1 0.2422 448.0631 164.7310 480.4768 236.5142 1.7992 0.6203 0.6822 -3.7602 1.5960 18.4067 0.0428 0.3192
Cyclist -1 -1 -2.9128 562.5746 171.9949 575.2050 195.9973 1.7877 1.8867 0.5443 -3.1361 1.7240 54.7125 -2.9701 0.3148
Car -1 -1 -1.6507 679.5534 171.8847 728.9816 213.3892 1.6038 1.7010 3.8866 3.7918 1.5667 29.8580 -1.5262 0.6978
Car -1 -1 -1.7612 714.5720 178.5476 842.0449 272.4820 1.5390 1.6349 3.8572 3.0427 1.6651 13.9973 -1.5526 0.6863
Car -1 -1 3.2794 380.0677 178.1010 531.2231 303.3139 1.5857 4.2193 1.7201 -2.2814 1.6852 11.4695 3.0863 0.6681
Car -1 -1 -1.8613 742.3588 167.8450 1007.1260 342.7234 1.5754 1.6487 4.1058 2.7077 1.5306 8.5543 -1.5658 0.6525
Car -1 -1 -3.0125 461.0425 176.9074 562.4702 257.9603 1.5961 4.1977 1.7503 -2.1513 1.7010 16.5149 -3.1409 0.5875
Car -1 -1 -0.0173 583.9015 174.5950 612.0722 201.2029 1.5307 3.5785 1.6300 -0.7929 1.6406 43.5614 -0.0359 0.4481
Car -1 -1 -2.9781 663.4669 173.8479 707.0204 201.3530 1.5409 3.1290 2.0640 4.4177 1.6020 42.3281 -2.8752 0.3362
Car -1 -1 -2.9503 489.7569 177.5530 570.4983 234.8537 1.5457 3.7721 1.7237 -2.3516 1.7004 21.7332 -3.0575 0.2662
Car -1 -1 -2.1195 469.2664 168.1166 547.3422 200.4389 1.6319 3.7213 1.7812 -5.4076 1.3931 38.2958 -2.2592 0.2505
