Pedestrian -1 -1 0.4488 1156.8334 172.5883 1242.0000 359.7841 1.6833 0.9555 0.7143 5.9358 1.6813 7.0124 1.1298 0.4645
Pedestrian -1 -1 -0.9740 835.6217 160.4259 855.2287 200.4737 1.8184 0.6485 0.5720 10.7901 1.2545 33.1916 -0.6627 0.2629
Pedestrian -1 -1 1.3013 643.0168 174.6790 653.3594 197.0300 1.7598 0.6880 0.5834 3.0025 1.9059 57.2266 1.3530 0.2526
Pedestrian -1 -1 0.1089 183.3465 186.1842 195.5205 210.4155 1.6943 0.6696 0.6797 -29.9745 2.6521 51.3800 -0.4172 0.2237
Pedestrian -1 -1 -2.9898 1113.7190 167.7247 1127.0154 194.9309 1.7162 0.7111 0.5934 32.4909 1.3930 45.9758 -2.3779 0.1705
Cyclist -1 -1 3.2772 292.9375 182.8719 305.8123 205.8299 1.7287 1.8610 0.6744 -24.2015 2.5227 56.1749 2.8718 0.3861
Cyclist -1 -1 3.5874 180.4587 186.1414 201.0673 210.9585 1.7064 1.8359 0.5320 -29.9676 2.6733 51.5479 3.0628 0.3200
Cyclist -1 -1 -0.5004 1106.2192 170.3382 1135.8049 199.1773 1.7940 1.9496 0.6765 32.4483 1.6378 45.8876 0.1117 0.2843
Cyclist -1 -1 -0.3364 633.6362 175.8106 647.8868 195.9852 1.7560 1.9123 0.6686 2.7046 2.0233 64.1102 -0.2949 0.1815
Car -1 -1 3.4455 202.8703 186.7283 241.5668 206.9856 1.5227 3.9480 1.6883 -31.7856 2.7017 59.2006 2.9544 0.4128
Car -1 -1 -2.3941 400.1323 180.7798 454.1046 202.1905 1.5924 4.2547 1.7546 -14.5811 2.2511 57.6412 -2.6412 0.3930
Car -1 -1 -0.4972 141.0605 185.6153 193.7970 207.1261 1.4805 3.9029 1.6701 -32.7778 2.4550 53.3763 -1.0459 0.3708
Car -1 -1 2.6487 615.3183 179.4318 650.8665 197.3423 1.5375 3.5049 1.7649 2.0424 2.1514 65.3401 2.6794 0.2427
Car -1 -1 2.5436 844.4172 182.9235 901.5327 207.7168 1.5270 3.7985 1.7335 17.4601 2.2283 48.1631 2.8889 0.2099
