Pedestrian -1 -1 2.4105 886.0402 144.2009 1023.7331 362.4042 1.7544 0.8486 0.6834 2.9816 1.4642 6.1861 2.8419 0.7683
Pedestrian -1 -1 -0.7360 853.2944 143.0677 972.4777 331.3058 1.7820 0.8867 0.6981 3.0719 1.4294 7.2244 -0.3476 0.6926
Pedestrian -1 -1 2.9104 558.0521 150.5950 601.5696 246.5638 1.7877 0.8377 0.6647 -0.5392 1.2323 13.6579 2.8739 0.6821
Pedestrian -1 -1 -0.6741 780.2993 140.8238 911.8102 358.5861 1.7662 0.8781 0.7036 2.0595 1.4461 6.2662 -0.3693 0.5488
Pedestrian -1 -1 2.4144 680.2856 148.5521 708.8173 207.6028 1.8008 0.6894 0.5651 2.7528 0.8281 22.0012 2.5391 0.5357
Pedestrian -1 -1 -0.0105 434.6501 143.4279 464.6343 230.8539 1.8129 0.7904 0.6102 -3.3636 1.0458 15.1092 -0.2230 0.5126
Pedestrian -1 -1 -0.1483 459.0912 155.3315 493.6440 231.3616 1.8744 0.9723 0.7315 -3.3218 1.2555 18.0039 -0.3257 0.4769
Pedestrian -1 -1 2.7279 600.3488 138.9561 649.1619 234.4039 1.8069 0.8727 0.6636 0.3368 1.0221 13.9095 2.7537 0.4539
Pedestrian -1 -1 1.5474 493.0353 157.1830 526.9355 232.5050 1.7887 0.8011 0.5798 -2.3465 1.2366 17.1334 1.4157 0.4137
Pedestrian -1 -1 0.1566 522.4515 147.5684 558.8416 233.1990 1.8306 0.7912 0.6807 -1.4445 1.1282 15.5281 0.0678 0.3927
Pedestrian -1 -1 -0.2348 107.4963 151.0575 166.3455 266.0476 1.8320 0.6979 0.6778 -7.8242 1.3646 11.7458 -0.8080 0.3102
Pedestrian -1 -1 2.9093 69.3031 159.0775 104.2370 223.5651 1.8579 0.7510 0.6818 -15.3321 1.2423 20.8684 2.2848 0.2999
Pedestrian -1 -1 2.8091 241.0649 165.5862 266.4000 215.0127 1.7490 0.7042 0.6250 -12.6910 1.2228 25.4841 2.3539 0.2633
Pedestrian -1 -1 3.0070 422.1483 153.3702 445.0441 209.8050 1.8420 0.8105 0.6408 -5.7482 0.9580 23.5659 2.7728 0.2452
Pedestrian -1 -1 -1.5925 240.2863 157.8090 287.7950 266.4730 1.7747 0.7089 0.7303 -5.8474 1.4057 12.0272 -2.0328 0.2414
Cyclist -1 -1 -2.8047 564.5128 152.5468 622.1541 225.8393 1.7540 1.7865 0.9208 -0.3042 1.0867 17.9091 -2.8194 0.3275
Cyclist -1 -1 -0.0289 379.7459 163.0606 415.9066 240.6438 1.6430 1.8460 0.7354 -4.7371 1.2753 15.9596 -0.3102 0.2739
Cyclist -1 -1 1.9707 324.7579 174.7980 486.0896 307.5385 1.6943 1.9545 0.7532 -2.7097 1.6232 9.5229 1.7038 0.2631
Cyclist -1 -1 -0.9593 237.3401 149.0847 355.9760 259.7128 1.7550 1.7591 0.6372 -5.1417 1.2583 11.7062 -1.3612 0.2409
Cyclist -1 -1 2.6079 777.8022 100.5492 955.0087 359.5780 1.8211 1.7593 0.5126 2.0222 1.2607 5.8801 2.9252 0.2350
Cyclist -1 -1 0.3456 236.3856 169.0446 270.8622 217.0085 1.6770 1.7064 0.5662 -12.7283 1.2780 25.5957 -0.1091 0.2283
Cyclist -1 -1 -0.1849 547.6902 160.8440 572.1727 204.4453 1.7396 1.6840 0.7087 -1.8909 0.9568 29.1071 -0.2472 0.2139
Car -1 -1 3.3755 0.0000 118.3059 302.3670 370.0000 1.6771 3.8116 1.7418 -3.1465 1.4528 4.6495 2.8135 0.5049
