Pedestrian -1 -1 0.1727 1125.3480 114.8015 1228.4908 315.4156 1.8439 0.7479 0.7003 5.5571 1.3107 7.1404 0.8139 0.4374
Pedestrian -1 -1 1.6050 92.3633 178.3982 168.7853 307.7704 1.7271 0.8708 0.6478 -6.7897 1.8096 10.1751 1.0282 0.4249
Pedestrian -1 -1 0.5302 154.6467 184.8696 228.5639 299.1580 1.6839 0.7886 0.6769 -6.4772 1.8760 11.1105 0.0123 0.2887
Pedestrian -1 -1 3.1080 0.0000 167.6482 33.8427 264.5037 1.7290 0.6730 0.6058 -11.1048 1.6364 13.3302 2.4231 0.2845
Cyclist -1 -1 3.5351 256.4652 206.8092 301.8354 274.8146 1.6600 1.6722 0.4959 -8.8707 2.6082 19.2961 3.1088 0.4381
Cyclist -1 -1 -0.3324 1149.0583 95.8513 1242.0000 333.2974 1.7805 1.7409 0.3982 5.2132 1.2035 6.2951 0.3364 0.4365
Cyclist -1 -1 0.3477 131.3929 167.3146 198.9385 258.7994 1.8104 1.8449 0.6128 -9.4029 1.7011 15.2404 -0.1976 0.3870
Cyclist -1 -1 1.3449 1037.4084 165.7741 1229.7645 296.5482 1.6593 1.9968 0.8093 7.0301 1.5698 9.8960 1.9479 0.3023
Cyclist -1 -1 0.1209 0.0000 165.8315 60.7986 295.7940 1.7861 1.9330 0.5536 -8.8088 1.6899 10.8827 -0.5478 0.2681
Car -1 -1 1.1046 957.0912 166.4906 1170.0157 243.3488 1.6185 3.6589 1.7370 9.9861 1.4849 16.1997 1.6484 0.6094
Car -1 -1 1.2831 855.5677 175.1492 1019.1774 234.3971 1.5169 3.7252 1.6514 8.7283 1.5829 19.6030 1.6958 0.6056
Car -1 -1 -1.4099 609.2440 175.6057 663.9684 214.9487 1.5712 1.7299 4.1865 1.1867 1.6996 31.3464 -1.3730 0.5182
Car -1 -1 -3.0844 658.2438 175.7099 689.6046 202.9726 1.5056 3.6751 1.6248 3.7405 1.6806 42.1849 -2.9971 0.4849
Car -1 -1 -1.6125 310.1085 200.9900 363.9465 248.6472 1.5130 1.7556 3.7457 -10.4661 2.6630 27.4121 -1.9746 0.4161
Car -1 -1 -0.9714 0.0000 201.5927 198.1955 375.0000 1.5553 1.6673 3.9850 -3.0572 1.7405 2.5077 -1.8038 0.3420
