Pedestrian -1 -1 -0.1941 359.1362 136.9468 428.7919 294.3932 1.8216 0.9540 0.6534 -2.7388 1.4065 8.9195 -0.4847 0.5181
Pedestrian -1 -1 1.7375 293.6121 143.7974 411.4294 343.8623 1.8318 0.9909 0.5469 -2.5102 1.5662 6.9566 1.4021 0.4428
Pedestrian -1 -1 -0.2740 603.8715 169.5686 625.2253 213.9300 1.8101 0.8024 0.6925 0.1427 1.6764 29.9180 -0.2699 0.3693
Pedestrian -1 -1 0.9888 1108.5225 173.5718 1168.4487 253.8332 1.7252 0.7419 0.8084 11.6041 1.7419 15.9324 1.6088 0.3417
Pedestrian -1 -1 2.1776 961.4390 167.9388 983.5330 202.9097 1.7799 0.7703 0.6770 18.6609 1.5301 37.2215 2.6388 0.2922
Pedestrian -1 -1 2.9625 46.7439 150.6691 75.4604 210.4342 1.8816 0.7250 0.6177 -17.6866 1.1835 23.1861 2.3162 0.2909
Pedestrian -1 -1 -1.0538 1004.5157 169.2323 1025.3849 202.3455 1.7769 0.7602 0.6656 21.9711 1.5829 39.2131 -0.5467 0.2444
Pedestrian -1 -1 -1.9739 376.7410 175.7846 390.2749 198.4010 1.8132 0.8700 0.6294 -18.3880 2.0533 58.5006 -2.2775 0.1948
Cyclist -1 -1 -0.5823 1021.3089 158.3041 1071.9813 213.8802 1.7953 1.6800 0.6210 14.5475 1.3256 24.1588 -0.0460 0.2514
Cyclist -1 -1 3.7253 9.8114 191.7370 84.1312 267.9182 1.5924 1.6803 0.4733 -12.7727 2.0433 16.3583 3.0701 0.2448
Car -1 -1 -3.1559 637.7571 180.6557 884.4365 274.9571 1.5552 1.6751 4.1718 2.6421 1.7121 13.2847 -2.9650 0.6426
Car -1 -1 -1.4821 0.0000 186.1215 58.9562 262.7901 1.5138 1.6965 3.6487 -14.1533 1.8617 16.9151 -2.1712 0.4526
Car -1 -1 -2.4831 166.4807 181.2019 220.3886 202.9714 1.5027 3.4652 1.6549 -30.5880 2.1378 53.0353 -3.0043 0.3158
Car -1 -1 -0.0123 220.5405 173.7133 247.5665 196.7930 1.5679 3.6582 1.6466 -26.7055 1.6316 51.1654 -0.4914 0.2716
Car -1 -1 2.0998 239.7275 177.1129 286.0860 194.3457 1.5591 3.4658 1.7357 -32.1231 1.9597 66.7834 1.6528 0.2668
Car -1 -1 2.0323 242.8593 180.5251 294.2911 198.9237 1.5670 3.6528 1.7978 -29.8827 2.2489 63.1686 1.5918 0.2570
Car -1 -1 -1.8699 707.6214 178.4118 739.1968 196.8588 1.4671 1.6707 3.3992 9.4162 1.9456 60.2693 -1.7160 0.1992
