Pedestrian -1 -1 1.9021 1185.2583 149.8051 1242.0000 268.1611 1.7476 0.8216 0.6645 9.4976 1.4076 11.1748 2.5932 0.3331
Cyclist -1 -1 -0.3648 550.2831 172.7551 582.0107 218.4485 1.7577 1.9944 0.5859 -1.8090 1.7543 28.7823 -0.4277 0.5629
Cyclist -1 -1 -0.7015 1163.2175 143.4284 1242.0000 255.9173 1.6306 1.6085 0.5031 9.4641 1.2044 11.2646 -0.0157 0.2506
Car -1 -1 -2.5475 0.0000 193.1239 294.9658 290.1044 1.4776 1.6010 4.0307 -7.7554 1.8465 12.2356 -3.1030 0.6438
Car -1 -1 -0.5017 762.5923 160.3625 1088.3108 283.9211 1.6814 1.7187 4.2220 4.5803 1.5118 10.9114 -0.1147 0.6143
Car -1 -1 -0.9905 937.7523 180.5054 1242.0000 375.0000 1.5281 1.5646 3.8607 4.9297 1.6103 6.3200 -0.3513 0.5462
Car -1 -1 0.8070 355.2927 183.6347 439.8953 221.7536 1.5137 2.2512 2.7318 -9.2215 2.0056 31.2428 0.5219 0.5413
Car -1 -1 0.4031 205.4243 188.5903 377.2682 248.0814 1.4953 1.6022 3.9080 -8.5093 1.9360 19.3756 -0.0061 0.4884
Car -1 -1 -0.7557 926.6584 163.9599 1108.2258 234.8213 1.5417 3.8571 1.6743 9.7822 1.3486 17.7745 -0.2600 0.2784
Car -1 -1 -0.1877 363.4578 173.0384 416.6513 209.8383 1.6556 4.0736 1.7121 -10.6635 1.6654 34.6827 -0.4842 0.2545
Car -1 -1 -0.8893 0.0000 196.9651 87.0161 375.0000 1.5225 1.5872 3.8239 -4.9592 1.7274 4.1016 -1.7371 0.2471
