Pedestrian -1 -1 3.2008 289.4450 169.5388 369.9805 344.3639 1.7042 0.8501 0.7308 -2.9588 1.6723 7.5459 2.8379 0.8427
Pedestrian -1 -1 3.1077 369.3171 175.8484 424.2027 291.8928 1.6901 0.9488 0.7783 -3.3492 1.7390 11.1086 2.8205 0.7809
Pedestrian -1 -1 3.4127 0.0000 140.7230 158.3090 375.0000 1.7459 0.8425 0.6853 -3.3021 1.5738 4.3824 2.7951 0.7561
Pedestrian -1 -1 -0.3860 566.9084 177.7909 586.6944 216.4053 1.6753 0.7523 0.6364 -1.5110 1.8971 31.8974 -0.4336 0.6451
Pedestrian -1 -1 2.5370 234.8496 166.1044 338.7490 329.2134 1.7475 0.9020 0.6995 -3.7522 1.6755 8.2615 2.1219 0.6159
Pedestrian -1 -1 3.0971 416.3288 178.6454 455.9683 267.3270 1.6516 0.8921 0.7096 -3.4417 1.7688 14.0309 2.8600 0.6108
Pedestrian -1 -1 2.3903 800.4786 163.8484 869.9089 267.0597 1.7486 0.8726 0.7908 3.9297 1.5964 12.7881 2.6811 0.4701
Pedestrian -1 -1 2.9665 115.6412 176.8540 221.6154 375.0000 1.7032 0.8733 0.6921 -4.0972 1.7432 6.5916 2.4276 0.4384
Pedestrian -1 -1 1.5810 437.9153 180.2284 460.8627 225.9066 1.6631 0.8225 0.6668 -6.0077 1.9418 26.8125 1.3621 0.4267
Pedestrian -1 -1 3.0700 0.0000 161.8151 79.4525 346.1094 1.7317 0.7710 0.6770 -5.8834 1.6284 7.2903 2.4086 0.3143
Pedestrian -1 -1 3.1282 329.6469 143.5334 373.9336 257.8002 1.7807 0.7607 0.6566 -4.2462 1.3242 11.7123 2.7871 0.3011
Pedestrian -1 -1 2.1358 399.9901 175.3745 434.1471 231.1311 1.6864 0.7789 0.6765 -6.0048 1.7662 22.2999 1.8752 0.2854
Pedestrian -1 -1 -0.7793 825.5647 158.4687 881.2323 247.7263 1.7892 0.8653 0.6848 5.0016 1.5012 15.0012 -0.4641 0.2611
Pedestrian -1 -1 3.0067 394.5230 156.8920 414.6481 212.0081 1.8193 0.5796 0.5766 -6.9361 1.2928 24.1954 2.7300 0.2594
Pedestrian -1 -1 -1.0549 918.3413 153.9099 981.1620 253.4007 1.7909 0.8664 0.6349 6.3099 1.4502 13.5224 -0.6273 0.2518
Cyclist -1 -1 -0.4880 0.0000 101.8617 128.6573 299.7438 1.7919 1.7506 0.5813 -5.6836 1.1494 7.1600 -1.1411 0.3478
Cyclist -1 -1 -0.1236 584.9261 178.0224 596.2395 203.2745 1.6654 1.7495 0.5515 -1.3514 2.0223 48.8618 -0.1517 0.3395
Cyclist -1 -1 -3.2960 785.5353 156.4484 831.2696 230.3687 1.7528 1.8450 0.8144 4.8893 1.3642 18.0666 -3.0364 0.3268
Cyclist -1 -1 3.2597 404.5394 172.2598 430.7573 228.0102 1.6653 1.7967 0.5808 -6.0229 1.6479 22.4802 3.0004 0.2701
Cyclist -1 -1 0.1843 477.4662 177.9702 487.9065 197.0644 1.7747 1.8463 0.6494 -12.0952 2.2672 68.4812 0.0098 0.2655
Cyclist -1 -1 2.7387 448.0471 181.5290 467.0941 208.1872 1.6040 1.6698 0.5454 -9.5039 2.1531 44.7982 2.5304 0.2645
Car -1 -1 2.6749 596.5591 176.2834 652.8326 205.8732 1.5453 3.7591 1.6057 0.7310 1.7464 40.1946 2.6924 0.4004
Car -1 -1 2.9845 589.1993 177.7488 623.0242 203.8035 1.5647 3.5776 1.6050 -0.3176 1.8896 45.9377 2.9771 0.3898
Car -1 -1 -0.5533 462.3074 177.6546 513.9263 202.5682 1.5523 3.4734 1.7975 -8.0946 1.8819 47.5841 -0.7213 0.3428
