Pedestrian -1 -1 2.6105 921.6693 157.2686 987.1015 264.3608 1.8012 0.8414 0.6941 5.9389 1.5394 12.5859 3.0417 0.3380
Pedestrian -1 -1 3.2999 438.7027 174.0661 461.6765 225.6694 1.7705 0.8541 0.6580 -5.6237 1.8139 25.2193 3.0822 0.3234
Pedestrian -1 -1 0.2661 224.1748 152.1112 269.4116 243.8332 1.8280 0.7778 0.6461 -7.4992 1.4150 14.8218 -0.1955 0.2466
Pedestrian -1 -1 2.6673 727.0544 151.0978 781.0592 250.6520 1.8116 0.7884 0.7138 2.6551 1.4160 13.6058 2.8551 0.2067
Pedestrian -1 -1 3.0961 473.1808 177.9758 488.1006 218.7399 1.6952 0.7377 0.5879 -5.5189 1.9153 30.5336 2.9183 0.1964
Pedestrian -1 -1 -0.5062 809.1339 152.5778 855.8906 237.2861 1.7501 0.8147 0.6320 4.6797 1.3316 15.3705 -0.2166 0.1898
Pedestrian -1 -1 2.1727 866.4200 167.9548 930.4805 268.1317 1.6954 0.8450 0.6249 5.0320 1.6128 12.7338 2.5403 0.1796
Pedestrian -1 -1 -1.4819 197.7320 143.8149 250.2204 275.9327 1.8393 0.6101 0.6790 -5.6424 1.4354 10.4731 -1.9660 0.1783
Pedestrian -1 -1 2.2652 1082.3776 160.1998 1160.0646 265.8312 1.6989 0.7972 0.7020 8.4934 1.4957 12.0808 2.8660 0.1773
Pedestrian -1 -1 2.1902 1032.4785 157.0063 1102.6545 256.8848 1.7197 0.8229 0.6773 8.1385 1.4472 12.9317 2.7412 0.1765
Pedestrian -1 -1 1.5512 1093.6194 153.7489 1189.5262 317.8383 1.7563 0.8524 0.6647 5.9790 1.5522 8.2337 2.1617 0.1752
Pedestrian -1 -1 2.3025 972.5231 163.3044 1030.8459 250.4668 1.7084 0.7506 0.7188 7.8756 1.5216 14.6159 2.7877 0.1752
Pedestrian -1 -1 -2.5902 782.1268 165.1121 825.3510 246.5848 1.7732 0.7077 0.6668 4.2972 1.6051 16.1868 -2.3360 0.1743
Pedestrian -1 -1 -0.8693 1024.7041 159.5539 1088.1729 250.4489 1.7492 0.8120 0.7061 8.8367 1.4936 14.3809 -0.3280 0.1688
Cyclist -1 -1 -0.0186 465.5074 169.5896 481.1276 213.7753 1.7586 1.7661 0.5959 -5.6657 1.6290 29.6401 -0.2063 0.3188
Cyclist -1 -1 -0.5754 934.6380 154.0620 1083.1271 318.9809 1.7679 1.8441 0.6276 4.6544 1.5668 8.6803 -0.0982 0.2013
Cyclist -1 -1 -0.5891 645.3112 170.2151 664.7562 192.2499 1.8041 1.9762 0.6203 3.7176 1.5884 60.0834 -0.5280 0.1975
Cyclist -1 -1 0.2274 436.9652 173.0185 463.8361 225.0552 1.7703 1.8122 0.5311 -5.6594 1.7767 25.4587 0.0103 0.1950
Cyclist -1 -1 -3.3774 874.3367 163.7431 936.9246 269.1757 1.7623 1.9627 0.5793 5.2602 1.6103 13.0694 -3.0034 0.1908
Cyclist -1 -1 2.7816 729.4785 176.0494 889.0140 375.0000 1.6504 1.8121 0.6038 1.4801 1.6810 5.9052 3.0136 0.1723
Cyclist -1 -1 -0.7796 1012.4898 154.9067 1113.0240 247.4673 1.7447 1.7791 0.6364 9.0172 1.4068 14.5367 -0.2339 0.1672
Car -1 -1 3.1896 509.6725 176.6579 552.4971 213.8265 1.5660 4.0094 1.7480 -3.5742 1.7504 32.8703 3.0816 0.6083
Car -1 -1 -3.0598 550.4672 179.4975 574.2642 199.2436 1.4751 3.4774 1.5938 -3.7485 2.0149 56.8283 -3.1258 0.2782
Car -1 -1 -1.7126 880.0081 170.5015 1089.0544 255.6721 1.6453 3.7160 1.6100 7.6868 1.6002 15.2779 -1.2548 0.2056
