Pedestrian -1 -1 2.5166 910.7590 153.4750 1007.0526 298.6740 1.7481 0.8302 0.7532 4.3561 1.5151 9.1641 2.9470 0.3842
Pedestrian -1 -1 1.7784 43.3177 204.0762 84.7200 262.8945 1.6748 0.8465 0.7738 -16.4039 2.6344 21.6341 1.1353 0.1531
Pedestrian -1 -1 -1.1970 300.4163 176.3149 310.6480 196.2893 1.7994 0.6446 0.6994 -27.6487 2.1156 65.4790 -1.5953 0.1510
Cyclist -1 -1 3.3787 57.0120 182.8028 76.2225 208.5950 1.7389 1.8571 0.6510 -37.9595 2.4475 50.3810 2.7354 0.3051
Cyclist -1 -1 -0.7960 1043.3945 159.2822 1102.5093 212.6007 1.8318 1.8669 0.6226 16.4555 1.3659 25.7662 -0.2332 0.2449
Cyclist -1 -1 -3.4260 983.8866 162.5091 1012.5612 199.6126 1.7693 1.7376 0.7719 18.9560 1.2764 35.3336 -2.9373 0.2415
Cyclist -1 -1 -0.1080 300.3782 177.3912 310.1453 197.1409 1.7562 1.7706 0.6307 -27.6944 2.1744 65.5132 -0.5067 0.1735
Car -1 -1 2.1208 51.4236 193.9444 186.6934 248.7840 1.5254 1.7899 4.0785 -16.0007 2.2800 23.7323 1.5326 0.7232
Car -1 -1 -0.2624 727.5914 147.6689 928.3299 279.3933 1.6695 4.2355 1.8349 3.0566 1.3507 11.2644 -0.0048 0.3042
Car -1 -1 3.0758 107.0501 177.7557 141.2297 202.7105 1.5378 3.6001 1.6240 -31.7956 1.8715 47.1372 2.4849 0.2889
Car -1 -1 -1.2945 226.1717 192.8790 274.1959 214.7700 1.5623 2.7586 2.3917 -27.6730 3.1436 55.5331 -1.7552 0.2411
Car -1 -1 3.1753 41.2058 182.0925 74.3001 205.1726 1.5299 3.4689 1.7454 -39.2365 2.2115 51.2819 2.5245 0.2187
Car -1 -1 -0.4727 986.7654 180.8508 1055.4969 210.9362 1.5171 3.0533 2.0302 21.9878 1.9647 38.7803 0.0394 0.1859
Car -1 -1 1.4668 629.4128 182.8860 694.1398 209.8521 1.5285 3.6411 1.6824 2.9792 2.1320 42.4721 1.5357 0.1667
Car -1 -1 1.4552 1054.3580 167.6379 1190.9565 217.6436 1.6295 3.6996 1.5761 17.6264 1.4599 25.0769 2.0620 0.1557
Car -1 -1 1.2832 669.6014 179.9098 705.7059 201.8169 1.5167 1.6944 3.5498 5.6449 2.0546 53.0731 1.3880 0.1523
Car -1 -1 -0.7250 0.0000 196.1916 81.0322 228.9010 1.4947 3.4202 1.7093 -28.4719 2.6881 35.7408 -1.3942 0.1495
