Pedestrian -1 -1 -1.0041 871.0695 138.0358 930.1184 238.3350 1.8958 0.8321 0.7003 5.6549 1.2381 14.1783 -0.6322 0.2101
Pedestrian -1 -1 -1.5986 328.5910 176.1356 334.9316 194.9854 1.7282 0.5287 0.6736 -25.7447 2.0339 66.7073 -1.9659 0.1470
Pedestrian -1 -1 -0.4774 1195.4231 185.8956 1230.2034 231.4186 1.7283 0.8199 0.7447 23.4618 2.2461 28.1447 0.2117 0.1379
Pedestrian -1 -1 1.8494 1013.8217 170.4202 1039.6793 209.8334 1.7447 0.8578 0.6740 18.7201 1.6373 32.4796 2.3679 0.1368
Cyclist -1 -1 -1.2183 1171.4287 184.3134 1232.8859 230.8700 1.7455 1.8059 0.5026 23.2389 2.2113 28.3990 -0.5382 0.2618
Cyclist -1 -1 -0.8520 1176.1921 165.5449 1227.6909 205.5596 1.7520 1.8511 0.6044 26.6376 1.4324 32.5529 -0.1709 0.2314
Cyclist -1 -1 -0.7452 1068.4087 170.0607 1111.3806 208.2952 1.7573 1.8256 0.6090 22.6239 1.6293 34.1098 -0.1639 0.2150
Cyclist -1 -1 -0.7374 907.5943 171.8737 941.6126 203.6937 1.7261 1.8447 0.6603 17.4393 1.6732 40.1163 -0.3305 0.2043
Cyclist -1 -1 -0.8183 1014.0011 169.0522 1060.5559 210.1005 1.7763 1.8746 0.6056 19.0068 1.6122 32.2058 -0.2895 0.1909
Cyclist -1 -1 0.0336 328.6089 179.2239 336.7990 199.2704 1.8014 1.9058 0.6402 -25.5630 2.3975 66.4782 -0.3324 0.1547
Cyclist -1 -1 -0.7719 918.7688 163.1103 956.6201 200.3831 1.7878 1.8027 0.6086 16.0922 1.3208 35.5569 -0.3504 0.1405
Cyclist -1 -1 -1.3919 356.3412 174.3259 379.4428 196.8665 1.8538 1.7317 0.6320 -20.0940 1.9771 59.8333 -1.7148 0.1399
Cyclist -1 -1 0.3868 46.0385 177.4795 73.3231 210.7519 1.7921 1.8128 0.5593 -30.5823 2.0554 40.0717 -0.2620 0.1358
Car -1 -1 -0.5596 839.5485 176.5622 876.4177 194.3441 1.5595 3.3700 1.6372 22.5817 1.9078 65.8665 -0.2311 0.2123
Car -1 -1 -0.2129 705.4731 181.2451 737.1325 200.8046 1.4567 3.9554 1.6851 8.8032 2.1493 57.4992 -0.0623 0.2103
Car -1 -1 0.2785 106.7237 185.9198 160.3464 213.4416 1.5002 3.9123 1.6754 -28.6519 2.3259 43.4550 -0.3018 0.2002
Car -1 -1 -1.7342 715.7711 177.7994 760.5906 195.1055 1.4957 3.6564 1.7850 11.2834 1.9395 63.7892 -1.5603 0.1710
Car -1 -1 3.4118 355.1298 176.6837 388.6478 196.7227 1.6379 3.8026 1.7671 -20.3244 1.9758 61.6547 3.0944 0.1578
Car -1 -1 2.6932 899.2824 171.3834 972.6965 206.8674 1.5948 3.9345 1.6250 15.4136 1.5291 34.4179 3.1107 0.1483
Car -1 -1 0.1062 210.2252 166.3357 243.0662 191.0284 1.6701 3.7366 1.6512 -26.9955 1.2296 50.8406 -0.3800 0.1388
Car -1 -1 2.5610 894.6379 173.2202 967.3464 203.2999 1.5300 3.9665 1.6558 17.1535 1.5511 38.8426 2.9736 0.1351
Car -1 -1 -2.3181 1203.7039 175.6403 1242.0000 237.9759 1.5125 1.6469 3.8367 18.4800 1.5960 19.5953 -1.5699 0.1345
Car -1 -1 2.5286 948.1537 169.8095 1024.4182 200.8808 1.6286 4.1015 1.6745 20.7062 1.4694 39.9641 3.0033 0.1339
Car -1 -1 -3.3340 1198.1987 174.7800 1242.0000 202.4781 1.4983 3.8921 1.7034 35.2682 1.6149 41.4374 -2.6327 0.1292
