Pedestrian -1 -1 2.2776 1030.3163 158.4400 1086.4167 243.6062 1.7488 0.8105 0.6049 9.4432 1.4532 15.2931 2.8217 0.6244
Pedestrian -1 -1 0.7357 1173.1492 164.4121 1242.0000 290.3838 1.7423 0.7523 0.8161 8.7979 1.6259 10.4360 1.4217 0.4017
Pedestrian -1 -1 1.0502 902.4780 132.2936 1020.9820 312.0238 1.8611 0.9693 0.6302 3.7392 1.4415 7.8262 1.4805 0.3446
Pedestrian -1 -1 0.9523 407.5248 144.8617 489.2638 300.2502 1.8404 0.7467 0.6761 -2.0782 1.5092 9.0466 0.7317 0.2930
Pedestrian -1 -1 2.2472 947.1871 159.3862 1008.4698 254.9052 1.7717 0.8000 0.6829 7.0203 1.5223 13.8874 2.7061 0.2631
Cyclist -1 -1 -0.5799 587.6166 177.9915 606.5483 198.8618 1.7016 1.8882 0.6511 -1.1098 2.1379 60.2638 -0.5987 0.3454
Cyclist -1 -1 3.1753 541.1557 178.1452 551.4380 206.8348 1.5825 1.7095 0.5267 -3.6474 1.8898 40.9856 3.0866 0.3231
Cyclist -1 -1 -1.8917 891.2629 146.3401 959.4480 206.9953 1.8139 1.7930 0.6343 9.5365 1.0213 21.9653 -1.4873 0.2844
Car -1 -1 -1.7158 653.6089 182.2695 707.3697 224.6573 1.4888 1.5570 3.5482 2.6243 1.8776 27.9577 -1.6239 0.7653
Car -1 -1 -3.4099 713.2709 172.0663 1011.4823 287.9803 1.5552 1.6001 3.8154 3.4579 1.5450 10.5523 -3.1025 0.6221
Car -1 -1 -1.7286 642.9066 178.0258 692.2435 215.2306 1.5763 1.6417 3.9542 2.5425 1.8290 33.1720 -1.6534 0.5723
Car -1 -1 3.1917 446.4212 172.7478 534.4401 258.7136 1.6547 4.0006 1.6851 -2.5784 1.6530 15.9650 3.0334 0.5132
Car -1 -1 3.4129 0.0000 122.6786 401.2326 375.0000 1.7371 4.1375 1.7641 -2.8877 1.4848 5.8203 2.9694 0.4838
Car -1 -1 -2.4950 0.0000 0.0000 1242.0000 375.0000 1.5590 1.6800 3.9803 2.8312 1.6580 1.6249 -1.5217 0.3634
Car -1 -1 -0.6198 569.6668 177.3391 610.9334 196.2588 1.5469 3.7466 1.6723 -1.7414 1.9447 61.9353 -0.6482 0.2900
