Pedestrian -1 -1 0.2326 309.7401 159.1363 338.4573 221.4027 1.8491 0.8381 0.6327 -8.7100 1.4421 21.8846 -0.1424 0.4341
Pedestrian -1 -1 -0.0708 151.0218 168.7909 177.2992 227.2630 1.8089 0.8383 0.6528 -14.1694 1.6836 22.8500 -0.6209 0.2975
Pedestrian -1 -1 1.9665 1026.8647 158.5518 1083.0635 246.2263 1.7558 0.8011 0.6662 9.1762 1.4697 14.9672 2.5072 0.2916
Pedestrian -1 -1 -1.5100 18.6516 215.1588 64.9437 293.7566 1.7057 0.7972 0.7539 -13.2399 2.7208 16.7690 -2.1709 0.2858
Pedestrian -1 -1 -1.9510 521.4394 173.2630 530.5760 192.6369 1.7042 0.6161 0.6238 -7.4610 1.7410 63.9053 -2.0670 0.2712
Pedestrian -1 -1 1.5826 479.0473 169.4090 495.2545 198.0514 1.8721 1.0461 0.6179 -8.1219 1.6473 47.5449 1.4140 0.2490
Pedestrian -1 -1 -2.3789 768.3467 166.5925 787.3809 194.8122 1.8283 1.1337 0.5994 10.9762 1.4230 47.3065 -2.1526 0.2000
Cyclist -1 -1 0.5592 36.1008 195.2188 111.6040 286.7453 1.6745 1.6436 0.3919 -10.7386 2.1483 14.4391 -0.0716 0.3245
Cyclist -1 -1 0.3790 49.3895 180.2462 86.2298 221.4523 1.7108 1.9169 0.6078 -23.5514 2.0423 31.3190 -0.2619 0.3216
Cyclist -1 -1 -0.2918 642.8466 178.2281 655.2620 197.7171 1.6704 1.8296 0.5837 3.3996 2.1496 63.3273 -0.2388 0.2846
Cyclist -1 -1 2.4216 760.5981 168.5797 787.1158 196.5570 1.8068 1.9046 0.5929 10.7609 1.5312 47.5741 2.6424 0.2416
Cyclist -1 -1 0.4625 0.0000 159.4110 105.8295 296.4356 1.8137 1.8893 0.5882 -8.2125 1.6362 10.5309 -0.1878 0.2320
Cyclist -1 -1 -0.5828 1024.2089 158.5396 1181.5398 317.8066 1.7440 1.9064 0.6107 5.8925 1.5876 8.8547 -0.0117 0.2223
Cyclist -1 -1 0.1579 744.4618 196.1478 783.0381 315.2945 1.4326 1.3336 0.3125 2.0113 1.7655 9.6179 0.3564 0.2141
Cyclist -1 -1 -3.5999 983.0475 159.6039 1027.6869 207.8870 1.7297 1.7149 0.7602 14.5702 1.2554 26.7162 -3.1055 0.1999
Cyclist -1 -1 1.3023 872.4100 186.7780 1035.0144 324.7446 1.7060 1.7977 0.7595 4.4318 1.9003 9.5355 1.7243 0.1900
Cyclist -1 -1 -2.0178 1096.6586 138.9119 1242.0000 260.9365 1.7347 1.8107 0.8071 8.4499 1.2525 10.8317 -1.3687 0.1883
Cyclist -1 -1 2.4295 1078.4642 134.6923 1185.5715 243.2722 1.8280 1.7979 0.5007 9.3378 1.1859 13.0648 3.0392 0.1766
Car -1 -1 2.8351 669.5762 178.2749 722.8823 209.5354 1.5272 3.9780 1.6555 4.4494 1.8296 38.0895 2.9499 0.3237
Car -1 -1 2.5299 755.7745 175.7553 863.2137 224.0473 1.5607 4.0254 1.6627 6.9575 1.6734 25.7530 2.7903 0.3169
Car -1 -1 -0.2519 673.9152 177.9317 711.4745 200.9509 1.5245 3.9114 1.6917 5.7397 1.8964 50.7426 -0.1404 0.2851
Car -1 -1 0.0031 748.8882 174.1035 789.4062 212.4764 1.5503 3.9152 1.6153 6.8712 1.6086 31.3696 0.2162 0.2411
Car -1 -1 0.3985 385.0731 183.8786 442.1661 214.3725 1.4829 3.7348 1.6096 -10.4360 2.1009 38.4608 0.1349 0.2291
Car -1 -1 3.0220 561.8018 180.0364 591.8369 202.4036 1.5293 3.4739 1.7702 -2.4696 2.0697 52.3857 2.9747 0.2107
Car -1 -1 2.0941 84.1585 180.3240 172.4540 209.8730 1.5482 3.6570 1.6531 -26.1601 1.9643 39.2152 1.5087 0.2101
Car -1 -1 0.1978 740.8803 176.7647 776.2996 199.9643 1.5657 4.0786 1.7226 10.6470 1.8580 51.6516 0.3995 0.1905
Car -1 -1 2.9630 504.4502 182.8228 534.8406 203.4431 1.5150 3.9261 1.7153 -7.2221 2.3351 57.1998 2.8375 0.1806
