Pedestrian -1 -1 1.6339 348.0767 150.1922 442.3777 303.7534 1.8529 1.1043 0.5749 -2.6718 1.4888 8.9254 1.3545 0.7187
Pedestrian -1 -1 1.6251 57.1793 187.0948 99.4580 247.7260 1.6911 0.9347 0.7558 -15.2255 1.8885 20.4121 0.9933 0.3814
Pedestrian -1 -1 1.4656 1123.8855 195.7890 1224.0000 370.0000 1.6856 0.7120 0.7629 4.3614 1.8143 5.3575 2.1218 0.3771
Pedestrian -1 -1 2.5961 641.6895 162.4528 697.8652 261.6475 1.7524 0.8227 0.7029 1.1404 1.4352 13.0103 2.6832 0.3465
Pedestrian -1 -1 2.4644 832.4457 175.0243 877.3539 244.2636 1.7009 0.7069 0.8012 6.2606 1.5680 17.8316 2.7980 0.3189
Pedestrian -1 -1 2.9555 253.3397 166.3869 305.9131 261.2686 1.7563 0.8751 0.7801 -6.3385 1.4967 13.6652 2.5318 0.2617
Pedestrian -1 -1 -0.1897 14.3231 170.4057 72.4418 260.8055 1.7596 0.8975 0.7762 -11.4405 1.5648 14.3452 -0.8504 0.2494
Pedestrian -1 -1 -1.7429 996.0480 165.5202 1065.9091 271.3058 1.7371 0.9184 0.6381 7.2043 1.4928 12.0649 -1.2145 0.2455
Pedestrian -1 -1 2.8154 517.4049 164.1137 568.1903 262.5065 1.7331 0.8700 0.6861 -1.1957 1.4461 12.9852 2.7276 0.2169
Pedestrian -1 -1 1.0453 971.1235 192.4287 1132.5569 370.0000 1.6531 0.7663 0.7132 3.2763 1.7508 5.3284 1.5720 0.2043
Pedestrian -1 -1 1.2741 556.8365 159.5028 612.6763 250.1618 1.8272 1.0284 0.6042 -0.4671 1.4056 14.6963 1.2448 0.1948
Pedestrian -1 -1 0.7585 1041.0055 201.3858 1116.1766 292.2348 1.6542 0.8926 0.8100 9.0516 2.0723 13.5955 1.3365 0.1753
Pedestrian -1 -1 2.7485 819.3470 168.5497 867.5050 258.7229 1.7224 0.8599 0.6123 4.6504 1.4957 13.9523 3.0650 0.1692
Pedestrian -1 -1 1.4107 293.3167 195.0759 326.8478 265.8662 1.8045 0.7199 0.6965 -7.8419 2.2017 18.7026 1.0210 0.1682
Pedestrian -1 -1 1.3866 461.5869 172.6803 513.7296 257.6513 1.7419 0.9915 0.6219 -2.5276 1.5832 14.9503 1.2242 0.1537
Pedestrian -1 -1 1.2318 76.8837 198.8552 113.4398 257.9106 1.7665 0.7396 0.6810 -15.8621 2.3510 21.9523 0.6143 0.1502
Cyclist -1 -1 1.8090 629.8318 161.9722 738.2819 260.2652 1.7287 1.8839 0.6965 1.4199 1.4045 13.0766 1.9163 0.2139
Cyclist -1 -1 1.0068 1042.2235 189.4001 1224.0000 370.0000 1.7054 1.7790 0.5821 5.1360 1.7951 6.6281 1.6445 0.2112
Cyclist -1 -1 -2.1600 1019.5533 195.1100 1131.9321 288.1550 1.7338 1.7185 0.6844 9.0132 2.0247 13.6363 -1.5853 0.2104
Cyclist -1 -1 1.4535 683.7133 160.5556 760.6894 231.0132 1.7630 1.8756 0.6194 2.9345 1.2655 18.0363 1.6138 0.2030
Cyclist -1 -1 -0.4110 855.5302 169.3376 941.3727 292.8420 1.6553 1.7963 0.4578 4.2080 1.5074 10.3772 -0.0346 0.1915
Cyclist -1 -1 0.0300 258.7651 162.4573 299.0873 259.9460 1.7716 1.8000 0.6466 -6.3814 1.4454 13.7991 -0.3926 0.1715
Cyclist -1 -1 1.6971 286.3262 170.9649 436.4008 287.6503 1.6388 2.0222 0.7690 -3.6050 1.5066 10.4972 1.3773 0.1619
Cyclist -1 -1 -0.5459 0.0000 166.4418 80.4717 259.4458 1.7984 1.8383 0.6390 -11.6016 1.5282 14.2862 -1.2154 0.1613
Cyclist -1 -1 -1.6184 555.8383 146.7936 631.2089 219.5510 1.7957 1.8686 0.6221 -0.3387 0.9654 17.8155 -1.6350 0.1575
Cyclist -1 -1 -0.0571 522.8919 161.1077 560.4922 264.8007 1.7666 1.8182 0.5811 -1.2293 1.4379 12.9831 -0.1474 0.1495
Cyclist -1 -1 1.9063 252.5031 178.6978 396.1393 289.2276 1.7121 2.0002 0.7896 -4.5193 1.6858 11.3733 1.5391 0.1466
Car -1 -1 -2.3509 1143.8601 184.6505 1224.0000 370.0000 1.5502 1.6739 3.9040 6.5436 1.5970 5.6859 -1.5214 0.2324
Car -1 -1 0.0965 40.9672 188.2208 110.6525 233.8702 1.5102 3.6312 1.6867 -19.4302 1.8180 26.0512 -0.5369 0.1857
