Pedestrian -1 -1 -0.9583 1182.9589 172.6337 1237.0510 243.2454 1.7496 0.8338 0.6556 15.2143 1.7445 18.3659 -0.2749 0.2247
Cyclist -1 -1 -1.0826 1034.2679 163.2180 1068.8451 191.3837 1.7925 1.8898 0.5208 28.6327 1.1796 46.8629 -0.5372 0.4686
Cyclist -1 -1 2.8549 793.9041 178.5698 808.7692 200.9179 1.8053 2.0374 0.6363 15.8343 2.2878 59.8362 3.1119 0.3781
Cyclist -1 -1 -0.5197 856.5919 173.5986 884.6689 206.2149 1.7914 1.8579 0.6438 14.6294 1.8347 40.6410 -0.1770 0.2647
Cyclist -1 -1 2.2835 1153.3595 177.8429 1209.5013 226.0410 1.6926 1.8068 0.3651 20.8719 1.8823 26.4489 2.9457 0.2621
Cyclist -1 -1 -1.0219 1117.9733 194.5806 1199.7115 271.2599 1.7230 1.5925 0.4062 13.2165 2.2745 17.4863 -0.3837 0.2482
Cyclist -1 -1 -3.6448 1032.4365 186.3895 1078.2520 242.1788 1.7843 1.8173 0.4933 15.0111 2.2604 24.4379 -3.1001 0.2444
Cyclist -1 -1 -0.4502 1004.0587 189.8929 1038.5356 238.6478 1.7162 1.6315 0.4360 15.2157 2.3690 26.8011 0.0606 0.2386
Cyclist -1 -1 2.8250 821.7897 184.6447 836.5388 210.6295 1.7533 1.7034 0.4721 15.2471 2.5900 50.3185 3.1170 0.2257
Cyclist -1 -1 1.8198 1181.1946 175.8607 1242.0000 229.8319 1.7599 1.8744 0.5963 20.6562 1.8666 24.5631 2.5126 0.2164
Car -1 -1 -1.6441 585.5643 179.1306 633.9011 221.7885 1.5253 1.6059 3.7998 -0.1144 1.7891 28.3290 -1.6488 0.6608
Car -1 -1 3.1513 516.3438 179.4176 550.3369 211.6651 1.5549 3.8955 1.6723 -4.0158 1.9160 37.6293 3.0452 0.6552
Car -1 -1 -0.8941 0.0000 201.8544 188.1989 375.0000 1.5045 1.6128 3.9021 -3.6137 1.7130 3.1320 -1.7090 0.4743
Car -1 -1 3.6219 0.0000 186.6236 59.4618 240.8259 1.5302 3.8353 1.7483 -19.9685 2.0179 23.4759 2.9226 0.3387
Car -1 -1 2.8245 796.9925 180.2054 837.3216 202.9560 1.6721 4.0633 1.8441 16.1219 2.2686 56.4329 3.1009 0.2965
Car -1 -1 -2.4430 750.3726 188.7885 797.7843 209.1787 1.4753 2.4490 2.7009 12.8944 2.7715 56.8590 -2.2217 0.2490
Car -1 -1 2.7976 823.9684 178.1116 870.1606 202.2592 1.5373 3.9321 1.7283 15.9393 1.9077 48.7909 3.1111 0.2339
Car -1 -1 -0.6465 831.4798 179.4098 908.4254 212.8955 1.5578 3.8608 1.6531 13.0189 1.9086 36.4729 -0.3067 0.2131
