Pedestrian -1 -1 0.0991 184.6000 154.8701 235.3592 266.9553 1.8359 0.9363 0.6672 -6.8958 1.5417 12.3769 -0.4005 0.6031
Pedestrian -1 -1 2.8349 171.2643 164.4988 202.3564 225.9755 1.7773 0.7231 0.6044 -12.5557 1.5361 21.3242 2.3080 0.4172
Pedestrian -1 -1 3.0269 431.4874 174.9476 450.5405 215.4340 1.7659 0.7207 0.7445 -7.5339 1.8604 31.9812 2.7969 0.2155
Pedestrian -1 -1 0.0110 1.2300 141.5345 39.9352 229.4574 1.9136 0.7993 0.6605 -13.2878 1.2323 16.2195 -0.6674 0.2113
Pedestrian -1 -1 3.2820 288.7609 173.3794 308.9472 216.6213 1.7685 0.7475 0.6712 -12.9584 1.7910 29.9656 2.8767 0.1816
Cyclist -1 -1 -1.6521 716.8929 162.7223 746.0665 192.1367 1.8191 1.7498 0.5963 7.5353 1.1929 44.9901 -1.4876 0.4134
Cyclist -1 -1 0.2098 224.2486 166.3591 253.6297 215.6400 1.7718 1.8176 0.6049 -13.8564 1.5386 26.8948 -0.2622 0.2262
Cyclist -1 -1 -3.0011 553.4625 174.2099 570.7927 209.9328 1.7412 1.7289 0.6321 -2.4242 1.8110 36.1178 -3.0682 0.2121
Cyclist -1 -1 -3.2416 751.5959 159.8575 788.2082 249.5418 1.7946 1.8652 0.5613 3.3372 1.5349 15.3931 -3.0329 0.1970
Cyclist -1 -1 -1.1103 181.7879 169.6793 221.8972 202.8198 1.7875 1.8118 0.6261 -22.2443 1.6166 39.2749 -1.6229 0.1765
Car -1 -1 0.2985 512.9369 176.1975 566.0073 208.9052 1.4966 3.6562 1.5831 -3.4349 1.6699 35.3614 0.2018 0.4458
Car -1 -1 3.2700 457.3928 165.7593 519.3323 217.1563 1.7084 4.1149 1.6852 -4.3493 1.4730 26.0673 3.1059 0.3655
Car -1 -1 -0.1646 422.5317 179.3123 466.9623 211.9558 1.6464 4.0883 1.7178 -9.1270 2.0200 39.4822 -0.3907 0.2335
Car -1 -1 -0.8083 182.8029 161.5494 276.9262 197.2138 1.6358 3.8242 1.7613 -18.1776 1.1176 34.4660 -1.2906 0.2109
Car -1 -1 2.8783 697.2084 176.9125 729.4216 197.2505 1.5594 3.7277 1.6430 8.2491 1.8973 58.0505 3.0183 0.1770
