Pedestrian -1 -1 2.0754 332.4005 183.8542 361.0736 230.6331 1.6402 0.7469 0.6440 -9.4716 2.0405 25.8500 1.7271 0.4914
Pedestrian -1 -1 2.5882 513.6218 168.8371 548.9420 233.1659 1.7680 0.7570 0.6952 -2.2688 1.6579 20.3399 2.4778 0.3187
Pedestrian -1 -1 -0.2529 371.0024 171.4308 391.8666 211.7443 1.8590 0.7701 0.7636 -10.7487 1.7938 33.7994 -0.5590 0.2220
Pedestrian -1 -1 3.0085 483.1996 166.1559 521.3979 247.4704 1.7704 0.9030 0.7353 -2.4836 1.6249 16.2427 2.8584 0.2014
Pedestrian -1 -1 2.5547 831.9750 168.3750 856.4833 212.6166 1.7677 0.7127 0.6597 9.4534 1.5891 29.2607 2.8637 0.1875
Cyclist -1 -1 -1.6771 757.4503 164.5047 809.8786 213.8575 1.8043 1.8377 0.5894 6.3887 1.4994 26.7831 -1.4460 0.4337
Cyclist -1 -1 -0.0379 600.2847 160.8338 613.9663 201.7413 1.9047 2.0388 0.5748 -0.1862 1.3454 34.6237 -0.0437 0.3589
Cyclist -1 -1 3.5552 0.0000 84.8112 153.8773 375.0000 1.8117 1.8624 0.5287 -3.8072 1.3339 4.8820 2.9186 0.3315
Cyclist -1 -1 0.1342 472.1869 167.4312 514.0301 251.7863 1.7822 1.8176 0.6888 -2.6417 1.6680 16.1592 -0.0261 0.2835
Cyclist -1 -1 -0.1015 466.7107 170.7022 479.1005 198.9593 1.7857 1.9220 0.5932 -8.8932 1.6501 46.5998 -0.2894 0.2831
Cyclist -1 -1 0.1810 525.1642 167.5245 554.8354 230.6865 1.7618 1.8021 0.5486 -2.0708 1.6135 21.0437 0.0834 0.2804
Cyclist -1 -1 -0.0302 507.4450 169.3444 520.1094 204.0412 1.8489 1.9236 0.6262 -5.3043 1.6622 39.4453 -0.1634 0.2742
Cyclist -1 -1 -1.8232 1103.9025 153.6599 1155.0847 194.1907 1.7795 1.7569 0.6238 23.1828 0.9371 32.2820 -1.2049 0.1969
Cyclist -1 -1 0.1165 349.4317 165.9016 382.7072 229.9516 1.7214 1.7097 0.6901 -6.8892 1.5349 20.2969 -0.2072 0.1867
Car -1 -1 -2.8112 333.3737 178.0002 487.4907 268.8410 1.5768 4.2461 1.7497 -3.9677 1.6994 14.9515 -3.0669 0.6114
Car -1 -1 0.6240 1128.1532 162.2144 1242.0000 209.3403 1.6193 3.2864 1.9124 20.9236 1.2541 26.1601 1.2929 0.4840
