Pedestrian -1 -1 -0.6325 518.4428 168.5673 535.9711 201.4209 1.8546 0.7959 0.6510 -4.6333 0.9159 41.0902 -0.7444 0.5119
Cyclist -1 -1 -0.2293 642.2609 176.5639 660.9922 211.1841 1.6864 1.7379 0.5490 2.1498 1.2661 35.9163 -0.1704 0.3264
Cyclist -1 -1 -0.2846 598.5599 182.2318 614.4908 207.7458 1.8142 1.8727 0.6522 -0.1172 1.6031 52.1011 -0.2874 0.2886
Car -1 -1 -1.3189 267.5746 194.3723 428.7609 305.1988 1.4680 1.5476 3.6865 -4.0747 1.6427 11.7281 -1.6466 0.7190
Car -1 -1 -1.0351 0.0000 203.2896 315.9361 376.0000 1.5281 1.6836 4.0343 -3.2125 1.6850 4.1042 -1.6683 0.6572
Car -1 -1 -1.0755 8.3403 182.2904 244.2697 285.0872 1.5121 1.8122 3.6911 -8.0953 1.4702 12.4752 -1.6415 0.6568
Car -1 -1 1.9766 209.4991 182.8904 326.7109 245.2197 1.4817 1.5100 3.4675 -8.8048 1.4276 18.8380 1.5446 0.5870
Car -1 -1 3.2523 295.7662 179.9077 342.9970 214.9098 1.5199 3.5232 1.6332 -13.2614 1.2905 33.1261 2.8740 0.5594
Car -1 -1 3.1027 564.4777 179.7949 603.9496 214.7674 1.5196 3.7619 1.6628 -1.1702 1.2852 33.1693 3.0673 0.5446
Car -1 -1 3.5023 185.4014 179.1828 274.9237 225.3826 1.4914 3.2133 1.7087 -13.0144 1.2978 24.8969 3.0248 0.4092
Car -1 -1 3.2771 348.7796 163.7609 412.0127 212.4274 1.6202 3.8463 1.6602 -8.1626 0.9071 25.9621 2.9753 0.3200
Car -1 -1 0.2407 452.1635 175.5704 520.5957 218.8086 1.5277 3.9909 1.6656 -4.5820 1.1881 27.4487 0.0766 0.2856
Car -1 -1 3.2987 0.0000 183.3458 63.4967 261.3081 1.5000 3.3400 1.7463 -13.2648 1.4651 15.7084 2.6057 0.2790
