Pedestrian -1 -1 -0.5808 862.5381 165.2321 900.2127 228.7789 1.7525 0.7859 0.6712 7.6010 1.5426 20.3542 -0.2287 0.6619
Pedestrian -1 -1 -0.6137 751.0158 170.4090 772.1997 209.3196 1.7524 0.7209 0.6492 6.8817 1.6426 32.9520 -0.4101 0.4866
Pedestrian -1 -1 -1.0423 662.9879 177.1741 674.2840 199.2840 1.7787 0.6341 0.7321 4.7486 2.1335 58.7146 -0.9625 0.2255
Pedestrian -1 -1 2.2477 1009.1340 157.1071 1057.4987 234.1838 1.8100 0.7578 0.6651 10.1620 1.4406 17.4153 2.7681 0.1879
Pedestrian -1 -1 1.7297 528.0586 159.4637 610.5940 309.4392 1.7593 0.9194 0.6557 -0.5364 1.6026 8.8329 1.6692 0.1843
Cyclist -1 -1 -0.4865 827.1861 159.7676 893.0579 246.1898 1.8650 1.9795 0.5523 5.6596 1.5830 16.5897 -0.1639 0.7266
Cyclist -1 -1 -0.5581 745.8563 170.2170 775.3144 208.5037 1.7065 1.6727 0.5060 6.8401 1.5894 33.0302 -0.3561 0.3489
Cyclist -1 -1 1.3787 873.2460 164.3472 946.2399 225.4168 1.6852 1.8088 0.6729 8.4077 1.4508 20.4116 1.7638 0.2629
Cyclist -1 -1 -0.2331 661.4877 178.0726 673.4286 198.8501 1.6526 1.7002 0.5889 4.6456 2.0841 58.7181 -0.1550 0.2236
Cyclist -1 -1 -0.5739 953.3589 184.6048 978.0182 211.7962 1.8097 1.7168 0.6982 24.4502 2.6338 49.6840 -0.1195 0.1764
Cyclist -1 -1 2.3830 972.8105 185.1935 997.5330 211.3638 1.7317 1.6527 0.4982 25.6551 2.5920 49.4185 2.8588 0.1724
Car -1 -1 2.8195 717.7749 177.4782 752.8546 197.7395 1.5272 3.4719 1.7148 9.8490 1.9052 57.0716 2.9891 0.4381
Car -1 -1 2.6818 770.9183 174.3342 815.2498 196.7491 1.5305 3.5204 1.6629 12.9702 1.6402 51.4120 2.9271 0.2846
Car -1 -1 -0.5805 658.2017 178.9727 704.5457 200.4267 1.5115 3.6068 1.7536 5.2748 1.9866 53.9797 -0.4841 0.2196
Car -1 -1 -3.5800 981.3129 178.5418 1019.0294 194.9884 1.4920 3.4345 1.8560 36.9457 2.0458 68.4392 -3.0872 0.2031
Car -1 -1 -1.9632 1126.9846 181.7582 1180.9542 203.9527 1.4833 1.8996 3.4449 38.8418 2.1446 51.6502 -1.3215 0.2000
Car -1 -1 -2.1304 920.7219 190.8612 982.7111 214.7093 1.5699 3.5221 1.7174 23.7048 2.8490 50.1698 -1.6919 0.1980
Car -1 -1 0.9356 1028.9541 184.0774 1101.0294 211.3609 1.4679 1.7801 3.5733 26.4865 2.1533 42.1899 1.4925 0.1919
Car -1 -1 -1.0494 42.6382 187.2188 127.7416 214.1565 1.4833 3.6448 1.6719 -30.4075 2.3370 41.8388 -1.6750 0.1799
