Pedestrian -1 -1 0.9921 65.1390 198.0328 92.7305 235.2912 1.7035 0.7611 0.7590 -25.1637 2.9124 34.1390 0.3604 0.4833
Car -1 -1 0.8936 256.0196 194.0747 432.6261 273.3421 1.5009 3.0719 2.2554 -6.0647 2.0446 16.5740 0.5473 0.7879
Car -1 -1 1.8033 390.7436 189.8599 472.2959 242.2005 1.5059 1.7853 3.7848 -5.8476 2.1141 23.8878 1.5651 0.7555
Car -1 -1 3.5669 68.5814 200.6700 301.3427 330.0583 1.4416 3.4766 1.5916 -6.0124 1.9201 10.6052 3.0613 0.7510
Car -1 -1 -1.7972 689.6592 174.7028 791.8913 243.4992 1.5581 1.6868 3.9339 3.1624 1.6109 18.4609 -1.6310 0.7283
Car -1 -1 -1.7221 675.4340 174.2641 745.1384 228.5869 1.6286 1.6651 3.9228 3.1566 1.6791 23.7101 -1.5921 0.6768
Car -1 -1 1.3451 655.6189 178.0796 709.5939 214.1272 1.5406 1.6462 3.8764 3.2591 1.7979 33.4510 1.4407 0.6471
Car -1 -1 3.2795 439.3496 185.9466 493.8553 226.6781 1.5098 3.8871 1.7001 -5.9309 2.0908 30.0089 3.0854 0.5529
Car -1 -1 2.5747 830.3475 161.1022 988.7795 223.6118 1.6379 1.6559 3.7761 8.2307 1.3303 20.0609 2.9584 0.4898
Car -1 -1 -0.8276 0.0000 202.8809 128.0033 375.0000 1.5171 1.6275 3.9470 -5.9202 1.8371 5.6737 -1.6109 0.4819
Car -1 -1 0.1544 484.9678 184.9283 527.7485 216.2391 1.5448 3.9386 1.7088 -5.5951 2.2327 39.1035 0.0127 0.4810
Car -1 -1 1.4204 649.0322 181.1935 688.7526 211.4322 1.5265 1.5993 3.8013 3.1341 2.0055 39.4529 1.4985 0.4483
Car -1 -1 -2.9509 519.1563 181.7771 549.0558 202.8427 1.4840 3.3702 1.6200 -5.6796 2.1745 54.0557 -3.0556 0.4396
Car -1 -1 -3.6181 1015.8962 153.1465 1242.0000 258.6118 1.6260 1.8393 3.4255 9.0721 1.3225 12.2834 -2.9937 0.4241
