Cyclist -1 -1 -0.2823 773.4173 180.1084 804.9237 235.2024 1.5424 1.5778 0.4579 5.2196 1.4006 20.9193 -0.0413 0.4036
Car -1 -1 -1.7301 663.5842 181.6647 733.3304 232.8516 1.4575 1.5584 3.6752 2.6885 1.3575 22.3337 -1.6122 0.7462
Car -1 -1 -1.1269 0.0000 186.5535 345.7985 376.0000 1.5758 1.7287 3.7705 -3.8608 1.5927 6.5149 -1.6442 0.7281
Car -1 -1 1.7491 404.6800 181.7930 488.4128 242.7532 1.5153 1.5972 3.7028 -4.3637 1.4314 19.7445 1.5341 0.7083
Car -1 -1 -1.2365 248.8905 185.7553 357.1071 243.8649 1.5043 1.7719 3.4687 -8.5689 1.5221 20.4213 -1.6294 0.6926
Car -1 -1 -1.5307 482.9596 179.5322 523.4254 214.8866 1.4985 1.6592 3.4537 -4.6781 1.2587 32.2682 -1.6739 0.6648
Car -1 -1 3.1053 585.1498 176.2967 617.7114 205.1586 1.5564 3.8411 1.6956 -0.4289 1.0766 40.7206 3.0944 0.5741
Car -1 -1 3.2505 359.2370 168.5951 414.7638 211.4647 1.6138 3.9080 1.7268 -8.9054 0.9892 29.1361 2.9562 0.5256
Car -1 -1 3.0565 462.3280 177.9360 493.6706 202.6129 1.5265 3.6112 1.6873 -8.4380 1.0773 46.4288 2.8774 0.4752
Car -1 -1 -0.2382 616.6131 177.8690 651.4127 199.8344 1.5085 3.5060 1.6926 1.8149 1.0051 51.2514 -0.2034 0.4637
Car -1 -1 -0.0985 515.7642 179.6061 549.0469 205.5268 1.4910 3.6482 1.6364 -4.6024 1.1695 43.2978 -0.2041 0.4357
Car -1 -1 -0.9539 0.0000 191.1619 128.4459 337.1585 1.4800 1.7337 3.4206 -8.0923 1.5721 9.2097 -1.6605 0.4033
