Pedestrian -1 -1 3.5728 0.0000 174.9925 109.7222 375.0000 1.6982 0.9163 0.7258 -5.0283 1.7187 6.2782 2.9177 0.2633
Pedestrian -1 -1 1.0756 926.7941 167.6969 1017.6082 293.5823 1.6707 0.9100 0.6588 4.9101 1.6026 9.9244 1.5224 0.2459
Pedestrian -1 -1 3.3901 403.0025 155.2867 436.6130 231.9193 1.8115 0.7144 0.6279 -4.6315 1.3966 17.4130 3.1334 0.2334
Cyclist -1 -1 3.3171 0.0000 173.6772 86.9350 375.0000 1.6233 1.7609 0.5184 -4.9928 1.6317 6.1582 2.6565 0.2484
Car -1 -1 -1.7394 703.8573 169.4187 819.8025 256.6624 1.5694 1.6573 3.8646 2.9340 1.5079 14.9257 -1.5499 0.7417
Car -1 -1 3.2781 423.8020 170.7504 532.6776 259.8958 1.6438 4.2680 1.6972 -2.7118 1.6054 15.4648 3.1066 0.6585
Car -1 -1 1.5878 517.5179 178.3187 574.1370 230.0607 1.5455 1.7208 3.6575 -2.1332 1.7406 23.8328 1.4988 0.6256
Car -1 -1 -1.0923 67.1522 179.8448 374.8930 287.5573 1.5169 3.8346 1.6872 -5.8681 1.6332 11.1161 -1.5687 0.5866
Car -1 -1 -0.0163 671.6783 176.1911 713.8985 194.1028 1.5408 1.9242 3.6433 7.2561 1.8407 63.6210 0.0963 0.3770
Car -1 -1 1.2252 603.3003 170.4579 661.1997 195.7039 1.5790 3.3460 1.7033 1.3895 1.4295 46.4550 1.2546 0.3561
Car -1 -1 1.3387 656.8191 175.2123 705.0337 195.2049 1.5121 3.3202 2.1814 5.4690 1.7004 56.1838 1.4348 0.2788
Car -1 -1 0.0666 535.8915 175.4879 585.2692 215.9132 1.5571 3.8564 1.7929 -2.0285 1.6739 29.9704 -0.0009 0.2427
Car -1 -1 1.4058 515.2352 173.7661 601.5724 210.0261 1.6001 3.7295 1.6853 -2.4337 1.6440 33.1600 1.3326 0.2378
