Pedestrian -1 -1 -0.6224 731.5943 156.9362 752.7769 198.9717 1.8466 0.7791 0.5829 5.8507 1.1477 32.1709 -0.4445 0.3373
Pedestrian -1 -1 1.0388 723.4507 181.8072 748.1591 220.1371 1.7599 0.9003 0.7207 5.8613 2.1866 33.8560 1.2080 0.2537
Pedestrian -1 -1 -0.2868 772.6737 146.7641 797.8760 203.3289 1.8668 0.7761 0.6246 5.8312 1.0061 24.2143 -0.0536 0.2251
Pedestrian -1 -1 0.4449 628.8232 183.1504 639.9883 204.5452 1.7792 0.7603 0.6829 2.0412 2.6567 60.9711 0.4776 0.1772
Pedestrian -1 -1 -0.6109 708.6817 159.3439 726.5448 193.8339 1.8869 0.8166 0.6220 5.9242 1.1481 39.9751 -0.4652 0.1725
Pedestrian -1 -1 1.9886 106.8597 178.6112 160.0087 253.2562 1.7631 0.8651 0.7030 -11.6075 1.9066 17.5201 1.4102 0.1643
Pedestrian -1 -1 1.5872 322.0810 175.3536 357.1252 244.1732 1.7482 0.8418 0.6550 -7.0878 1.8152 18.8076 1.2309 0.1275
Cyclist -1 -1 -1.5211 590.7792 179.2303 616.2456 205.7466 1.9028 1.8167 0.6659 -0.4931 2.3688 52.3198 -1.5310 0.2263
Cyclist -1 -1 -0.3708 780.3118 159.7131 811.7369 206.8469 1.7693 1.7795 0.5664 7.1582 1.2763 27.9995 -0.1235 0.2186
Cyclist -1 -1 -0.3208 719.6167 181.3832 743.8418 219.6080 1.7298 1.7065 0.6106 5.6734 2.1418 33.9364 -0.1572 0.1993
Cyclist -1 -1 2.1912 104.2729 177.6276 192.8409 250.5742 1.7330 1.8155 0.5827 -11.2447 1.8516 17.5262 1.6274 0.1540
Cyclist -1 -1 -3.2144 720.9039 171.7873 733.0759 201.8237 1.7254 1.7356 0.5749 6.8232 1.6645 42.3353 -3.0562 0.1363
Cyclist -1 -1 -0.1465 630.1573 184.7388 638.8996 205.0313 1.6672 1.6633 0.5000 2.0510 2.6887 61.1350 -0.1137 0.1344
Cyclist -1 -1 -0.0167 515.5348 179.3499 522.8361 198.8231 1.7805 1.9483 0.6452 -8.5387 2.3991 67.6546 -0.1422 0.1280
Car -1 -1 1.2430 1084.5061 171.7406 1242.0000 230.1241 1.5267 3.5947 1.6531 15.5835 1.4979 20.2166 1.8922 0.3278
Car -1 -1 -0.0924 586.5701 179.6033 614.0468 200.9405 1.5074 3.3292 1.7433 -0.7797 2.0276 53.8263 -0.1073 0.2897
Car -1 -1 1.3862 1070.4225 163.8661 1242.0000 237.0011 1.4911 3.4887 1.6798 12.4771 1.3082 16.2368 2.0323 0.2803
Car -1 -1 -1.7259 1050.9476 167.8246 1242.0000 233.5261 1.4993 3.8097 1.6863 13.3040 1.3849 18.0784 -1.0996 0.1800
Car -1 -1 2.8413 617.7506 188.7094 653.2828 209.1566 1.4730 3.8372 1.7550 1.9613 2.7780 57.2863 2.8747 0.1327
