Pedestrian -1 -1 1.4347 1215.3685 172.0310 1242.0000 216.1451 1.7420 0.7717 0.6542 24.8234 1.7098 28.9724 2.1377 0.3734
Pedestrian -1 -1 2.3850 1094.9253 166.7213 1130.1104 215.7387 1.8007 0.8347 0.6946 18.7330 1.5758 26.9697 2.9866 0.3622
Pedestrian -1 -1 0.6726 1195.6438 181.3652 1230.0428 221.7294 1.6766 0.8425 0.7625 25.5391 2.0437 30.6222 1.3625 0.3130
Pedestrian -1 -1 2.0743 1138.7289 123.0185 1200.2299 218.3764 1.8878 0.8113 0.5928 11.3952 0.9015 14.7724 2.7217 0.3074
Cyclist -1 -1 3.3778 167.6776 161.3969 193.8992 209.7491 1.8582 1.9213 0.4552 -17.1054 1.4183 28.7117 2.8444 0.4558
Cyclist -1 -1 -0.2008 392.5776 175.5670 407.3069 202.7821 1.6843 1.7713 0.5545 -13.3572 1.8601 45.7459 -0.4836 0.3929
Cyclist -1 -1 2.5142 1045.6550 171.4432 1073.8329 197.4326 1.7495 1.9177 0.6314 30.8375 1.6549 49.5475 3.0680 0.3600
Car -1 -1 -0.4631 711.5652 178.5865 911.0128 255.3655 1.5426 1.5589 3.9371 4.3151 1.6780 15.8270 -0.2026 0.6145
Car -1 -1 0.7303 0.0000 170.9022 250.8691 288.0838 1.6629 1.9594 3.4056 -7.9339 1.6355 11.4354 0.1344 0.5754
Car -1 -1 3.5570 156.2177 174.2791 353.6712 249.4053 1.6168 1.9269 3.5994 -8.0723 1.6519 16.5842 3.1099 0.5502
Car -1 -1 1.8814 278.8891 169.8530 399.3729 225.1850 1.7847 3.4264 1.6977 -9.0515 1.6883 24.1939 1.5266 0.4287
Car -1 -1 1.7910 245.7483 166.3705 376.6283 226.5325 1.7105 3.3050 1.8637 -8.9279 1.5265 21.7039 1.4047 0.3929
Car -1 -1 -0.6701 0.0000 177.3476 186.4477 319.9357 1.5330 3.6238 1.7761 -7.6328 1.5978 9.0903 -1.3542 0.3879
Car -1 -1 -0.9822 961.0192 185.4993 1242.0000 375.0000 1.5200 1.5418 3.6168 4.4916 1.6320 5.1098 -0.2902 0.3806
Car -1 -1 -0.3848 1050.5336 176.4196 1100.9191 199.3475 1.4673 3.3815 1.6903 31.2492 1.7166 48.5559 0.1839 0.3427
Car -1 -1 -1.7983 684.0993 176.0206 783.1655 238.8295 1.5014 1.8921 3.1100 3.1100 1.5924 19.0246 -1.6395 0.3225
Car -1 -1 -0.3425 453.7274 174.9002 492.4065 196.6241 1.5675 3.7802 1.6971 -10.4039 1.7283 54.5089 -0.5305 0.3205
