Pedestrian -1 -1 3.0363 343.4875 158.7596 365.6285 214.1695 1.8398 0.7946 0.6279 -8.7045 1.3721 24.4480 2.6973 0.3651
Pedestrian -1 -1 1.0413 938.1047 145.3137 1069.1776 328.0297 1.8321 1.0386 0.6155 4.0498 1.5563 7.5681 1.5156 0.3620
Pedestrian -1 -1 3.0764 234.6882 172.2948 266.9471 238.8144 1.8594 0.9233 0.7746 -10.3872 1.8441 20.7595 2.6172 0.3421
Pedestrian -1 -1 -1.4803 773.1127 170.7401 792.8151 205.5212 1.8367 0.9708 0.6550 9.2108 1.7254 38.5635 -1.2480 0.3206
Pedestrian -1 -1 1.5146 412.5031 187.9953 435.2836 236.5699 1.6670 0.7407 0.7047 -6.6223 2.2116 25.4866 1.2623 0.3006
Pedestrian -1 -1 2.2419 863.0379 174.1833 885.5354 211.0978 1.6728 0.7707 0.5929 12.1241 1.7353 33.2131 2.5886 0.2067
Pedestrian -1 -1 -0.7084 988.3407 162.2231 1028.7340 224.8386 1.8001 0.8520 0.6368 11.6680 1.4949 21.2243 -0.2121 0.2007
Pedestrian -1 -1 0.4321 201.3262 161.2972 243.8291 237.0311 1.8413 0.8115 0.6509 -9.6829 1.5606 17.9629 -0.0565 0.1933
Cyclist -1 -1 3.0058 620.1191 177.5428 633.6191 205.0458 1.7331 1.8234 0.6293 1.0531 2.0433 46.7278 3.0276 0.4475
Cyclist -1 -1 -0.3300 667.9536 178.2403 680.9493 196.8436 1.6785 1.8556 0.6251 5.9263 2.1837 66.6406 -0.2421 0.4101
Cyclist -1 -1 -0.4602 858.4923 174.0124 886.5452 210.6946 1.6482 1.7221 0.4987 12.0822 1.7036 33.3582 -0.1160 0.2343
Cyclist -1 -1 -0.3536 771.6920 171.5091 793.2872 205.8763 1.7965 1.7085 0.5610 9.1789 1.7265 38.5961 -0.1223 0.1829
Car -1 -1 -1.3141 500.8920 185.0993 562.8437 225.5613 1.4848 1.6283 3.7585 -3.1785 2.0221 29.6535 -1.4206 0.5830
Car -1 -1 -2.9079 723.3441 173.9639 761.5065 191.5975 1.5378 2.3080 2.9172 11.8805 1.6403 64.7725 -2.7277 0.3814
Car -1 -1 3.3233 0.0000 189.9503 45.3601 232.3201 1.5052 3.5222 1.6570 -24.2327 2.2420 29.1384 2.6339 0.2413
Car -1 -1 -0.8130 832.3613 168.2791 894.7374 193.9635 1.5784 3.6967 1.5827 16.1990 1.2976 46.3422 -0.4790 0.2374
Car -1 -1 2.8666 588.6595 179.5426 629.5442 204.8610 1.5416 3.8923 1.6680 -0.1363 1.9985 47.1410 2.8632 0.2178
Car -1 -1 -0.1539 911.7762 161.1308 959.2906 194.2547 1.5677 3.4915 1.6279 16.1626 1.0132 36.0436 0.2644 0.2119
