Pedestrian -1 -1 2.6709 658.1964 162.8179 678.5177 204.5044 1.9040 0.7724 0.6588 2.6618 1.4460 33.4355 2.7492 0.3013
Pedestrian -1 -1 2.6023 662.5846 171.1501 691.7988 225.4497 1.7572 0.8162 0.6303 2.1715 1.7025 23.8522 2.6912 0.2938
Pedestrian -1 -1 -1.0104 638.4943 178.1991 647.9404 197.1349 1.7425 0.5973 0.7003 3.0716 2.2434 67.1100 -0.9654 0.1943
Pedestrian -1 -1 -1.4049 640.8662 172.7978 649.7521 195.6157 1.7346 0.5733 0.6982 2.6795 1.7307 55.2515 -1.3571 0.1651
Cyclist -1 -1 -0.1788 637.8220 178.6789 647.5858 197.2108 1.6857 1.7752 0.5986 3.0182 2.2355 67.1291 -0.1345 0.3195
Cyclist -1 -1 1.7073 616.6542 176.6576 647.6372 203.8996 1.8028 1.9872 0.8322 1.4632 2.0618 48.4822 1.7368 0.2905
Cyclist -1 -1 -0.0947 665.0106 157.8389 684.2103 201.7459 1.7617 1.6213 0.6326 2.6127 1.1596 29.7604 -0.0084 0.2662
Cyclist -1 -1 -0.4104 650.6226 164.7564 675.9315 204.0893 1.7848 1.7115 0.5336 2.4318 1.4178 33.6349 -0.3394 0.2315
Cyclist -1 -1 2.9447 523.5671 176.6916 536.3264 200.6358 1.7306 1.8530 0.5860 -5.9624 2.0203 53.4294 2.8337 0.1766
Cyclist -1 -1 -0.4600 283.8285 164.0726 381.4986 275.7039 1.6035 1.7092 0.7363 -4.3844 1.4777 11.2118 -0.8254 0.1758
Cyclist -1 -1 3.0112 639.1820 172.6140 650.0319 195.4422 1.7250 1.7377 0.6084 2.6254 1.7072 55.4102 3.0579 0.1710
Cyclist -1 -1 -0.0475 665.6303 166.7568 685.7239 220.5375 1.7222 1.7741 0.5739 2.1272 1.5273 24.0007 0.0392 0.1632
Car -1 -1 3.5100 0.0000 196.8481 373.3679 375.0000 1.4946 4.0270 1.6893 -3.1569 1.7505 5.5767 3.0141 0.6770
Car -1 -1 -3.1612 626.5814 177.8672 652.9913 201.6704 1.5702 3.8359 1.7562 2.0139 1.9338 50.3438 -3.1220 0.3900
Car -1 -1 3.1343 490.4607 176.3834 530.0709 214.1916 1.5731 3.7670 1.6595 -4.5289 1.7416 32.3734 2.9959 0.3855
