Pedestrian -1 -1 1.9021 470.9223 169.1419 485.1761 195.5482 1.8580 0.8436 0.6030 -9.3766 1.5972 51.1271 1.7214 0.4555
Pedestrian -1 -1 2.2500 1177.7533 153.0311 1242.0000 239.8091 1.7747 0.8277 0.6638 12.6083 1.3696 15.2269 2.9318 0.4018
Pedestrian -1 -1 1.8917 291.2663 158.4511 341.6866 240.7081 1.7927 0.9158 0.5309 -6.5563 1.4792 16.0160 1.5085 0.2169
Pedestrian -1 -1 3.0295 440.0382 166.8067 452.8032 199.2769 1.8667 0.6112 0.6582 -9.5298 1.5194 41.8745 2.8068 0.2167
Pedestrian -1 -1 0.6660 718.3250 166.5063 733.6876 186.8188 1.7714 1.3439 0.6463 10.2096 1.2182 63.6153 0.8241 0.2146
Pedestrian -1 -1 3.5072 235.2565 187.2655 255.1596 219.8419 1.7490 0.7862 0.7411 -20.0238 2.5478 39.5442 3.0408 0.1898
Cyclist -1 -1 -0.2935 719.9678 168.3284 732.8666 188.8924 1.7907 1.9214 0.5923 10.2687 1.3970 63.8211 -0.1350 0.3696
Cyclist -1 -1 0.3938 33.2693 200.4863 82.7545 273.5720 1.7249 1.7301 0.3686 -14.2328 2.4707 18.5780 -0.2532 0.3616
Cyclist -1 -1 -0.1784 509.6588 181.9651 519.8082 201.4924 1.7569 1.8288 0.6151 -8.8418 2.6127 66.7786 -0.3100 0.2507
Cyclist -1 -1 -1.4569 416.2085 169.6238 440.0378 192.0680 1.8180 1.8297 0.5926 -14.8539 1.5567 58.8576 -1.7033 0.2102
Cyclist -1 -1 -0.0056 462.3091 177.3136 469.8450 197.9545 1.7342 1.8092 0.6239 -12.3898 2.1236 61.9798 -0.2024 0.2073
Cyclist -1 -1 0.3130 327.1177 189.0670 347.9701 221.5008 1.7227 1.6838 0.5918 -15.1397 2.6418 40.0302 -0.0468 0.1973
Cyclist -1 -1 -3.5800 1067.1409 157.3840 1147.6281 238.1463 1.6475 1.8673 0.6946 10.7139 1.3323 15.6914 -2.9900 0.1970
Cyclist -1 -1 0.0143 483.8203 182.9580 508.8340 254.7283 1.7627 1.8701 0.6178 -3.0227 2.0422 18.9612 -0.1426 0.1880
Car -1 -1 1.8082 395.0703 186.3957 510.9907 262.2257 1.5259 1.7985 3.9747 -3.6454 1.8878 17.2503 1.6022 0.7125
Car -1 -1 0.3042 379.5101 185.5049 472.5666 221.3173 1.5278 1.5286 3.7463 -8.2231 2.1090 32.2592 0.0560 0.5080
Car -1 -1 3.4294 322.2220 186.1839 370.2084 214.3926 1.4941 3.5935 1.6547 -15.2558 2.3008 41.8007 3.0811 0.3304
Car -1 -1 -1.8849 890.8461 168.3001 977.4535 200.6866 1.7240 3.9654 1.7786 17.6427 1.4819 39.4938 -1.4679 0.2343
Car -1 -1 2.1354 7.5824 181.6719 93.9651 210.6193 1.5611 3.4790 1.6760 -31.3737 2.0687 40.5084 1.4794 0.2190
Car -1 -1 -1.8666 780.8666 167.3441 821.6859 184.8521 1.6071 3.2246 2.0344 17.7975 1.1017 67.3061 -1.6094 0.2082
Car -1 -1 -0.3946 448.1608 179.5630 481.0300 198.1111 1.5268 3.4283 1.5992 -12.6613 2.1267 62.6091 -0.5937 0.1984
Car -1 -1 0.1291 423.3254 171.9560 450.2544 191.8566 1.6181 3.7463 1.7311 -14.5388 1.5454 60.6181 -0.1055 0.1825
