Pedestrian -1 -1 2.3376 938.9010 134.6569 972.2448 196.9908 1.8938 0.6808 0.6357 10.6545 0.7337 22.3496 2.7772 0.3557
Pedestrian -1 -1 1.7377 1176.1968 145.6704 1242.0000 282.1700 1.8001 0.8273 0.6965 8.4357 1.4420 10.0534 2.4211 0.2998
Pedestrian -1 -1 1.8694 1167.1089 156.2311 1242.0000 311.2421 1.7170 0.8158 0.6718 7.1456 1.5332 8.5155 2.5501 0.2824
Cyclist -1 -1 -3.0767 908.2507 159.5239 935.3384 209.6052 1.7551 1.7593 0.8024 11.3120 1.2883 26.2499 -2.6743 0.3333
Cyclist -1 -1 0.2826 512.4203 163.5074 534.1904 201.6840 1.8572 1.8823 0.5803 -4.3592 1.4029 36.0737 0.1628 0.2859
Cyclist -1 -1 1.2410 1052.6974 159.1159 1235.1327 289.7260 1.7268 1.9311 0.7308 7.3867 1.5455 10.1584 1.8554 0.2851
Cyclist -1 -1 1.0557 1097.0824 165.0851 1242.0000 317.3200 1.6907 1.8815 0.7532 6.9213 1.6048 8.5232 1.7202 0.2079
Cyclist -1 -1 -0.0951 533.9985 166.3136 547.1594 196.8601 1.8174 1.9467 0.6133 -4.2691 1.4287 43.9409 -0.1918 0.2072
Cyclist -1 -1 3.1852 489.6962 159.7012 507.8547 204.8328 1.8092 1.8937 0.6630 -4.6385 1.2823 29.8984 3.0322 0.2009
Cyclist -1 -1 2.5117 972.5754 151.9193 1108.8993 300.3029 1.7749 1.8104 0.5652 5.5727 1.5248 9.5598 3.0254 0.1875
Cyclist -1 -1 -0.5234 698.5002 171.2180 723.5943 201.9797 1.7703 1.8108 0.6398 5.9029 1.6765 42.4791 -0.3868 0.1816
Car -1 -1 -3.2216 821.5443 172.8572 930.0131 224.8657 1.5957 1.9458 3.1494 8.5047 1.5962 23.4847 -2.8787 0.5522
Car -1 -1 1.2819 807.6879 167.2487 924.0388 213.1929 1.6782 3.8171 1.6959 9.5579 1.4738 27.2843 1.6151 0.3220
Car -1 -1 0.0755 679.7239 173.7271 710.8346 197.5434 1.5719 3.5257 1.8717 5.8746 1.6347 49.6685 0.1921 0.3133
Car -1 -1 0.0047 416.8272 179.7393 465.3828 226.3880 1.5267 3.5794 1.5963 -6.1396 1.7945 26.1014 -0.2246 0.2137
Car -1 -1 -0.6027 627.7668 172.1002 684.5692 198.5523 1.6045 3.8460 1.7182 2.8549 1.5591 45.8539 -0.5413 0.2087
