Cyclist -1 -1 -0.9380 179.6154 172.2247 215.1234 203.7347 1.8639 1.8424 0.6024 -24.6684 1.8270 43.0828 -1.4556 0.3721
Cyclist -1 -1 -1.0135 1190.4618 177.9954 1242.0000 237.2336 1.6751 1.7549 0.4364 18.3150 1.8348 21.4590 -0.3143 0.3291
Car -1 -1 -1.6650 588.5468 176.0850 645.1671 226.2589 1.5322 1.5368 3.6731 0.1156 1.6493 24.1743 -1.6610 0.6825
Car -1 -1 3.4498 340.5116 181.4590 406.7340 218.4850 1.5540 4.1441 1.7214 -10.8615 1.9766 33.3221 3.1366 0.5757
Car -1 -1 -1.1286 965.3472 178.2718 1242.0000 375.0000 1.5580 1.5658 3.8088 4.7262 1.6127 5.6840 -0.4610 0.4541
Car -1 -1 -0.6527 716.8646 171.6660 864.3729 232.3253 1.5778 1.5930 3.8506 5.0312 1.5472 20.2677 -0.4134 0.4481
Car -1 -1 -1.3537 771.1437 179.1655 920.7256 284.7154 1.5196 1.7161 3.9565 4.2600 1.6505 12.7813 -1.0398 0.4422
Car -1 -1 -0.8741 0.0000 203.5569 139.1722 375.0000 1.4903 1.5930 3.9076 -6.6425 1.8738 7.0153 -1.6133 0.4287
Car -1 -1 -0.5239 676.8442 163.3890 792.4429 208.9419 1.6100 1.7160 3.9322 4.6101 1.2758 26.9893 -0.3570 0.4178
Car -1 -1 -1.0349 205.8949 180.9219 281.6319 207.5780 1.5562 3.7331 1.7303 -22.1825 2.0564 43.7107 -1.5024 0.3838
Car -1 -1 3.0918 32.7145 185.3416 78.0337 218.5718 1.5167 3.7054 1.6342 -27.9949 2.1795 36.3320 2.4387 0.3771
Car -1 -1 -0.8519 727.4902 174.3943 893.8776 250.7690 1.5480 1.6084 3.7069 4.5494 1.5870 16.3857 -0.5865 0.3457
Car -1 -1 3.0866 405.7017 181.8374 439.2107 209.8156 1.5132 3.6445 1.7004 -11.0633 2.0651 42.2982 2.8319 0.3416
Car -1 -1 -0.2950 470.3980 180.0392 501.7721 198.6736 1.5244 3.6587 1.6887 -10.7981 2.1681 62.5878 -0.4655 0.3098
Car -1 -1 -1.4327 324.7161 182.2486 364.7374 211.0634 1.5205 1.6517 3.7231 -15.1881 2.0854 41.3650 -1.7829 0.3089
Car -1 -1 0.0339 514.9354 176.7274 536.8640 197.1447 1.5876 3.5857 1.6517 -6.8336 1.9129 58.6616 -0.0819 0.3061
