Pedestrian -1 -1 1.8106 849.2489 167.9406 862.9222 196.0831 1.8399 0.7204 0.6576 16.2195 1.5191 47.6416 2.1365 0.4172
Pedestrian -1 -1 2.5647 790.4780 151.8684 815.5837 201.1276 1.9163 0.7372 0.6625 7.5842 1.1003 28.5212 2.8217 0.3356
Cyclist -1 -1 -1.4486 805.4271 163.5089 841.0256 197.2945 1.7953 1.7814 0.6377 11.4834 1.2991 38.9829 -1.1645 0.3243
Car -1 -1 -1.8113 711.5137 182.1013 874.4698 295.7732 1.4911 1.6113 3.7689 2.6971 1.6654 11.6716 -1.5909 0.8083
Car -1 -1 -1.6912 660.5588 180.0804 729.4507 234.8047 1.5260 1.6604 3.8066 2.5188 1.7713 22.5356 -1.5821 0.8081
Car -1 -1 -1.7080 639.6342 178.1470 679.5280 209.4543 1.5280 1.5814 3.6658 2.5074 1.8190 37.7350 -1.6428 0.6891
Car -1 -1 1.3169 223.7187 173.1398 386.5447 259.8289 1.5883 2.5974 2.3906 -6.3938 1.5952 14.9663 0.9190 0.5898
Car -1 -1 -1.6851 652.5221 179.6674 705.8815 222.5795 1.5498 1.6499 3.9343 2.6359 1.8397 28.6729 -1.5951 0.5361
Car -1 -1 -2.5098 0.0000 180.9718 317.2177 304.9599 1.5556 1.6599 3.9536 -6.4834 1.6812 10.1533 -3.0666 0.5293
Car -1 -1 0.3213 349.2000 179.4051 479.5680 232.0187 1.5865 1.6766 3.6574 -6.1989 1.8037 22.9357 0.0597 0.4233
Car -1 -1 3.2660 450.5999 181.0302 496.8777 216.2709 1.4821 3.6774 1.6399 -6.2311 1.8790 33.1026 3.0809 0.4074
Car -1 -1 3.1548 172.4306 180.5180 201.9689 205.9987 1.5951 3.5443 1.6518 -28.2883 2.1291 48.2882 2.6270 0.3683
Car -1 -1 1.4539 729.7690 174.1336 799.6916 202.1162 1.6197 3.8865 1.6885 9.1115 1.6979 42.8725 1.6614 0.3649
Car -1 -1 3.2000 303.9479 182.6435 455.7221 244.0596 1.5372 1.6117 3.7991 -6.2292 1.8217 19.6953 2.8969 0.3644
Car -1 -1 0.1787 243.4686 185.9962 428.9578 254.0899 1.4987 1.5936 3.9667 -6.5239 1.8374 17.4434 -0.1748 0.3145
