Pedestrian -1 -1 3.0963 400.4858 175.3190 436.1889 253.7130 1.7029 0.8622 0.7375 -4.3681 1.7605 16.2255 2.8367 0.4605
Pedestrian -1 -1 2.9014 483.8728 174.0450 500.9461 208.2153 1.7752 0.8256 0.7119 -6.2390 1.8392 38.0375 2.7395 0.3834
Pedestrian -1 -1 3.2559 348.2841 179.0303 402.7288 290.2717 1.6807 0.8270 0.7290 -3.7499 1.7830 11.4283 2.9448 0.2981
Pedestrian -1 -1 -0.2172 0.0000 176.2100 33.3234 239.6731 1.7966 0.8260 0.7132 -17.4101 1.8972 21.0157 -0.9030 0.2782
Cyclist -1 -1 3.6067 0.0000 193.5054 106.2376 375.0000 1.5876 1.5234 0.3562 -4.6645 1.7757 5.7745 2.9493 0.3721
Car -1 -1 -1.8049 655.6949 175.3344 757.8793 245.6127 1.5618 1.6473 3.9229 2.2641 1.6318 18.2184 -1.6841 0.7465
Car -1 -1 3.3119 288.9795 186.1474 422.6511 288.3146 1.4671 3.5469 1.6026 -4.3611 1.7365 12.7221 2.9872 0.5062
Car -1 -1 1.7315 420.8897 173.4245 500.8081 209.5917 1.8861 3.9579 1.7623 -7.9664 1.9177 38.6184 1.5289 0.4861
Car -1 -1 -0.1369 593.9573 176.2608 621.5170 196.7602 1.5100 3.7377 1.6279 -0.2338 1.7830 55.7652 -0.1415 0.4210
Car -1 -1 3.3433 430.8381 177.6389 479.3929 210.8221 1.5177 3.6450 1.6259 -7.5666 1.7647 35.3552 3.1335 0.3519
Car -1 -1 2.9312 403.8587 184.7907 473.4977 232.3518 1.4997 3.6394 1.6882 -6.2231 1.9594 25.7609 2.6960 0.3419
Car -1 -1 2.0885 298.5446 180.3167 433.1321 232.5074 1.5012 3.5725 1.6758 -7.5326 1.7438 22.2521 1.7652 0.2672
Car -1 -1 -0.9353 257.1430 178.7624 406.6774 239.2865 1.5260 3.5293 1.6378 -7.6075 1.6980 19.6969 -1.2998 0.2528
