Pedestrian -1 -1 1.8096 412.2891 162.7098 430.0357 195.4765 1.9143 0.8966 0.5883 -11.1415 1.3220 42.4528 1.5542 0.2620
Pedestrian -1 -1 -2.4956 1108.1394 183.5992 1190.6295 279.3950 1.5670 0.9089 0.7421 9.2052 1.7593 12.3979 -1.8690 0.2594
Pedestrian -1 -1 2.2068 1085.7290 126.9064 1131.8407 199.5565 1.9325 0.7996 0.6591 13.5476 0.7106 19.6766 2.8028 0.2366
Pedestrian -1 -1 1.7953 424.7959 187.6664 457.6974 243.6435 1.7307 0.8783 0.7137 -5.3837 2.2077 22.8551 1.5659 0.2331
Pedestrian -1 -1 0.8372 1029.8533 164.3740 1111.9185 270.9177 1.7813 1.0655 0.6071 7.8936 1.6399 12.4550 1.3907 0.2330
Cyclist -1 -1 -0.6254 1135.8955 180.1427 1242.0000 339.4276 1.6441 1.6660 0.4677 6.8556 1.7375 8.3641 0.0432 0.2928
Cyclist -1 -1 -0.8848 1164.1283 147.4478 1242.0000 243.8968 1.7532 1.8874 0.7067 11.9716 1.2917 14.1067 -0.1917 0.2534
Car -1 -1 1.8530 209.2101 194.0856 392.1526 307.5362 1.5008 1.7729 4.0373 -5.1141 1.9285 12.4253 1.4693 0.7475
Car -1 -1 1.7074 363.2245 185.8466 445.1412 248.6044 1.5931 1.7677 4.1331 -6.0226 2.0175 21.3780 1.4354 0.7373
Car -1 -1 -2.3906 1154.3749 183.6446 1242.0000 375.0000 1.5254 1.6582 4.0860 7.6251 1.6613 7.0085 -1.5845 0.4885
Car -1 -1 3.2409 321.3872 182.7804 378.4933 227.3746 1.4641 3.4474 1.6211 -9.4811 1.8532 26.3865 2.8987 0.3829
Car -1 -1 1.2794 761.6422 157.5732 875.9151 208.4140 1.8697 3.8355 1.7195 7.8271 1.3081 27.4232 1.5542 0.3623
Car -1 -1 -0.8212 0.0000 196.4295 163.8929 375.0000 1.5428 1.6376 4.0369 -4.5429 1.7434 4.0618 -1.6299 0.3342
Car -1 -1 -1.0062 337.9037 177.4276 409.7252 203.8567 1.5274 3.7755 1.7231 -14.2380 1.8114 43.4482 -1.3214 0.2710
Car -1 -1 1.3811 800.8173 164.1861 972.7812 237.6966 1.8173 3.9615 1.7213 7.1039 1.6034 19.0041 1.7331 0.2566
Car -1 -1 1.8970 316.2946 169.5477 376.9975 194.9001 1.7884 3.7453 1.7026 -18.8934 1.5555 51.7870 1.5486 0.2374
