Pedestrian -1 -1 3.1801 364.6278 178.4262 392.8007 243.0575 1.7484 0.6849 0.7181 -6.4562 1.9067 20.0160 2.8713 0.2561
Pedestrian -1 -1 -0.2730 83.2304 173.8700 125.9620 243.8336 1.7755 0.6838 0.7596 -13.2397 1.8031 18.8330 -0.8793 0.2490
Pedestrian -1 -1 2.9981 239.4378 174.5910 286.0641 269.5271 1.7221 0.7904 0.6900 -6.6145 1.7565 13.6250 2.5533 0.2365
Pedestrian -1 -1 -0.7391 728.8799 161.1894 761.4553 218.4735 1.8253 0.8202 0.6629 4.3556 1.4540 23.5113 -0.5587 0.2127
Pedestrian -1 -1 2.8042 793.6677 144.3521 865.0222 286.7321 1.7845 0.8100 0.6552 2.8047 1.4276 9.4639 3.0829 0.2061
Pedestrian -1 -1 2.6044 749.0181 146.9505 792.8931 226.7783 1.8474 0.8590 0.6736 3.7812 1.2483 17.2095 2.8165 0.1878
Cyclist -1 -1 -0.3388 675.8895 162.0901 698.9957 199.7943 1.7641 1.9003 0.4973 3.6762 1.2608 34.7377 -0.2347 0.5097
Cyclist -1 -1 -2.0467 1032.8975 77.2451 1242.0000 287.1172 1.7947 1.8023 0.6023 4.9099 0.9775 6.5941 -1.4276 0.2389
Cyclist -1 -1 0.9775 1021.4449 147.7637 1212.3383 281.0441 1.6817 1.9300 0.8430 6.5848 1.3655 9.5262 1.5675 0.2083
Cyclist -1 -1 3.2698 441.1313 174.5089 461.6695 219.6577 1.7201 1.8133 0.5650 -6.2906 1.7879 28.4827 3.0539 0.1826
Car -1 -1 1.8352 238.2255 194.8235 439.1000 325.8707 1.4947 1.8268 3.7592 -3.8520 1.8836 10.8169 1.4999 0.6944
Car -1 -1 1.7049 467.6739 180.3233 530.8998 227.8820 1.5335 1.7098 4.0971 -3.9393 1.8241 25.9726 1.5553 0.6313
Car -1 -1 -0.1060 632.0643 174.2231 698.0720 229.9763 1.5422 3.5613 1.5985 1.5416 1.5874 21.8535 -0.0373 0.6038
Car -1 -1 1.3309 599.8592 178.0913 638.4737 196.9825 1.4723 2.6584 2.2781 0.6965 1.9070 58.4236 1.3423 0.2261
Car -1 -1 -2.5768 598.3903 176.3121 642.3002 193.4858 1.5077 1.6987 3.6586 0.9141 1.8313 65.7408 -2.5633 0.2204
Car -1 -1 1.3874 583.0000 176.9231 637.5034 199.1468 1.4734 3.4638 1.8101 -0.0340 1.7597 49.4845 1.3863 0.2134
Car -1 -1 0.2108 438.1946 175.1734 491.3778 211.5720 1.5960 3.8730 1.6670 -6.7775 1.7114 33.8310 0.0141 0.2083
Car -1 -1 -0.5326 952.4243 172.3608 1242.0000 375.0000 1.4967 3.8913 1.7142 4.0282 1.4949 5.1910 0.0995 0.2063
