Pedestrian -1 -1 2.5940 756.2570 131.7965 805.4891 233.9829 1.8099 0.7554 0.5637 3.0716 1.0831 13.2249 2.8168 0.5555
Car -1 -1 -1.9043 762.9670 184.5772 994.1538 334.0073 1.4638 1.5474 3.5353 3.0638 1.6415 9.1283 -1.5914 0.7708
Car -1 -1 -1.7693 678.4411 176.7098 786.6450 254.2226 1.5527 1.6391 4.1123 2.6444 1.6537 16.7499 -1.6164 0.7686
Car -1 -1 1.7089 430.0000 183.5623 498.7876 236.2560 1.5167 1.6813 3.7774 -4.6931 1.8943 23.4849 1.5132 0.7420
Car -1 -1 -2.0657 859.4124 194.0477 1242.0000 375.0000 1.4573 1.5942 3.7523 2.9321 1.6500 4.6426 -1.5319 0.7198
Car -1 -1 -2.5256 643.8495 179.4090 753.8701 232.3773 1.5300 2.5349 2.4833 2.8016 1.7559 23.0506 -2.4070 0.6931
Car -1 -1 -1.6876 651.8491 178.3817 700.6863 217.7851 1.5730 1.6376 4.0342 2.7774 1.8297 31.4144 -1.6009 0.6256
Car -1 -1 -1.0080 0.0000 200.1922 237.1527 375.0000 1.5012 1.5915 3.8023 -4.3851 1.7759 5.2639 -1.6782 0.5743
Car -1 -1 1.6365 468.9461 175.6804 518.1681 221.1950 1.6728 1.6747 4.1387 -4.6368 1.7948 28.9195 1.4784 0.5320
Car -1 -1 -1.0740 157.8767 179.5222 336.5797 242.6900 1.5457 3.8103 1.6919 -9.3884 1.7279 18.7645 -1.5326 0.5307
