Pedestrian -1 -1 2.9045 570.7637 164.8673 610.1499 243.2441 1.7923 0.9285 0.7258 -0.3041 1.4132 16.9663 2.8815 0.8302
Pedestrian -1 -1 1.6745 118.7620 176.0712 250.6187 374.0000 1.7174 0.9333 0.7116 -3.6835 1.6747 6.3405 1.1595 0.7562
Pedestrian -1 -1 -0.6264 795.4072 156.3625 863.7387 262.1682 1.7898 0.9151 0.7533 3.9797 1.3658 12.7042 -0.3341 0.7158
Pedestrian -1 -1 -0.0095 546.0334 163.0779 572.3951 227.5678 1.8445 0.9292 0.7539 -1.2731 1.3187 21.0338 -0.0745 0.7026
Pedestrian -1 -1 3.0751 342.1784 183.3858 393.5450 283.9439 1.6056 0.9126 0.7572 -3.9721 1.6400 12.0526 2.7574 0.6321
Pedestrian -1 -1 -0.2162 707.6237 157.2387 740.0910 224.0870 1.8212 0.8553 0.7177 3.3717 1.1614 20.0150 -0.0566 0.6140
Pedestrian -1 -1 3.1043 451.2701 170.7385 491.9190 265.4039 1.7428 0.8431 0.7272 -2.5283 1.5459 13.7130 2.9198 0.6003
Pedestrian -1 -1 0.9484 981.4351 145.6635 1089.8479 312.1568 1.7595 0.7742 0.6816 4.7475 1.3822 7.9684 1.4658 0.5636
Pedestrian -1 -1 2.9799 497.7397 154.2369 528.8043 229.7128 1.8496 0.8535 0.6430 -2.2622 1.1827 18.1016 2.8521 0.5147
Pedestrian -1 -1 -1.0782 1140.0498 106.3469 1238.0000 311.9096 1.7794 0.7967 0.5804 5.5856 1.1303 6.6963 -0.4074 0.5069
Pedestrian -1 -1 2.9819 602.6059 162.9201 621.1827 207.9723 1.7989 0.7410 0.6381 0.4022 1.0580 29.0949 2.9905 0.4142
Pedestrian -1 -1 2.8704 591.9662 160.4918 613.5151 208.4420 1.8407 0.7497 0.6601 0.0279 1.0353 28.0232 2.8664 0.4076
Pedestrian -1 -1 1.2463 786.1788 174.1255 825.3965 241.2957 1.6429 0.7887 0.5882 5.0472 1.4637 17.8835 1.5122 0.3991
Pedestrian -1 -1 1.7890 0.0000 169.2435 141.9152 374.0000 1.7290 0.6988 0.6960 -2.6526 1.6816 3.3251 1.1453 0.3979
Pedestrian -1 -1 2.8177 616.9283 160.5881 639.4536 207.9530 1.8232 0.7759 0.6647 1.0242 1.0192 28.1149 2.8487 0.3948
Pedestrian -1 -1 3.1701 395.9630 162.1772 465.0545 302.2459 1.7395 1.0240 0.8434 -2.2915 1.5008 9.5062 2.9338 0.3712
Pedestrian -1 -1 3.0067 571.0482 158.1650 589.5173 204.0765 1.8659 0.8484 0.6491 -0.8948 0.9185 29.6644 2.9718 0.3609
Pedestrian -1 -1 2.9277 536.5728 164.6929 555.1851 206.0337 1.8120 0.8253 0.6618 -2.4901 1.0763 31.9733 2.8455 0.3579
Pedestrian -1 -1 2.9534 179.9315 155.5709 214.6011 232.0635 1.7914 0.6046 0.6235 -9.7437 1.1854 17.2522 2.4406 0.3070
Pedestrian -1 -1 2.1224 359.5447 181.7218 423.1601 277.5956 1.6856 0.8645 0.7204 -3.8591 1.6910 13.0893 1.8354 0.2828
Pedestrian -1 -1 0.5803 511.7645 174.4016 548.4118 236.6250 1.7127 0.8448 0.6816 -2.0412 1.5185 20.3012 0.4760 0.2571
Pedestrian -1 -1 1.9286 373.2917 182.6059 422.4134 268.2957 1.6959 0.7750 0.6737 -4.1636 1.7201 14.5894 1.6497 0.2514
Pedestrian -1 -1 2.8383 664.3582 162.0985 683.7833 205.2367 1.8780 0.7120 0.6665 3.1869 1.0343 31.6865 2.9326 0.2458
Cyclist -1 -1 3.1486 392.2197 163.6538 463.4586 310.2860 1.7656 1.8119 0.8435 -2.3659 1.5521 9.6258 2.9079 0.5416
Cyclist -1 -1 3.2323 270.9256 194.7116 347.7340 366.3625 1.7135 1.8217 0.6526 -3.3654 1.8850 8.2831 2.8509 0.3523
Cyclist -1 -1 0.0236 348.1332 176.1324 389.7997 286.8241 1.7296 1.8194 0.6248 -3.9626 1.6471 12.1830 -0.2904 0.3490
Cyclist -1 -1 -0.1747 568.8603 157.0447 588.7164 202.1252 1.8138 1.7604 0.5140 -0.9675 0.8308 29.8135 -0.2119 0.3440
Cyclist -1 -1 0.5129 83.7076 138.8903 205.2119 271.4850 1.7430 1.7502 0.6984 -6.5427 1.1842 10.3301 -0.0457 0.2682
Cyclist -1 -1 -2.0553 603.4972 162.1687 650.9573 207.7437 1.8184 1.8777 0.5972 1.0412 1.0481 29.3383 -2.0252 0.2666
Cyclist -1 -1 -1.7342 672.1799 158.5063 714.4205 199.0219 1.7802 1.7808 0.6234 4.0597 0.7708 31.9087 -1.6136 0.2623
Cyclist -1 -1 -2.0857 0.0000 121.8279 121.5582 313.2328 1.7562 1.7565 0.8081 -6.2408 1.2101 7.5537 -2.7648 0.2528
Cyclist -1 -1 -0.5572 857.9410 157.2392 1097.6938 374.0000 1.6944 1.8961 0.6277 2.6419 1.5456 5.4252 -0.1287 0.2489
Cyclist -1 -1 0.1987 217.5380 160.3134 276.9561 267.6882 1.7403 1.8357 0.5824 -6.2163 1.3982 12.6015 -0.2569 0.2437
