Pedestrian -1 -1 -3.4687 937.7962 150.7726 972.4500 216.5183 1.8188 0.7551 0.6711 9.6873 1.2083 20.3701 -3.0308 0.6156
Cyclist -1 -1 0.2000 111.9301 176.7124 157.4659 245.3787 1.7791 1.9282 0.6670 -13.0769 1.8909 19.8252 -0.3772 0.5872
Cyclist -1 -1 -3.2668 709.5823 175.0254 719.8200 199.1018 1.6411 1.7160 0.4903 7.2492 1.7952 50.1976 -3.1246 0.3832
Cyclist -1 -1 3.4037 96.9885 189.4268 126.4596 243.4289 1.6223 1.6231 0.3595 -15.9178 2.1701 23.0053 2.8036 0.3286
Cyclist -1 -1 -1.3298 669.6008 170.5076 692.6816 192.5661 1.8174 1.8182 0.6108 5.8962 1.6245 60.0353 -1.2327 0.2877
Car -1 -1 -2.7344 276.2186 184.6761 411.8064 233.9175 1.5147 1.6440 3.8183 -8.6686 1.9165 23.5701 -3.0836 0.5495
Car -1 -1 -2.7527 375.4218 179.6542 468.6443 216.5693 1.5677 1.7022 3.6445 -8.3723 1.8811 32.1293 -3.0060 0.5216
Car -1 -1 3.5757 182.0942 190.9273 354.8600 253.9484 1.4646 1.5953 3.5618 -8.4849 1.9364 18.0222 3.1409 0.4323
Car -1 -1 1.0273 359.5475 182.6533 455.1305 226.5597 1.5279 2.5876 2.5598 -7.8298 1.9297 27.7369 0.7542 0.4133
Car -1 -1 3.2838 343.6582 174.2037 376.7097 198.5287 1.5638 3.5442 1.6097 -16.7751 1.6584 48.4863 2.9521 0.4093
Car -1 -1 1.0338 1065.1537 165.8337 1242.0000 238.4463 1.7295 3.4583 1.6783 13.7009 1.5626 18.1908 1.6711 0.3721
Car -1 -1 0.5253 130.6872 177.0974 230.5339 222.1875 1.5712 3.6673 1.6157 -16.1782 1.7431 27.3240 -0.0053 0.3378
Car -1 -1 2.8092 435.6389 177.3982 484.6036 204.9833 1.5506 3.7361 1.7492 -9.0643 1.8365 43.2845 2.6036 0.3339
Car -1 -1 -2.6457 250.5952 173.5197 320.4710 206.7747 1.5740 3.7033 1.6176 -16.2012 1.6095 36.1331 -3.0648 0.2851
