Pedestrian -1 -1 1.6525 200.6352 156.6808 303.3158 317.7100 1.8392 1.0569 0.6434 -4.2905 1.5689 8.5605 1.2043 0.8438
Pedestrian -1 -1 -0.1195 263.4042 161.8398 306.2625 255.2243 1.7367 0.8585 0.6636 -6.2468 1.3913 13.6829 -0.5372 0.5823
Pedestrian -1 -1 2.4336 831.9727 170.8177 878.1501 240.5177 1.7052 0.8113 0.7473 6.2542 1.4699 17.8066 2.7674 0.4152
Pedestrian -1 -1 1.0414 52.4121 190.5062 102.2928 253.8004 1.7574 0.9012 0.7446 -15.2263 2.0552 20.3653 0.4084 0.3940
Pedestrian -1 -1 -1.5180 1123.3290 185.6865 1224.0000 370.0000 1.6676 0.7016 0.6993 4.3356 1.7122 5.3465 -0.8637 0.3480
Pedestrian -1 -1 2.6025 640.4039 161.8058 696.8404 260.6990 1.7475 0.8380 0.7028 1.1196 1.4188 13.0197 2.6880 0.3234
Pedestrian -1 -1 3.0198 15.2135 172.5710 70.4706 261.9929 1.7400 0.8661 0.7860 -11.4461 1.5873 14.3371 2.3586 0.2908
Pedestrian -1 -1 2.8124 516.1010 163.6834 566.8840 261.9984 1.7343 0.8743 0.6841 -1.2216 1.4393 13.0063 2.7228 0.2412
Pedestrian -1 -1 1.1723 973.0667 186.4033 1128.5487 370.0000 1.6432 0.7707 0.6964 3.2706 1.6927 5.3358 1.6978 0.2308
Pedestrian -1 -1 1.2627 556.5862 159.9200 611.9239 250.3130 1.8225 1.0133 0.6093 -0.4776 1.4092 14.7061 1.2327 0.2087
Pedestrian -1 -1 -0.7979 729.0823 154.6156 784.4531 248.6853 1.8288 0.8424 0.7022 3.0197 1.3272 14.2864 -0.5923 0.1938
Pedestrian -1 -1 -0.8670 991.9689 164.6375 1068.1893 274.0383 1.7813 0.8799 0.6804 7.1777 1.5247 12.0355 -0.3392 0.1816
Pedestrian -1 -1 0.9650 811.6949 167.9642 871.1088 257.9236 1.7239 0.9314 0.6111 4.6238 1.4853 13.9708 1.2795 0.1787
Pedestrian -1 -1 -1.0363 1159.2976 145.1895 1224.0000 253.6037 1.7790 0.8281 0.6479 10.1072 1.2012 12.0972 -0.3515 0.1654
Pedestrian -1 -1 2.5186 605.3284 166.9489 657.3968 253.6312 1.7317 0.8287 0.7332 0.5005 1.4626 14.6685 2.5537 0.1602
Pedestrian -1 -1 -1.7497 879.6520 162.3388 946.4500 266.7525 1.7522 0.9518 0.6853 5.2953 1.4491 12.2987 -1.3508 0.1594
Pedestrian -1 -1 -0.4897 679.3602 158.1284 730.9145 249.6379 1.8042 0.8695 0.7174 1.9977 1.3648 14.4674 -0.3537 0.1543
Pedestrian -1 -1 1.4173 292.6607 190.5901 325.8632 261.7903 1.8193 0.7171 0.6754 -7.8502 2.0942 18.6709 1.0266 0.1542
Cyclist -1 -1 0.1655 260.6204 161.6987 304.8305 256.1689 1.7240 1.6868 0.5001 -6.2972 1.3826 13.7776 -0.2526 0.2487
Cyclist -1 -1 0.7024 1087.9694 191.1838 1224.0000 370.0000 1.6315 1.7635 0.6359 5.4188 1.7390 6.5071 1.3746 0.2191
Cyclist -1 -1 1.6993 629.9897 161.3365 735.7912 258.4047 1.7199 1.8753 0.6748 1.4050 1.3820 13.0689 1.8056 0.2077
Cyclist -1 -1 -0.0460 522.3831 160.4046 559.0283 263.9184 1.7715 1.8341 0.5858 -1.2526 1.4292 13.0438 -0.1376 0.1835
Cyclist -1 -1 1.4750 680.8856 163.6165 757.5563 233.0395 1.7350 1.8765 0.6385 2.8578 1.3146 18.0403 1.6311 0.1831
Cyclist -1 -1 0.3116 0.0000 173.0984 62.4651 266.1007 1.7489 1.8608 0.5992 -11.6913 1.6113 14.2671 -0.3623 0.1726
Cyclist -1 -1 -1.6331 554.5240 148.2307 631.2086 221.3630 1.7984 1.8912 0.6414 -0.3558 1.0065 17.7777 -1.6507 0.1690
Cyclist -1 -1 1.9778 248.6945 180.6430 393.9981 291.2508 1.7090 2.0097 0.8206 -4.5693 1.7130 11.3666 1.6067 0.1646
Cyclist -1 -1 -0.4000 837.8849 176.3492 917.9898 291.0373 1.6780 1.8550 0.4833 4.2578 1.6190 11.2779 -0.0466 0.1623
Car -1 -1 -2.2670 1146.7802 184.8262 1224.0000 370.0000 1.5456 1.6698 3.8880 6.4990 1.5949 5.7447 -1.4458 0.2393
Car -1 -1 1.0167 918.8479 201.8850 1106.5516 269.0631 1.5678 3.8291 1.7007 10.2553 2.1428 18.0210 1.5278 0.2105
Car -1 -1 0.0750 46.0625 185.8475 114.4571 232.0451 1.5337 4.1055 1.6978 -19.3440 1.7497 26.1669 -0.5541 0.1892
Car -1 -1 2.5049 555.5738 172.7207 604.6097 194.7162 1.5446 3.7426 1.6847 -1.8453 0.9996 51.6356 2.4711 0.1787
Car -1 -1 0.3676 341.3081 168.4109 467.7666 242.1621 1.5520 3.7814 1.6125 -4.6534 1.2992 16.8383 0.1046 0.1568
