Pedestrian -1 -1 2.8189 23.1658 177.3728 50.9377 220.5054 1.8239 0.8504 0.7077 -24.7759 2.0227 31.1487 2.1510 0.4428
Pedestrian -1 -1 1.2693 653.5345 172.6947 676.2195 219.0242 1.7029 0.7000 0.5824 1.9980 1.6974 26.8807 1.3420 0.3733
Pedestrian -1 -1 2.9310 243.2957 185.0758 269.5267 234.7185 1.6578 0.7779 0.6649 -12.2281 2.0878 24.8552 2.4777 0.3193
Pedestrian -1 -1 0.9661 123.0799 202.2922 189.2608 290.9568 1.6435 0.8283 0.7503 -9.0071 2.2471 14.2530 0.4106 0.2879
Pedestrian -1 -1 1.6776 688.0271 180.3836 718.8199 247.3533 1.7030 0.7347 0.6602 2.3968 1.9043 18.8425 1.8012 0.2852
Pedestrian -1 -1 1.8840 635.8033 175.6892 649.8029 202.6505 1.7235 0.7267 0.6948 2.0924 1.9091 46.6699 1.9280 0.2708
Pedestrian -1 -1 2.5283 640.6809 174.8357 657.9191 210.6425 1.6880 0.5899 0.5897 1.8374 1.7842 34.4640 2.5805 0.2651
Cyclist -1 -1 -0.2979 744.2336 162.8709 772.6700 206.4655 1.8499 1.9318 0.6753 6.4452 1.4266 31.6095 -0.0990 0.4902
Cyclist -1 -1 0.1589 3.9975 184.3611 28.1811 219.6497 1.6999 1.7546 0.6656 -29.8905 2.2937 36.2841 -0.5267 0.3269
Cyclist -1 -1 0.3694 308.7528 174.2822 333.7410 209.5638 1.6956 1.7916 0.5339 -14.2880 1.7682 35.6438 -0.0096 0.2775
Cyclist -1 -1 -1.2388 168.9413 188.5484 204.8675 219.6936 1.9125 1.8184 0.7039 -26.6152 2.9108 45.3535 -1.7672 0.2679
Cyclist -1 -1 0.3433 19.4145 178.3292 53.6255 220.8475 1.7683 1.8391 0.5682 -24.8296 2.0128 31.2146 -0.3246 0.2519
Cyclist -1 -1 -1.4217 374.7957 176.6738 402.9640 202.4660 1.8409 1.8685 0.6530 -15.9843 2.1195 52.0936 -1.7183 0.2467
Cyclist -1 -1 -2.4309 185.6033 173.5349 232.5080 222.6470 1.7956 1.7566 0.5332 -15.1986 1.8227 27.3180 -2.9348 0.2412
Cyclist -1 -1 -0.0311 333.9537 174.0645 343.4276 198.7856 1.8410 1.8704 0.6165 -20.6418 1.9350 54.8101 -0.3899 0.2405
Cyclist -1 -1 -0.2640 634.6094 175.7857 650.8317 202.0765 1.6621 1.7452 0.6122 2.0794 1.8561 46.7371 -0.2203 0.2310
Car -1 -1 1.8090 252.1825 191.3105 394.1512 285.6938 1.5039 1.7116 3.8340 -5.5350 1.9213 14.2895 1.4450 0.7047
Car -1 -1 2.2128 1174.1339 172.4021 1242.0000 215.8208 1.4910 3.4776 1.7471 23.2140 1.4759 26.6622 2.9233 0.3191
Car -1 -1 3.0644 381.1158 177.6089 407.5464 200.3213 1.6007 3.5685 1.6106 -16.0804 1.9673 53.6206 2.7741 0.2896
Car -1 -1 -3.2018 685.2491 170.6014 713.5765 194.8174 1.5530 3.5970 1.6505 5.8961 1.4089 48.1152 -3.0810 0.2808
Car -1 -1 -0.0586 168.2736 188.6036 201.9615 214.5724 1.5198 3.8543 1.6635 -27.6131 2.5866 46.7917 -0.5895 0.2675
Car -1 -1 0.7875 923.0874 165.9348 982.2770 190.0643 1.5533 3.0754 1.9430 22.6930 1.1082 47.8775 1.2275 0.2390
Car -1 -1 2.3259 903.8384 170.7913 978.5936 198.7826 1.5753 3.9173 1.6967 19.5093 1.4596 42.7387 2.7512 0.2385
Car -1 -1 2.4495 787.8978 175.5686 835.2957 195.6402 1.5503 3.6597 1.7498 16.2237 1.7777 58.3045 2.7192 0.2342
Car -1 -1 1.6656 763.5107 175.5864 821.7562 197.0809 1.4605 3.8383 1.6844 12.8422 1.6587 50.8229 1.9113 0.2232
Car -1 -1 -0.1177 875.9951 177.4644 925.8917 211.9518 1.4851 4.0073 1.6821 13.5146 1.7151 33.7951 0.2592 0.2219
Car -1 -1 2.2952 780.5873 179.1094 853.9991 206.1904 1.4637 4.0065 1.6768 12.0053 1.8478 42.1218 2.5705 0.2147
