Pedestrian -1 -1 1.2321 619.0839 170.0866 634.9448 195.8308 1.8394 0.9992 0.6013 1.1965 1.6420 51.9908 1.2546 0.3291
Pedestrian -1 -1 -0.0770 366.8612 161.9378 383.2430 205.8292 1.8478 0.8464 0.6038 -10.1001 1.3886 30.8798 -0.3909 0.2640
Pedestrian -1 -1 2.5378 740.6821 165.1433 761.4883 205.0066 1.8599 0.7025 0.6876 6.6310 1.5005 34.1224 2.7277 0.2105
Pedestrian -1 -1 -0.1170 204.0419 148.7486 234.4452 223.0206 1.8367 0.8178 0.5909 -9.9884 1.2409 18.3446 -0.6098 0.1999
Pedestrian -1 -1 2.8741 439.7158 169.0037 451.8090 197.8345 1.8053 0.8631 0.5375 -10.4337 1.5646 45.6856 2.6505 0.1766
Cyclist -1 -1 -1.7702 1167.2814 163.3873 1214.4878 198.1203 1.7911 1.8430 0.6233 30.4573 1.3033 37.9033 -1.0974 0.3044
Cyclist -1 -1 3.3406 187.2983 179.1188 204.2480 206.3174 1.8064 1.9505 0.6315 -28.3884 2.2448 49.4160 2.8213 0.2874
Cyclist -1 -1 0.4201 173.5849 182.5392 195.4403 207.2845 1.7732 2.0116 0.6297 -31.5882 2.5062 53.5447 -0.1109 0.2733
Cyclist -1 -1 -3.3896 805.8542 177.4034 934.3932 375.0000 1.7109 1.7677 0.7284 2.4205 1.7617 7.0891 -3.0749 0.2378
Cyclist -1 -1 -0.3931 618.2433 171.5107 634.3723 195.9298 1.7303 1.6941 0.5532 1.1399 1.6355 52.0138 -0.3717 0.2032
Car -1 -1 -1.6790 606.7869 181.7077 684.8895 243.2514 1.5024 1.7241 4.1453 0.8547 1.7786 20.3499 -1.6386 0.7913
Car -1 -1 -1.9063 709.1737 177.2400 978.4824 354.1320 1.5873 1.6658 4.0158 2.3845 1.6528 8.6399 -1.6471 0.7847
Car -1 -1 1.4795 736.2889 170.3994 813.6520 203.6487 1.7230 3.8745 1.7383 8.7069 1.5961 38.4984 1.6998 0.4841
Car -1 -1 1.7388 650.5998 172.2734 725.2130 203.6579 1.7077 3.9496 1.6937 4.3641 1.6764 40.6060 1.8446 0.2302
Car -1 -1 -0.1119 658.4889 178.2639 699.5487 210.9925 1.5100 3.7099 1.6071 3.3322 1.7927 35.7771 -0.0203 0.2280
Car -1 -1 -1.1706 1038.6711 177.3755 1130.4272 208.3569 1.5047 3.6409 1.6423 24.6168 1.7529 37.5837 -0.5948 0.2195
Car -1 -1 3.0989 170.8009 185.9226 205.1175 212.2665 1.5203 4.0413 1.7194 -26.9396 2.3922 45.9496 2.5709 0.1849
