Pedestrian -1 -1 2.9018 65.1707 167.2755 89.3379 212.8526 1.8367 0.8005 0.6267 -21.8778 1.6122 29.5711 2.2690 0.3086
Pedestrian -1 -1 2.5014 880.0116 145.6942 906.8262 199.2251 1.9567 0.6703 0.6547 10.4734 0.9643 26.7826 2.8702 0.2178
Pedestrian -1 -1 0.6753 997.9683 147.1334 1056.2175 239.4480 1.8966 0.9956 0.5766 8.7773 1.3685 15.2744 1.1881 0.1907
Pedestrian -1 -1 -0.8421 0.0000 183.2419 14.4409 216.1424 1.6608 0.5521 0.7001 -31.1521 2.1991 37.0053 -1.5384 0.1881
Pedestrian -1 -1 0.3114 1194.6885 188.8933 1242.0000 280.1809 1.7482 0.9652 0.7587 12.4410 2.0860 14.5970 1.0064 0.1768
Cyclist -1 -1 3.1944 389.2521 179.8525 397.9598 200.5942 1.7257 1.8377 0.6166 -18.5055 2.3334 61.6470 2.9036 0.3543
Cyclist -1 -1 0.2066 0.0000 183.5221 14.6920 218.1848 1.7012 1.8727 0.6284 -31.1912 2.2628 36.9827 -0.4906 0.2398
Cyclist -1 -1 0.3259 50.1087 185.8194 78.0415 221.4653 1.7469 1.8630 0.5737 -28.0456 2.4304 37.0403 -0.3189 0.2299
Cyclist -1 -1 -0.7101 1184.0267 180.7700 1242.0000 266.0374 1.6401 1.5422 0.4785 12.5838 1.8113 14.7949 -0.0158 0.2126
Car -1 -1 3.3872 309.4137 183.5646 355.4056 211.3988 1.4725 3.4936 1.6594 -15.9099 2.1149 41.4138 3.0222 0.6464
Car -1 -1 2.0484 160.3927 186.3568 256.9477 230.0753 1.5303 1.7541 3.7979 -15.6888 2.0973 28.3580 1.5467 0.6220
Car -1 -1 0.2681 385.5396 179.5163 414.6288 196.7976 1.5412 3.7399 1.6888 -19.6713 2.1839 67.6797 -0.0141 0.2406
Car -1 -1 -0.5820 976.8122 211.5772 1242.0000 375.0000 1.4363 3.5629 1.6610 5.5661 1.9469 7.7033 0.0244 0.2203
Car -1 -1 -2.3563 0.0000 188.4724 98.2583 223.1969 1.5192 3.9691 1.7064 -27.6416 2.3332 35.5100 -3.0143 0.1811
Car -1 -1 0.0689 8.8049 182.6288 49.7582 210.4873 1.5631 3.8612 1.6738 -35.3843 2.1874 43.9937 -0.6056 0.1800
Car -1 -1 2.0298 283.7888 180.2543 339.5842 201.3365 1.5285 3.4822 1.6530 -22.2925 2.0916 53.9175 1.6392 0.1604
