Pedestrian -1 -1 2.6049 773.5250 170.2327 809.0246 224.8985 1.7253 0.9220 0.7432 5.8056 1.6430 23.3195 2.8452 0.5136
Pedestrian -1 -1 1.5156 979.1276 163.8237 1024.7222 248.2189 1.7349 0.8072 0.6491 8.2435 1.5497 15.2935 2.0014 0.4495
Pedestrian -1 -1 0.4267 1141.5177 182.8108 1161.1910 208.9125 1.7384 0.9951 0.7249 36.7612 2.4231 49.0352 1.0666 0.4010
Pedestrian -1 -1 2.4275 684.7971 169.4776 708.8105 207.0018 1.8328 0.9648 0.7301 4.2713 1.6683 35.8438 2.5446 0.2160
Pedestrian -1 -1 -2.1300 700.2028 175.0353 710.0798 194.4268 1.6674 0.5763 0.6786 8.2271 1.8582 62.5643 -2.0003 0.2019
Cyclist -1 -1 -0.3734 672.6609 174.0084 688.9592 198.8964 1.7222 1.7619 0.5358 4.9612 1.8055 50.9328 -0.2773 0.5772
Cyclist -1 -1 -0.3853 682.2434 170.1135 709.0373 207.9306 1.8320 1.8355 0.6797 4.2118 1.6996 35.9262 -0.2701 0.4036
Cyclist -1 -1 2.3370 730.9568 168.6769 756.4258 194.7510 1.8027 1.8827 0.5836 9.3772 1.5143 50.8185 2.5181 0.3209
Cyclist -1 -1 -2.1050 1136.8302 184.6301 1171.1404 212.2840 1.8472 1.7564 0.6870 36.9061 2.6545 49.0026 -1.4629 0.3148
Cyclist -1 -1 -3.3398 776.2795 168.8243 806.8281 225.9957 1.7971 1.8539 0.6050 5.8778 1.6708 23.6164 -3.0995 0.2329
Cyclist -1 -1 -0.7964 719.6618 173.5631 739.3884 193.5637 1.7178 1.7640 0.6213 10.3956 1.7808 62.9251 -0.6338 0.2288
Cyclist -1 -1 3.2896 229.0375 181.5254 243.6021 207.1407 1.7295 1.9308 0.6240 -26.1296 2.3479 50.4145 2.8133 0.2247
Cyclist -1 -1 -0.3576 699.5275 175.6121 713.8547 196.0362 1.7356 1.8311 0.6262 8.3506 1.9787 62.5343 -0.2259 0.2073
Cyclist -1 -1 2.5413 754.1661 168.1250 782.9131 201.9943 1.7844 1.8216 0.5850 8.5117 1.5356 38.9660 2.7544 0.2066
Cyclist -1 -1 -0.2894 796.1206 153.7210 841.2772 235.9539 1.7868 1.7503 0.5011 4.7121 1.3714 16.5546 -0.0174 0.2048
Cyclist -1 -1 -0.8412 951.0683 161.7671 1044.4929 248.8501 1.7458 1.8027 0.6055 8.1864 1.5239 15.4121 -0.3615 0.1963
Car -1 -1 0.7584 26.7409 181.3330 130.1351 216.8204 1.5874 4.0869 1.7498 -26.0074 2.0293 35.4339 0.1287 0.3776
Car -1 -1 1.0736 1064.9446 200.5274 1163.5322 236.6908 1.5858 3.4824 1.5945 23.7329 2.9319 34.1091 1.6767 0.3490
Car -1 -1 -0.6905 1100.5085 179.1884 1167.2335 202.7952 1.5589 3.9388 1.6580 36.7324 2.0226 50.7508 -0.0672 0.3282
Car -1 -1 3.4968 122.7794 180.9469 185.7711 210.9823 1.5649 4.0884 1.6960 -25.7972 2.0488 40.9363 2.9372 0.3265
Car -1 -1 -2.1324 922.9322 193.9394 980.1725 216.0315 1.5749 3.5621 1.6776 25.7446 3.1984 54.4908 -1.6938 0.2882
Car -1 -1 -0.5144 643.6329 183.8246 686.0020 204.2165 1.5267 3.8369 1.7515 4.3724 2.4470 58.3935 -0.4405 0.2146
