Pedestrian -1 -1 2.6139 712.1725 169.2311 741.9253 217.9878 1.7694 0.9375 0.7113 4.2898 1.6383 26.7484 2.7706 0.1878
Pedestrian -1 -1 -2.9985 1225.9902 176.9353 1242.0000 216.0540 1.6980 0.6833 0.6557 27.6766 1.8814 31.8872 -2.2886 0.1458
Pedestrian -1 -1 0.9764 176.6027 193.8442 202.2225 230.5154 1.7615 0.8150 0.7563 -20.9016 2.8187 35.7959 0.4508 0.1159
Cyclist -1 -1 -0.3028 712.8381 170.8671 742.5843 219.6248 1.7451 1.7794 0.5758 4.3026 1.6743 26.7436 -0.1457 0.5106
Cyclist -1 -1 3.4850 181.2190 194.9352 202.1297 230.2408 1.6718 1.5858 0.3891 -20.8977 2.7988 35.9971 2.9619 0.2903
Cyclist -1 -1 -0.1960 684.6641 188.3223 715.3843 247.4858 1.7210 1.7681 0.6023 2.7262 2.2203 22.3638 -0.0773 0.1724
Cyclist -1 -1 -1.4962 589.7483 170.7052 613.2252 193.0466 1.8462 1.9112 0.6280 -0.7270 1.6690 59.9953 -1.5086 0.1332
Car -1 -1 1.7276 327.1721 195.8836 375.4709 228.1868 1.5272 1.8949 3.6908 -13.9286 2.8338 38.9337 1.3857 0.3088
Car -1 -1 3.1810 487.2692 188.1235 521.9505 219.4492 1.4929 3.5975 1.6713 -5.5554 2.3391 38.0898 3.0366 0.2550
Car -1 -1 0.6101 180.8211 201.5282 261.2006 235.6379 1.4823 3.7480 1.7543 -19.6844 3.0162 36.6218 0.1195 0.1743
Car -1 -1 -2.4138 621.0007 183.7304 674.2090 207.5000 1.5169 2.1833 2.9369 2.5414 2.2908 49.5068 -2.3634 0.1662
Car -1 -1 3.6317 135.4130 193.2135 213.9234 226.1951 1.4886 3.9706 1.7882 -22.3077 2.5929 37.0921 3.0931 0.1485
Car -1 -1 -1.4023 0.0000 188.2513 9.4179 249.2528 1.5393 1.7073 3.9373 -19.3030 2.0416 21.3975 -2.1302 0.1464
Car -1 -1 -2.2937 1062.4200 173.8613 1242.0000 354.6317 1.5031 1.6876 3.7646 6.9633 1.5172 7.9171 -1.5912 0.1254
Car -1 -1 0.2008 447.8154 187.2321 505.3086 226.6275 1.4912 3.7670 1.6754 -5.6256 2.1392 30.5962 0.0199 0.1194
Car -1 -1 0.1383 513.9761 187.5137 547.8884 210.5406 1.5085 3.5157 1.9331 -5.6125 2.5880 51.3255 0.0294 0.1180
Car -1 -1 3.6258 63.6040 195.4752 167.7764 239.8446 1.5412 4.0682 1.7913 -19.9919 2.5280 29.3414 3.0317 0.1171
Car -1 -1 2.8881 655.0576 178.1239 684.6047 196.0917 1.5383 3.9471 1.7135 5.3406 2.0293 65.0884 2.9692 0.1129
Car -1 -1 -1.1103 1134.2035 174.7214 1242.0000 211.7112 1.5490 3.7687 1.6591 26.0937 1.6388 32.4789 -0.4382 0.1106
