Pedestrian -1 -1 2.2783 729.8937 161.6502 811.4732 285.3822 1.7698 0.9415 0.7474 2.5100 1.4872 10.8732 2.4943 0.8258
Pedestrian -1 -1 3.2439 388.8383 169.0977 409.1026 220.8695 1.7686 0.7411 0.6084 -7.0518 1.3460 24.9547 2.9661 0.5805
Pedestrian -1 -1 2.9071 506.2444 176.9047 526.9261 216.4332 1.7271 0.8432 0.7326 -3.7863 1.5273 31.9065 2.7847 0.4629
Pedestrian -1 -1 3.2287 450.8406 171.8305 473.8950 224.4346 1.7566 0.5992 0.7201 -4.7278 1.4348 24.3207 3.0335 0.4394
Pedestrian -1 -1 -0.6906 565.0325 171.7023 582.4141 202.9623 1.7946 0.7889 0.6562 -1.6105 1.2329 41.7483 -0.7339 0.4233
Pedestrian -1 -1 3.1585 406.7462 172.3885 428.2295 228.4894 1.7304 0.6679 0.6444 -5.7980 1.4505 22.5547 2.9044 0.3980
Pedestrian -1 -1 2.6771 530.3011 171.1824 544.4490 201.1356 1.7409 0.6815 0.5822 -3.7624 1.1420 42.1911 2.5837 0.3844
Pedestrian -1 -1 1.4852 585.1113 178.8088 614.9243 234.9045 1.6906 0.8582 0.6255 -0.0768 1.6106 21.9980 1.4764 0.3620
Pedestrian -1 -1 0.7498 497.6342 181.8360 519.0006 215.2944 1.7153 0.8604 0.7075 -4.8504 1.7339 37.3908 0.6164 0.3254
Pedestrian -1 -1 2.1933 187.4723 181.3243 296.9401 333.4915 1.6609 0.8518 0.7492 -4.1652 1.6604 8.2768 1.7335 0.3114
Pedestrian -1 -1 1.6730 0.0000 156.5701 62.7502 318.2528 1.7752 0.8125 0.5696 -6.8374 1.5028 8.3443 0.9961 0.3020
Pedestrian -1 -1 2.7422 413.3921 181.0081 437.0582 225.2095 1.7166 0.6671 0.7023 -6.9797 1.6985 28.3718 2.4979 0.2942
Pedestrian -1 -1 -0.7076 536.1227 172.9809 549.2642 197.6687 1.8048 0.7041 0.6688 -4.3166 1.1826 52.9960 -0.7935 0.2811
Pedestrian -1 -1 2.8310 48.6754 164.6224 111.6302 273.5946 1.7597 0.6835 0.6817 -8.8032 1.4885 12.0746 2.2059 0.2729
Pedestrian -1 -1 0.3697 290.3736 153.4126 327.7617 225.0806 1.8626 0.8181 0.6716 -7.7885 1.1338 19.0813 -0.0182 0.2666
Pedestrian -1 -1 3.2637 198.2749 167.3212 238.8038 257.9890 1.6860 0.7071 0.6059 -7.3813 1.4236 13.7940 2.7748 0.2357
Pedestrian -1 -1 -0.1462 87.4862 145.2054 132.2362 243.8290 1.8026 0.7577 0.5966 -9.3561 1.1405 13.6076 -0.7448 0.2350
Pedestrian -1 -1 2.1390 980.1829 109.4798 1041.8391 233.9730 1.8304 0.6579 0.4908 6.2027 0.7728 10.9657 2.6386 0.2344
Cyclist -1 -1 3.5514 133.6084 129.4611 280.5751 350.3915 1.8593 1.7941 0.5625 -3.7776 1.4228 6.9591 3.0636 0.3352
Cyclist -1 -1 3.1209 549.6875 174.8503 558.9593 199.3231 1.7606 1.8504 0.6289 -3.4405 1.2828 52.6250 3.0509 0.3339
Cyclist -1 -1 2.4274 295.3345 171.6806 372.5911 246.4463 1.7543 1.9125 0.6876 -6.6010 1.5251 17.6113 2.0683 0.3264
Cyclist -1 -1 0.2701 502.5887 176.0535 527.1761 216.5982 1.7493 1.8490 0.6244 -3.8484 1.5153 31.9500 0.1460 0.3016
Cyclist -1 -1 3.3694 400.8892 170.8643 432.5475 227.5259 1.7196 1.7550 0.5942 -5.8406 1.3979 22.6824 3.1149 0.2945
Cyclist -1 -1 2.8276 466.0586 183.5923 491.8467 222.8362 1.6736 1.7336 0.6052 -5.4193 1.7693 31.6347 2.6541 0.2678
Cyclist -1 -1 2.2786 0.0000 185.4935 151.4516 318.3884 1.6950 2.0023 0.7856 -7.3177 1.7525 9.6448 1.6368 0.2425
Car -1 -1 1.7951 247.0120 191.7931 531.1836 374.0000 1.5230 1.9055 4.0021 -1.9041 1.6626 7.6252 1.5520 0.6906
Car -1 -1 2.9363 570.9839 177.1841 605.3588 200.5108 1.5526 3.6766 1.6450 -0.9450 1.2660 49.7872 2.9124 0.3390
Car -1 -1 3.1603 463.8261 175.5078 498.0372 207.8979 1.5679 3.9320 1.6396 -6.1553 1.2787 36.8365 2.9908 0.2682
