Pedestrian -1 -1 0.4059 1123.3699 107.3629 1242.0000 375.0000 1.8377 0.7427 0.6667 3.9964 1.4359 4.9003 1.0605 0.5732
Pedestrian -1 -1 -0.8201 683.0729 171.6979 707.9301 210.9377 1.8119 0.9140 0.7197 3.9757 1.7588 33.8948 -0.7050 0.2907
Pedestrian -1 -1 1.7687 0.0000 152.8979 46.8819 251.7611 1.8106 0.8311 0.6389 -11.3265 1.4455 13.6876 1.0868 0.2545
Pedestrian -1 -1 2.5338 812.9869 165.6736 875.2889 262.2816 1.7221 0.8145 0.7671 4.2737 1.5945 13.3630 2.8360 0.2026
Cyclist -1 -1 -2.8813 448.1456 166.2281 466.2803 196.8258 1.8374 1.9644 0.6051 -9.4068 1.4399 44.3235 -3.0895 0.3738
Car -1 -1 1.9171 5.5628 198.6714 377.2224 375.0000 1.4846 1.7451 3.5078 -3.4801 1.7914 6.7181 1.4542 0.7033
Car -1 -1 3.1372 510.2397 177.7247 545.1935 210.8033 1.5838 3.7958 1.6959 -4.2789 1.8481 37.1140 3.0227 0.5756
Car -1 -1 3.0808 371.8045 182.6321 469.2928 222.7597 1.5138 1.7298 3.7302 -7.7527 1.9303 29.3048 2.8239 0.5505
Car -1 -1 -1.9097 662.9037 171.4863 725.1271 199.5747 1.7512 3.5940 1.7085 5.3315 1.6663 46.2161 -1.7960 0.3866
Car -1 -1 3.0470 497.8900 177.6826 520.8316 194.8928 1.5249 3.2332 1.8006 -9.3459 1.9837 66.7106 2.9080 0.3106
Car -1 -1 2.1085 608.3113 172.9613 655.9886 191.6642 1.6501 3.9972 1.7398 1.9792 1.6605 65.4844 2.1382 0.3020
Car -1 -1 2.7196 410.2794 178.1946 447.5958 197.7187 1.5501 3.7065 1.6517 -15.1859 2.0115 60.3243 2.4737 0.2584
Car -1 -1 -3.1474 701.7050 181.5015 738.8849 216.3335 1.4691 3.5935 1.6037 5.0238 1.8908 33.2610 -2.9995 0.2253
Car -1 -1 -1.4066 352.1103 158.7471 434.1783 186.3745 1.4608 4.0353 1.8342 -11.7849 0.7152 39.3096 -1.6962 0.2141
