Pedestrian -1 -1 -0.1105 362.4153 141.2045 427.2793 298.9512 1.8237 0.9586 0.6660 -2.7261 1.4582 8.9102 -0.4000 0.5382
Pedestrian -1 -1 1.6991 296.7115 144.3707 409.1608 344.6446 1.8391 0.9605 0.5666 -2.5207 1.5779 6.9987 1.3642 0.5319
Pedestrian -1 -1 -0.2432 603.5272 171.6733 625.3229 214.7565 1.7579 0.8732 0.7135 0.1370 1.7101 29.9467 -0.2393 0.4616
Pedestrian -1 -1 3.5566 42.9681 161.0331 78.3048 220.5332 1.8702 0.8400 0.6139 -17.6660 1.4990 23.1553 2.9103 0.3423
Pedestrian -1 -1 3.0442 189.7468 171.2034 209.1064 214.3741 1.8231 0.8744 0.6430 -17.6905 1.7538 31.0103 2.5293 0.2697
Cyclist -1 -1 -0.1345 191.0562 172.0617 218.5458 214.6770 1.7814 1.7077 0.8141 -17.5078 1.7486 31.0858 -0.6440 0.2868
Car -1 -1 -1.8977 766.4644 174.3366 846.8844 219.8834 1.5650 1.6653 4.0352 7.2067 1.6251 26.9951 -1.6401 0.7478
Car -1 -1 -1.7352 669.0862 179.2757 723.0688 220.5062 1.4650 1.4967 3.5751 3.2358 1.7311 28.0268 -1.6221 0.6954
Car -1 -1 -0.1553 642.2941 175.3219 687.3193 207.5669 1.5826 3.7482 1.7698 2.7671 1.7184 37.6485 -0.0831 0.6405
Car -1 -1 -0.8523 801.4670 176.9368 869.2097 205.3847 1.5211 3.2548 1.8515 12.7235 1.7639 40.9845 -0.5538 0.4168
Car -1 -1 -2.8464 613.4617 175.4511 642.9974 192.1267 1.5077 2.6572 2.0735 1.7012 1.7561 67.3170 -2.8216 0.4160
Car -1 -1 -0.0486 219.0800 174.3764 248.2411 197.6532 1.5760 3.7118 1.6568 -26.7247 1.6885 51.1344 -0.5283 0.3900
Car -1 -1 2.0840 239.5979 177.0305 285.8435 194.1857 1.5534 3.4541 1.7292 -32.1395 1.9460 66.7832 1.6368 0.2711
