Pedestrian -1 -1 3.2536 290.7383 181.8623 314.1588 230.5481 1.6495 0.8671 0.6569 -10.7538 1.9702 25.1415 2.8528 0.6620
Pedestrian -1 -1 0.7283 886.9243 164.9165 903.1137 184.1166 1.8067 1.3908 0.6767 27.0447 1.0601 68.5074 1.1026 0.1156
Cyclist -1 -1 0.2100 19.8592 184.4259 69.7563 253.0024 1.7517 1.9420 0.6785 -15.5206 2.0860 19.7953 -0.4486 0.2048
Cyclist -1 -1 3.4291 286.8763 181.8068 317.1726 230.9362 1.6343 1.6299 0.5282 -10.7609 1.9571 25.1454 3.0281 0.1780
Cyclist -1 -1 -1.0655 888.4796 164.5440 915.8843 188.8291 1.8152 1.8848 0.5780 22.1719 1.1944 54.8410 -0.6834 0.1697
Cyclist -1 -1 2.2803 1203.9850 157.9046 1242.0000 204.2892 1.7608 1.8222 0.5135 24.3831 1.1937 28.3273 2.9856 0.1474
Cyclist -1 -1 2.4405 883.4791 168.2112 902.9809 187.1960 1.7806 1.9469 0.6141 26.9365 1.3455 68.6929 2.8124 0.1441
Cyclist -1 -1 3.0485 477.0953 172.1226 486.8593 197.2467 1.8091 1.9678 0.5240 -9.4328 1.7568 52.9719 2.8728 0.1409
Cyclist -1 -1 -3.0657 705.2875 181.1935 718.2346 212.8160 1.7662 1.8850 0.6066 5.8692 2.2611 41.8015 -2.9278 0.1220
Cyclist -1 -1 0.1842 0.0000 165.1578 35.9744 248.5902 1.7929 1.7369 0.4854 -13.5791 1.6279 16.3811 -0.5000 0.1189
Car -1 -1 -1.6081 596.1704 177.3238 661.0561 239.2832 1.5400 1.6377 3.8373 0.3866 1.6772 20.1442 -1.5901 0.6921
Car -1 -1 -0.1238 716.4060 172.9846 764.2384 209.3989 1.5698 4.0948 1.6506 5.8888 1.5765 33.2029 0.0497 0.1847
Car -1 -1 2.6095 831.5064 174.8053 874.3900 193.7134 1.5487 3.9997 1.6650 20.6889 1.7216 61.6648 2.9314 0.1808
Car -1 -1 2.6942 691.7353 180.5770 740.4863 205.0477 1.5097 3.8827 1.6802 6.9667 2.0458 47.9451 2.8371 0.1475
Car -1 -1 3.2071 501.7880 185.6346 531.2011 209.7617 1.4733 3.4861 1.7072 -6.1824 2.3512 47.7493 3.0785 0.1337
Car -1 -1 -0.0779 698.4354 178.3480 725.5051 199.9113 1.5123 3.7069 1.6922 7.4940 1.9343 53.4695 0.0601 0.1269
Car -1 -1 -0.6438 883.9612 161.9454 941.0076 186.4466 1.7358 4.1275 1.7518 22.2610 0.9633 53.3312 -0.2505 0.1181
Car -1 -1 0.0466 704.8455 177.7859 735.6352 204.5025 1.4995 3.6289 1.6603 6.5944 1.8081 43.1518 0.1967 0.1121
Car -1 -1 -3.3380 767.4036 162.6864 836.0530 211.7487 1.6980 4.1094 1.6876 7.0500 1.3465 27.0675 -3.0863 0.1119
