Pedestrian -1 -1 1.5035 438.5248 158.2986 526.4921 314.0117 1.7665 0.9949 0.6645 -1.5281 1.5163 8.4561 1.3330 0.7097
Pedestrian -1 -1 1.4415 56.1967 189.7932 99.3061 250.6892 1.6914 0.9134 0.7481 -15.2474 1.9689 20.3983 0.8085 0.4683
Pedestrian -1 -1 2.6919 834.0898 171.6403 875.2307 240.4817 1.6914 0.8249 0.6835 6.2447 1.4753 17.8165 3.0251 0.3649
Pedestrian -1 -1 -1.7175 1120.5488 188.7372 1224.0000 370.0000 1.6762 0.7031 0.7066 4.3429 1.7460 5.3580 -1.0634 0.3548
Pedestrian -1 -1 2.8468 517.0422 163.7985 567.2108 262.2115 1.7359 0.8865 0.6911 -1.2106 1.4430 13.0072 2.7580 0.2680
Pedestrian -1 -1 0.9384 964.4164 188.6878 1135.2797 370.0000 1.6485 0.8253 0.7130 3.2626 1.7165 5.3254 1.4636 0.2495
Pedestrian -1 -1 2.9412 11.3070 175.6081 71.7154 263.8075 1.7156 0.8539 0.8116 -11.4683 1.6221 14.3342 2.2789 0.2471
Pedestrian -1 -1 2.4081 640.7488 162.6169 698.8140 261.0187 1.7376 0.8462 0.6699 1.1442 1.4235 13.0197 2.4954 0.2267
Pedestrian -1 -1 -0.8540 990.2788 164.4046 1067.5856 273.2395 1.7738 0.9005 0.6856 7.1688 1.5131 12.0549 -0.3274 0.2098
Pedestrian -1 -1 -0.1212 88.8202 160.2028 135.4183 254.5751 1.7872 0.8111 0.6664 -9.7450 1.4045 13.9096 -0.7198 0.1737
Pedestrian -1 -1 1.6772 1155.4865 137.7230 1223.7864 246.4276 1.8027 0.8527 0.6903 10.0989 1.0949 12.2656 2.3550 0.1633
Pedestrian -1 -1 -0.1629 259.5237 166.1255 307.2145 260.6411 1.7753 0.8530 0.7257 -6.3417 1.5069 13.8311 -0.5824 0.1623
Pedestrian -1 -1 1.7997 290.5630 189.2405 326.5508 260.4629 1.8256 0.7164 0.7764 -7.8537 2.0635 18.6673 1.4089 0.1607
Cyclist -1 -1 -0.4246 645.2675 161.7437 716.1634 262.1778 1.7483 1.8674 0.5968 1.3402 1.4234 13.2829 -0.3246 0.2523
Cyclist -1 -1 0.4508 0.0000 175.9074 69.8131 267.8263 1.7306 1.8559 0.6385 -11.6998 1.6458 14.2824 -0.2229 0.2261
Cyclist -1 -1 1.4972 683.7492 161.6821 760.1993 232.2773 1.7602 1.8784 0.6333 2.9237 1.2926 18.0206 1.6571 0.2256
Cyclist -1 -1 -3.5051 857.9413 173.5356 937.2266 296.1469 1.6509 1.7595 0.4553 4.2082 1.5588 10.3975 -3.1294 0.2225
Cyclist -1 -1 -1.5485 555.5195 147.1566 631.0718 220.2845 1.8079 1.8687 0.6336 -0.3255 0.9852 17.7979 -1.5645 0.1940
Cyclist -1 -1 -0.0760 521.2152 161.3349 561.3003 265.1144 1.7767 1.8121 0.5968 -1.2437 1.4502 13.0428 -0.1670 0.1869
Cyclist -1 -1 -1.1363 278.7976 196.8940 355.7118 266.8483 1.7926 1.7498 0.7110 -7.6336 2.2374 18.7047 -1.5167 0.1732
Cyclist -1 -1 -0.0097 261.7521 162.7397 299.6098 259.8668 1.7644 1.8210 0.6319 -6.3735 1.4434 13.7986 -0.4319 0.1723
Cyclist -1 -1 -0.5033 874.9485 157.5515 965.7254 270.7007 1.7769 1.8145 0.5876 5.2666 1.4182 12.0302 -0.0986 0.1722
Cyclist -1 -1 -0.7703 1128.0000 142.0261 1224.0000 250.6683 1.7495 1.7714 0.5956 10.0636 1.1316 12.2908 -0.0951 0.1526
Cyclist -1 -1 1.8773 306.1790 175.9872 445.9015 286.0142 1.6686 1.9523 0.7457 -3.6031 1.6018 11.0926 1.5732 0.1491
Car -1 -1 0.0781 45.1642 187.6610 112.1494 233.4492 1.5223 3.6556 1.6780 -19.3818 1.8087 26.1225 -0.5528 0.2532
Car -1 -1 -2.3349 1147.3267 184.8982 1224.0000 370.0000 1.5458 1.6715 3.8946 6.5438 1.5952 5.6749 -1.5044 0.2159
