Pedestrian -1 -1 1.8190 0.0000 184.4430 22.3894 237.6168 1.7042 0.7777 0.6298 -19.7169 1.8375 23.1752 1.1224 0.3506
Pedestrian -1 -1 2.3609 89.0863 182.6528 110.4237 210.7863 1.7533 0.8676 0.6816 -31.8246 1.8915 44.5329 1.7453 0.2885
Pedestrian -1 -1 0.9242 4.3643 191.1062 38.9884 234.4140 1.7533 0.8413 0.7283 -24.2388 2.2027 29.3575 0.2408 0.2857
Pedestrian -1 -1 2.5502 414.4470 175.8039 432.9955 204.9996 1.7275 0.8786 0.7089 -10.8750 1.4510 42.3889 2.3026 0.2685
Pedestrian -1 -1 3.0478 504.1820 173.4224 518.6705 203.7527 1.8004 0.6962 0.8005 -5.6191 1.3816 42.3934 2.9187 0.2445
Pedestrian -1 -1 2.6532 824.3042 163.7219 882.1478 261.7447 1.6801 0.8069 0.6645 4.3547 1.3941 12.5650 2.9808 0.1946
Cyclist -1 -1 -1.7097 593.8583 165.8619 618.2166 189.3603 1.8300 1.8450 0.6115 0.0900 0.6913 55.4873 -1.7064 0.5802
Cyclist -1 -1 0.0498 417.7476 177.1087 430.0630 206.5630 1.7278 1.8727 0.6201 -10.8705 1.5302 42.4495 -0.1975 0.4603
Cyclist -1 -1 0.2900 87.6890 184.1776 109.2891 212.4256 1.7312 1.9021 0.5813 -31.9262 1.9696 44.5791 -0.3265 0.3266
Cyclist -1 -1 0.5134 5.4566 191.3942 44.3331 234.9710 1.7362 1.7420 0.4502 -24.2131 2.2063 29.5097 -0.1670 0.3207
Cyclist -1 -1 0.2063 0.0000 185.2270 21.3500 238.5182 1.6770 1.7031 0.4633 -19.7466 1.8398 23.2579 -0.4893 0.2321
Cyclist -1 -1 2.4328 727.6397 165.1877 749.2186 188.0014 1.7782 1.8283 0.6460 10.5829 0.5859 56.0599 2.6200 0.2085
Car -1 -1 3.0165 537.0675 172.2219 567.1060 194.9839 1.5601 3.6499 1.6950 -3.8024 0.9940 50.4118 2.9434 0.4042
Car -1 -1 1.2944 767.6848 166.0853 825.0754 190.1597 1.5948 3.3811 1.7801 12.8908 0.6412 47.7441 1.5582 0.3183
Car -1 -1 -1.1548 254.8878 170.0761 303.9266 187.1711 1.5791 3.7458 1.8546 -30.4539 0.6174 66.2549 -1.5821 0.2525
Car -1 -1 -1.9597 837.1292 153.5876 917.3749 185.8971 1.6073 3.4160 1.7349 13.8329 0.2699 36.0767 -1.5947 0.2498
Car -1 -1 1.5563 505.5748 173.1570 545.8760 190.5764 1.5069 3.4777 1.6401 -6.9578 0.8729 62.1899 1.4472 0.2473
Car -1 -1 2.5742 577.5634 168.5816 619.0364 188.9321 1.5891 3.6219 1.6696 -0.5593 0.6597 57.1791 2.5662 0.2341
Car -1 -1 0.3485 133.6348 178.2651 177.7676 199.2575 1.5403 3.7311 1.6527 -34.1652 1.3776 53.8730 -0.2124 0.2332
Car -1 -1 -0.7351 17.6429 170.4270 100.1302 198.4589 1.5556 3.7236 1.6768 -31.1860 0.9980 40.3975 -1.3869 0.2215
Car -1 -1 3.2360 399.7809 175.7500 423.5421 193.4547 1.5328 3.7049 1.6982 -17.2217 1.1227 63.1756 2.9728 0.2195
