Pedestrian -1 -1 0.7796 1037.2671 151.7417 1149.0557 309.6486 1.8074 0.9020 0.6705 5.8101 1.4799 8.5088 1.3631 0.7889
Pedestrian -1 -1 1.4048 54.9482 190.2790 100.4349 251.5896 1.7005 0.9455 0.7541 -15.2487 1.9926 20.3992 0.7719 0.4442
Pedestrian -1 -1 2.6695 833.8044 171.5280 875.1421 240.1866 1.6864 0.8262 0.6775 6.2407 1.4676 17.8178 3.0025 0.3649
Pedestrian -1 -1 -1.6226 1126.6418 189.1652 1224.0000 370.0000 1.6655 0.6989 0.7022 4.3497 1.7389 5.3549 -0.9675 0.3380
Pedestrian -1 -1 2.6268 641.0775 161.2407 697.2747 260.6283 1.7546 0.8404 0.7053 1.1281 1.4163 13.0063 2.7130 0.3015
Pedestrian -1 -1 2.8351 516.2065 165.2259 567.1544 263.2434 1.7260 0.8828 0.6979 -1.2169 1.4587 12.9875 2.7457 0.2690
Pedestrian -1 -1 -0.2127 253.0166 166.5690 306.9303 260.4063 1.7362 0.8846 0.7830 -6.3315 1.4801 13.6651 -0.6360 0.2676
Pedestrian -1 -1 2.9981 12.7791 173.5829 71.2598 262.4477 1.7280 0.8601 0.8213 -11.4625 1.5952 14.3381 2.3362 0.2560
Pedestrian -1 -1 1.4290 995.4179 164.3047 1063.8737 270.9677 1.7466 0.9074 0.6662 7.1734 1.4831 12.0522 1.9560 0.2058
Pedestrian -1 -1 1.1398 971.4474 189.1142 1130.5457 370.0000 1.6614 0.7714 0.7261 3.2723 1.7330 5.3385 1.6653 0.1957
Pedestrian -1 -1 3.0689 94.6075 158.5821 139.4986 252.9112 1.8099 0.8214 0.6865 -9.7770 1.3910 14.0960 2.4749 0.1689
Pedestrian -1 -1 0.9226 813.0101 170.0537 871.1579 258.4051 1.6929 0.9097 0.6051 4.6406 1.4944 13.9776 1.2381 0.1500
Pedestrian -1 -1 2.1475 1159.8785 143.3602 1224.0000 251.2642 1.7732 0.8237 0.6483 10.1236 1.1645 12.1046 2.8329 0.1495
Cyclist -1 -1 -0.7664 0.0000 171.1593 97.8617 261.2641 1.7706 1.8520 0.6411 -11.4246 1.5887 14.3390 -1.4267 0.2530
Cyclist -1 -1 -0.4486 856.0518 179.2365 948.7315 304.2653 1.6490 1.7270 0.5087 4.1893 1.6340 10.1989 -0.0682 0.2523
Cyclist -1 -1 1.4706 683.3306 161.5421 760.8988 232.0199 1.7605 1.8955 0.6313 2.9297 1.2886 18.0290 1.6307 0.2194
Cyclist -1 -1 1.7661 629.2029 160.9866 737.8592 257.7409 1.7034 1.8956 0.7110 1.4125 1.3615 13.0644 1.8731 0.2171
Cyclist -1 -1 -1.5616 556.8630 149.5570 632.1227 222.4213 1.8018 1.8614 0.6221 -0.2990 1.0382 17.7948 -1.5761 0.1995
Cyclist -1 -1 -0.0611 521.0872 163.3391 560.2524 267.0167 1.7696 1.8277 0.6035 -1.2517 1.4784 13.0125 -0.1529 0.1934
Cyclist -1 -1 1.9174 308.1304 176.1358 447.7257 285.9478 1.6595 1.9530 0.7340 -3.5773 1.5952 11.0900 1.6153 0.1887
Cyclist -1 -1 0.0162 259.3929 162.6693 298.7000 259.2209 1.7522 1.7919 0.6523 -6.3701 1.4302 13.7780 -0.4063 0.1670
Cyclist -1 -1 1.5366 590.3309 174.1788 679.4111 260.8295 1.7704 1.8203 0.6844 0.5703 1.6429 14.7880 1.5759 0.1507
Car -1 -1 0.0591 47.0191 188.3199 111.4961 233.9792 1.5173 3.6544 1.6745 -19.3924 1.8302 26.1614 -0.5714 0.2314
Car -1 -1 -0.9339 1146.3506 186.8879 1224.0000 370.0000 1.5041 1.5758 3.8814 7.4072 1.5738 6.5317 -0.1082 0.2179
Car -1 -1 0.1279 534.5507 161.1731 615.6469 227.5042 1.6450 4.2570 1.7111 -0.7523 1.1673 19.7281 0.0923 0.1924
Car -1 -1 0.3459 344.0005 170.9334 466.8883 244.4527 1.5465 3.7120 1.6118 -4.6224 1.3468 16.7845 0.0838 0.1920
