Pedestrian -1 -1 1.0001 1117.0675 208.5732 1162.1021 266.9505 1.7253 0.8448 0.7488 16.2395 2.8445 22.2029 1.6242 0.3076
Pedestrian -1 -1 1.7271 401.2795 178.7620 418.3675 211.2453 1.7113 0.7806 0.6984 -10.7258 2.0305 38.5442 1.4571 0.2930
Pedestrian -1 -1 -1.6297 424.1006 179.6664 440.9191 216.4444 1.7056 0.7322 0.6735 -8.4176 2.0315 34.0477 -1.8707 0.2703
Pedestrian -1 -1 2.3237 452.8069 179.5355 465.8683 204.1362 1.7170 0.5735 0.7114 -10.6886 2.1943 51.0553 2.1179 0.2376
Pedestrian -1 -1 -1.8163 639.3409 183.4118 655.5279 212.3993 1.6858 0.7882 0.7900 2.1814 2.3187 42.7613 -1.7664 0.2353
Pedestrian -1 -1 -1.9485 369.8926 173.7687 384.8739 193.9241 1.7939 1.1237 0.6451 -20.9357 1.8773 64.8770 -2.2597 0.2224
Pedestrian -1 -1 0.3440 1100.0029 192.7413 1133.8977 242.0671 1.7825 0.8600 0.8030 19.0064 2.5461 27.1130 0.9495 0.2192
Pedestrian -1 -1 1.9717 158.5531 165.8873 186.8257 203.6212 1.8336 1.0323 0.6072 -21.5079 1.4955 35.4331 1.4293 0.2166
Cyclist -1 -1 3.4352 158.7973 166.8784 186.4040 204.7740 1.8126 1.9436 0.6232 -21.5577 1.5271 35.5283 2.8930 0.2918
Cyclist -1 -1 -0.0549 372.6826 175.4375 380.8958 194.8754 1.7180 1.7575 0.6081 -21.0170 1.9543 64.9475 -0.3669 0.2636
Cyclist -1 -1 -0.5359 953.2115 181.2271 990.9619 224.5403 1.7882 1.7505 0.6388 15.5097 2.1590 31.0296 -0.0768 0.2186
Cyclist -1 -1 -0.1581 486.3131 178.0997 496.4998 197.4454 1.7054 1.7526 0.6370 -10.7157 2.1854 65.0392 -0.3211 0.2166
Cyclist -1 -1 -1.7045 594.5784 169.0721 618.1043 191.7279 1.7843 1.8066 0.5631 -0.3176 1.4868 57.2293 -1.7104 0.2125
Cyclist -1 -1 -0.8046 1050.5707 184.1760 1108.0223 237.3062 1.7459 1.7433 0.5862 16.1951 2.1531 25.0133 -0.2361 0.2074
Cyclist -1 -1 -0.4363 394.4515 178.2145 418.3941 211.2682 1.7141 1.7575 0.5382 -10.9163 2.0070 38.5302 -0.7110 0.2065
Car -1 -1 3.4286 271.7470 182.8670 328.0586 214.0845 1.4927 3.7573 1.7035 -16.1733 2.0438 37.7222 3.0258 0.5684
Car -1 -1 -1.6866 581.1187 179.1783 621.3924 210.0410 1.5069 1.7230 3.3151 -0.5365 1.8531 37.7016 -1.7013 0.5331
Car -1 -1 -2.1120 521.5577 180.3522 574.9912 205.8512 1.5275 2.3318 2.7137 -3.9869 2.0250 46.0520 -2.1983 0.4722
Car -1 -1 -0.4943 679.1599 187.9314 731.8855 213.0856 1.5364 3.9894 1.8625 6.3879 2.6045 48.8971 -0.3658 0.3993
Car -1 -1 -0.6973 1065.8074 182.2504 1210.6663 234.5267 1.5248 3.9578 1.6830 17.2004 1.8619 23.8153 -0.0782 0.2142
Car -1 -1 -0.2981 749.8196 180.9422 782.3391 200.1844 1.5518 3.8362 1.6606 13.3131 2.2676 61.8359 -0.0875 0.2075
