Pedestrian -1 -1 3.3145 62.7689 161.5072 141.3438 304.0458 1.8052 0.8581 0.7176 -6.8374 1.6619 9.6750 2.7119 0.2566
Car -1 -1 -1.7665 495.9796 179.1241 552.0483 216.9446 1.5608 1.8072 3.7327 -3.9726 1.8616 32.5110 -1.8877 0.6826
Car -1 -1 0.2983 126.3391 173.0228 316.5358 255.8727 1.9110 1.6123 3.8214 -9.4794 1.9157 17.7892 -0.1855 0.6342
Car -1 -1 3.6183 61.9248 182.6808 271.6059 266.7654 1.5508 1.9016 3.0831 -8.8651 1.7642 14.5926 3.0802 0.4466
Car -1 -1 -0.2743 436.2556 177.8722 464.6445 195.0990 1.5611 3.2655 1.8071 -15.1497 2.0498 68.3375 -0.4920 0.4376
Car -1 -1 2.8722 263.9174 176.2377 335.9780 220.8318 1.5829 3.5583 1.6656 -12.0372 1.7227 27.8088 2.4669 0.4369
Car -1 -1 3.3060 0.0000 174.1921 151.2438 310.3249 1.5087 3.2566 1.7404 -7.5371 1.5308 9.8761 2.6669 0.3740
Car -1 -1 1.7511 245.1666 175.8209 341.6247 215.2682 1.6474 3.6147 1.6985 -13.8050 1.7826 31.5548 1.3414 0.3201
Car -1 -1 -1.4634 318.0239 170.1294 380.9447 198.6068 1.9247 3.9349 1.8456 -18.0678 1.7409 50.1218 -1.8079 0.2951
Car -1 -1 -0.2929 468.8091 182.9341 504.9553 204.4308 1.5223 3.6878 1.7230 -9.4495 2.3200 55.0369 -0.4626 0.2598
