Pedestrian -1 -1 -0.1231 391.3452 151.2614 417.1303 212.1051 1.9043 0.9221 0.6874 -6.6503 1.2289 23.1392 -0.4003 0.3025
Pedestrian -1 -1 -1.5114 445.1208 182.8557 459.9607 214.6431 1.6566 0.7299 0.6777 -8.3778 2.1925 38.2386 -1.7261 0.2889
Pedestrian -1 -1 0.9747 986.0407 190.8496 1014.8877 230.8210 1.7410 0.8742 0.7265 17.3795 2.5546 32.1987 1.4651 0.2560
Pedestrian -1 -1 1.3369 988.1208 178.2455 1017.3060 220.9600 1.7101 0.9234 0.6204 15.9571 1.9334 29.4079 1.8292 0.2319
Pedestrian -1 -1 2.3642 605.8079 176.2383 619.5485 199.2461 1.7978 0.8233 0.7148 0.1865 2.0685 57.0814 2.3670 0.2089
Pedestrian -1 -1 -1.7630 206.7046 173.8592 230.7478 207.7041 1.8328 1.0722 0.5783 -21.5464 1.8892 39.6683 -2.2580 0.1939
Cyclist -1 -1 -1.6017 598.0578 172.3497 621.4302 195.3722 1.8112 1.8306 0.6181 -0.0498 1.7718 57.0981 -1.6030 0.2859
Cyclist -1 -1 -0.6934 976.2666 189.9079 1016.5602 232.2657 1.7982 1.6293 0.6998 17.1841 2.5801 32.1973 -0.2077 0.2367
Cyclist -1 -1 -0.1288 422.9034 183.9666 434.8934 212.0225 1.5991 1.7153 0.4714 -10.7596 2.2709 42.7073 -0.3746 0.2261
Cyclist -1 -1 -1.2619 626.2071 182.3717 655.0328 210.2562 1.7857 1.7785 0.6259 1.9724 2.4167 47.2106 -1.2211 0.2240
Cyclist -1 -1 -0.6325 988.9062 186.2815 1030.9297 231.7133 1.7575 1.6995 0.5965 16.1834 2.3199 29.3134 -0.1330 0.1941
Cyclist -1 -1 0.1673 209.8974 175.5989 228.5793 209.0809 1.7994 1.8389 0.6082 -21.6340 1.9553 39.9018 -0.3269 0.1911
Car -1 -1 0.4902 522.7090 182.8129 572.6520 208.3477 1.5257 2.6999 2.1623 -3.9832 2.1851 46.0753 0.4039 0.4774
Car -1 -1 -1.5761 584.2394 184.7278 617.6329 217.0883 1.5251 1.6400 3.8291 -0.5209 2.1719 37.3487 -1.5906 0.4673
Car -1 -1 2.9876 594.7896 176.5394 621.4848 196.5473 1.5537 3.7356 1.6121 -0.2074 1.8641 58.7261 2.9837 0.4632
Car -1 -1 3.1915 341.6692 184.0770 372.3456 209.8011 1.5363 3.8244 1.6921 -16.4576 2.2996 46.9714 2.8559 0.2723
Car -1 -1 -3.6743 1000.2971 190.5037 1102.8440 232.6904 1.4455 3.8528 1.6765 17.1217 2.1847 28.2685 -3.1350 0.2659
Car -1 -1 3.3727 163.0277 193.8713 213.6730 221.8176 1.5087 3.6345 1.8760 -25.6681 2.8489 43.9855 2.8468 0.1868
Car -1 -1 2.8488 737.0694 180.6953 768.2285 199.4665 1.6241 4.0168 1.7103 13.0372 2.3670 66.2480 3.0418 0.1801
