Pedestrian -1 -1 -0.9707 532.2074 169.0149 553.1345 202.7794 1.8062 0.9127 0.6679 -3.3892 1.1932 38.3321 -1.0565 0.4800
Pedestrian -1 -1 -3.6087 1046.0481 128.8975 1095.2161 211.3458 1.8429 0.8057 0.6444 10.6399 0.6911 16.2341 -3.0357 0.3857
Pedestrian -1 -1 3.0360 430.4393 171.4549 456.3854 223.1018 1.7430 0.8853 0.7860 -5.6123 1.4393 24.4029 2.8145 0.3802
Pedestrian -1 -1 2.5176 527.5670 172.7990 537.5039 191.6643 1.7926 0.5914 0.7399 -6.9058 1.0620 67.6449 2.4180 0.2796
Pedestrian -1 -1 -0.9935 482.9615 173.3900 501.1848 202.6455 1.7857 0.8776 0.6884 -6.9737 1.3531 43.6454 -1.1492 0.2588
Pedestrian -1 -1 -0.4591 894.6265 146.6930 922.6446 200.2969 1.8540 0.7564 0.6328 10.6366 0.6863 24.8457 -0.0574 0.2512
Cyclist -1 -1 -1.5619 624.2619 165.9461 657.2446 197.8929 1.8156 1.8747 0.6076 2.0437 0.9898 40.5377 -1.5102 0.5744
Cyclist -1 -1 -1.4808 686.1478 162.4512 723.2717 197.1948 1.8028 1.8848 0.6439 5.2389 0.8677 37.2121 -1.3403 0.5518
Cyclist -1 -1 0.1080 360.9445 179.2970 379.5208 218.4315 1.6756 1.7799 0.5845 -10.3686 1.6255 31.1990 -0.2082 0.4742
Cyclist -1 -1 0.0971 535.5508 170.1906 548.3153 202.4088 1.7164 1.6386 0.5342 -3.4363 1.1686 38.4848 0.0105 0.4631
Cyclist -1 -1 -2.0416 553.8826 166.8920 582.8505 194.8736 1.8256 1.8465 0.5975 -2.4228 0.9391 46.8429 -2.0912 0.4140
Cyclist -1 -1 2.9214 483.1536 175.5991 499.6022 204.1182 1.7202 1.8438 0.6163 -7.0218 1.4260 43.6131 2.7645 0.3356
Cyclist -1 -1 -0.5214 1030.3285 132.4936 1099.4629 216.1287 1.8431 1.7957 0.5095 10.6421 0.7868 16.4846 0.0450 0.3275
Cyclist -1 -1 -0.0780 375.7371 179.4970 384.8011 200.3378 1.6569 1.8461 0.5605 -18.1632 1.5784 57.1685 -0.3824 0.3174
Cyclist -1 -1 -0.8624 782.8649 159.2454 816.9871 193.7308 1.8264 1.8588 0.5712 10.5546 0.7021 38.3711 -0.5943 0.2748
Cyclist -1 -1 -0.0420 431.2921 173.4473 453.5189 224.8394 1.7123 1.8269 0.6785 -5.6815 1.4788 24.5227 -0.2651 0.2612
Cyclist -1 -1 0.4329 337.7212 183.3624 358.3722 212.3826 1.6875 1.7170 0.4778 -15.3164 1.8631 42.1585 0.0883 0.2500
Cyclist -1 -1 0.2438 3.1479 188.3267 37.0688 241.9842 1.7516 1.9257 0.4357 -20.1286 2.0330 24.3207 -0.4397 0.2406
Cyclist -1 -1 2.5913 885.3205 145.0964 926.3761 198.7744 1.8322 1.7612 0.4804 10.6025 0.6253 25.0353 2.9892 0.2354
Car -1 -1 3.2186 503.0334 176.4254 544.2639 210.5954 1.4841 3.5193 1.6084 -3.7050 1.3086 32.4900 3.1078 0.7179
Car -1 -1 0.8346 1044.3225 127.9098 1224.0000 201.7203 1.8029 3.8391 1.7884 13.7988 0.5199 18.3427 1.4731 0.4211
Car -1 -1 1.7366 785.5319 169.4299 883.9589 204.5107 1.5290 4.0754 1.7508 10.5410 1.0479 32.5257 2.0489 0.3544
Car -1 -1 -3.0068 692.4915 167.2404 731.4869 197.3752 1.5629 3.8489 1.6092 5.8972 0.8766 38.7389 -2.8552 0.2608
Car -1 -1 1.5193 853.2108 165.6601 912.6891 189.7643 1.5657 3.6140 1.7564 18.5488 0.6031 47.3271 1.8922 0.2467
