Pedestrian -1 -1 2.9045 479.6559 169.7443 511.5203 236.5620 1.7629 0.8722 0.6642 -2.9082 1.4539 19.4790 2.7529 0.8445
Pedestrian -1 -1 2.6138 554.8480 173.9244 575.4500 209.4429 1.7613 0.8418 0.7057 -1.8363 1.3865 36.1644 2.5583 0.5396
Pedestrian -1 -1 -0.3827 648.8668 171.6442 685.9652 234.3456 1.7156 0.8531 0.7697 1.8152 1.4471 20.1735 -0.2994 0.4633
Pedestrian -1 -1 2.4133 838.6079 179.1454 916.8208 296.4011 1.6674 0.8501 0.6993 4.0720 1.6353 10.7369 2.7621 0.4273
Pedestrian -1 -1 -0.0106 342.2975 167.9505 358.7337 207.4892 1.8884 0.8074 0.7404 -12.1730 1.2422 34.8120 -0.3497 0.3908
Pedestrian -1 -1 2.8928 362.3714 161.9821 408.7338 258.0673 1.8046 0.9038 0.6632 -4.2685 1.4393 14.0467 2.5974 0.3799
Pedestrian -1 -1 2.1759 772.9437 157.9496 799.9426 205.8571 1.8021 0.7930 0.6149 7.0668 0.9172 27.5191 2.4200 0.3643
Pedestrian -1 -1 2.4004 785.2514 153.6825 813.2419 207.8175 1.8687 0.7256 0.6203 6.9298 0.9095 25.2585 2.6605 0.3590
Pedestrian -1 -1 2.2725 731.7927 166.3020 752.7168 206.0836 1.7916 0.7128 0.6096 6.4205 1.1081 32.8163 2.4592 0.3521
Pedestrian -1 -1 2.4264 811.6215 143.9052 845.8666 206.6152 1.8203 0.8129 0.5746 6.7179 0.7302 21.3369 2.7230 0.3518
Pedestrian -1 -1 2.5939 776.2597 164.3730 914.9243 363.2544 1.6868 0.8996 0.8603 2.1729 1.5429 6.6316 2.8929 0.3314
Pedestrian -1 -1 1.9252 762.0548 157.6909 786.5790 204.2165 1.8834 0.8063 0.6574 7.1020 0.9206 29.5723 2.1539 0.3293
Pedestrian -1 -1 -0.6822 703.3577 173.9897 722.8169 207.7123 1.7374 0.7368 0.6932 5.8220 1.3513 37.4996 -0.5344 0.3039
Pedestrian -1 -1 2.1634 697.5983 177.9644 716.1669 209.4864 1.6828 0.7211 0.7105 5.7006 1.4949 38.8509 2.3030 0.3000
Pedestrian -1 -1 3.2021 379.1651 170.6068 414.8203 255.0613 1.7016 0.8183 0.6685 -4.2798 1.4834 14.9426 2.9223 0.2826
Pedestrian -1 -1 2.5828 536.4275 174.8983 550.0938 201.2193 1.6950 0.6855 0.6146 -3.7761 1.2706 46.7159 2.4975 0.2820
Pedestrian -1 -1 2.8535 103.5557 127.5624 152.0456 232.4068 1.8642 0.7177 0.5653 -8.7578 0.9064 13.2175 2.2724 0.2815
Pedestrian -1 -1 2.2113 792.4316 143.5699 825.8815 204.5442 1.9462 0.7919 0.6939 6.7540 0.7366 23.4504 2.4838 0.2814
Pedestrian -1 -1 2.6191 494.8600 165.0558 511.9730 199.4437 1.8587 0.7649 0.6285 -5.3692 0.9707 39.3180 2.4793 0.2808
Pedestrian -1 -1 -0.4546 706.0704 164.3542 775.8484 276.4798 1.7388 0.9364 0.7746 2.2123 1.4742 11.6934 -0.2773 0.2717
Pedestrian -1 -1 2.9837 438.9061 171.5874 455.6959 213.9542 1.7315 0.7046 0.5741 -6.4114 1.3274 29.7887 2.7684 0.2689
Cyclist -1 -1 -0.1326 639.9451 174.7139 656.0988 208.5081 1.7710 1.8000 0.6203 2.4877 1.4162 38.5632 -0.0737 0.5710
Cyclist -1 -1 -0.3513 752.0526 184.6210 869.4539 361.9356 1.7144 1.7770 0.6216 2.1815 1.7540 7.8891 -0.0961 0.3540
Cyclist -1 -1 -0.5102 571.4497 176.4909 598.2675 207.3924 1.7689 2.0140 0.6651 -0.9841 1.4830 42.1529 -0.5385 0.3435
Cyclist -1 -1 -0.5916 822.2939 173.2950 926.1360 290.5025 1.6020 1.7017 0.5706 3.9697 1.4912 10.7109 -0.2501 0.3364
Cyclist -1 -1 1.2896 647.5385 169.1048 716.5338 232.2425 1.7516 1.8285 0.6907 2.2538 1.4089 20.4279 1.3928 0.3334
Cyclist -1 -1 -0.4482 695.8057 158.6422 781.8509 275.0941 1.7611 1.8520 0.6267 2.1737 1.4167 11.8369 -0.2760 0.3267
Cyclist -1 -1 3.2711 102.4505 179.5947 116.7058 205.1554 1.7146 1.7977 0.5831 -33.6112 1.5875 49.1158 2.6685 0.3147
Cyclist -1 -1 2.2259 1128.3878 144.4535 1238.0000 281.2372 1.7282 1.8271 0.6007 8.4224 1.2615 10.0317 2.9062 0.2886
Cyclist -1 -1 3.5562 104.4450 179.3063 130.8004 209.0567 1.7194 1.8075 0.6216 -28.5783 1.5934 42.4574 2.9616 0.2810
Cyclist -1 -1 -0.5714 691.4644 178.7456 716.7747 209.4642 1.6235 1.6409 0.5445 5.5355 1.4788 38.8211 -0.4358 0.2773
Cyclist -1 -1 0.8488 1046.0067 152.9445 1238.0000 299.3544 1.7069 1.9472 0.7200 6.5846 1.3753 8.8280 1.4701 0.2752
Cyclist -1 -1 -0.5029 712.7726 166.0313 821.6213 306.6972 1.7503 1.8042 0.6420 2.1797 1.5591 9.8920 -0.2974 0.2729
Car -1 -1 0.0104 592.2978 176.0563 613.2701 194.9389 1.5562 3.5680 1.7287 0.1516 1.1081 60.9901 0.0079 0.3720
Car -1 -1 2.9127 355.5848 181.7995 386.4840 200.2851 1.5246 3.5467 1.7359 -19.6460 1.5514 61.2691 2.5986 0.3202
