Pedestrian -1 -1 0.6378 1136.6979 176.7772 1180.4478 234.3595 1.6354 0.8053 0.6666 15.9025 1.7522 20.9838 1.2790 0.2811
Pedestrian -1 -1 2.8133 818.8804 167.2730 855.1346 233.4588 1.7232 0.8297 0.6850 5.9860 1.5783 19.2088 3.1103 0.2597
Pedestrian -1 -1 3.0150 629.6195 152.0881 647.7764 200.1962 1.9205 0.6357 0.6563 1.1138 1.0919 29.1477 3.0524 0.2388
Pedestrian -1 -1 2.4509 992.1923 159.7898 1031.1466 220.1673 1.8198 0.8039 0.6923 12.3076 1.4264 22.2051 2.9510 0.2334
Cyclist -1 -1 1.4777 791.2961 166.5112 869.8535 230.4188 1.6676 1.9501 0.7791 5.8511 1.5024 19.3960 1.7658 0.2942
Cyclist -1 -1 -3.8322 1188.7119 169.9936 1242.0000 230.9551 1.7216 1.8887 0.5962 18.1067 1.6411 21.3198 -3.1354 0.2309
Car -1 -1 3.1794 401.2134 179.5286 459.3712 232.8167 1.5170 3.5891 1.6507 -5.6835 1.7475 22.9443 2.9387 0.6499
Car -1 -1 3.0367 484.1471 183.2888 552.0202 238.0365 1.4796 3.9407 1.6681 -2.9826 1.8347 22.4133 2.9052 0.6421
Car -1 -1 -2.3558 155.1034 184.8961 409.9011 283.7952 1.5457 1.6705 4.3474 -6.0456 1.7924 13.2058 -2.7781 0.4591
Car -1 -1 0.2201 26.0927 186.1170 146.2657 225.9509 1.5407 1.6082 3.8347 -21.9797 2.1270 30.3874 -0.4021 0.4484
Car -1 -1 -2.0913 0.0000 197.2168 138.5840 270.1284 1.4559 1.5277 3.5989 -12.9501 2.0692 16.7467 -2.7420 0.3679
Car -1 -1 -1.2514 433.2466 178.6310 523.9760 213.0684 1.5725 3.9176 1.7317 -6.2768 1.8578 34.4554 -1.4307 0.2544
