Pedestrian -1 -1 1.6800 261.4042 162.7842 358.9331 336.4724 1.8199 0.9290 0.6570 -3.3507 1.7148 8.0004 1.2942 0.6311
Cyclist -1 -1 0.8822 925.4371 174.0221 974.1067 214.8365 1.7539 1.9135 0.7174 14.8488 1.8064 31.6239 1.3171 0.3617
Car -1 -1 2.0470 24.0634 182.1006 218.4153 270.0706 1.6433 1.9661 3.8429 -10.5588 1.8734 15.9108 1.4685 0.6417
Car -1 -1 -1.6189 593.6866 177.2136 636.6938 217.4183 1.5338 1.5828 3.8193 0.1176 1.7265 29.8879 -1.6156 0.5892
Car -1 -1 -1.3699 816.2820 170.5597 967.6024 286.4097 1.5608 1.6047 3.6444 4.6302 1.5302 11.6855 -1.0021 0.5597
Car -1 -1 -0.5662 756.9915 176.4183 958.4243 262.6614 1.6275 1.5608 3.6871 5.0306 1.7075 14.9221 -0.2479 0.4835
Car -1 -1 -0.6588 685.2576 172.3640 821.0345 229.6925 1.5994 1.5637 3.8612 4.2742 1.5860 21.6949 -0.4676 0.4167
Car -1 -1 -1.2800 720.2897 175.2179 826.9806 244.0539 1.5574 1.6627 3.7893 4.2448 1.6252 18.5226 -1.0590 0.4044
Car -1 -1 -1.9033 884.0095 173.6875 940.8370 192.6242 1.5966 4.1550 1.7409 25.8913 1.6696 61.9164 -1.5093 0.3947
Car -1 -1 -0.5856 677.7850 178.4010 778.9394 217.8047 1.4744 1.6223 3.7305 4.7066 1.7089 28.9318 -0.4266 0.2882
Car -1 -1 -0.7067 0.0000 178.8456 106.8812 218.9110 1.5567 3.7141 1.6829 -22.9798 1.8128 29.5991 -1.3627 0.2854
Car -1 -1 1.8661 642.6352 176.1341 679.0490 197.6115 1.5348 1.7863 3.5005 3.8194 1.7901 54.1105 1.9358 0.2566
