Pedestrian -1 -1 2.7717 867.4340 153.7565 883.9257 189.5682 1.8972 0.7495 0.5952 14.1746 0.8858 38.6027 3.1210 0.3135
Pedestrian -1 -1 -1.9758 477.3731 173.1963 494.1376 197.6815 1.8231 1.1059 0.5750 -9.3727 1.8494 54.2773 -2.1463 0.2814
Pedestrian -1 -1 1.0102 665.2673 166.2609 681.0506 191.1870 1.8680 1.0625 0.5437 4.7490 1.3742 54.5538 1.0962 0.2133
Pedestrian -1 -1 -1.6437 735.5850 154.1048 763.6793 209.7375 1.8735 0.8993 0.5785 4.7163 1.2424 24.6338 -1.4572 0.1923
Cyclist -1 -1 -0.4042 871.5693 170.1708 896.2468 204.3447 1.7067 1.7444 0.5302 13.9624 1.5730 36.9144 -0.0457 0.4144
Cyclist -1 -1 -2.4398 1106.7094 157.4474 1144.8464 193.3925 1.8350 1.7910 0.5945 26.6573 1.0488 37.3431 -1.8237 0.2922
Cyclist -1 -1 -1.6959 1189.0175 163.1121 1242.0000 215.7009 1.6530 1.7045 0.7536 19.9167 1.3472 23.4557 -0.9984 0.2105
Cyclist -1 -1 3.3448 314.8290 183.1292 329.3672 210.1561 1.7533 1.9075 0.5335 -19.3892 2.4589 48.5395 2.9663 0.2099
Cyclist -1 -1 -1.2320 391.7117 183.8156 414.7485 206.3444 1.9573 1.8197 0.6994 -18.2088 2.9282 63.4810 -1.5106 0.2022
Cyclist -1 -1 -0.5037 856.0275 165.2930 884.4121 199.9284 1.8214 1.8815 0.6003 13.9831 1.4241 38.9177 -0.1616 0.2015
Cyclist -1 -1 -1.7586 644.7340 174.4055 672.9360 202.0620 1.8800 1.8381 0.6723 3.3193 1.9879 49.5415 -1.6926 0.1986
Cyclist -1 -1 -0.1803 478.5349 173.3598 491.3513 197.6520 1.7933 1.8570 0.6261 -9.4423 1.8324 54.2830 -0.3520 0.1944
Car -1 -1 -1.5869 569.4200 178.4500 626.8924 232.6887 1.5593 1.6876 3.9236 -0.4656 1.7546 23.1433 -1.6076 0.6298
Car -1 -1 3.3280 393.7924 181.3615 420.3742 199.8815 1.5784 3.7593 1.6439 -18.3273 2.3708 65.2224 3.0548 0.4969
Car -1 -1 0.9032 1031.4170 168.9821 1130.7128 203.1896 1.7360 4.1491 1.7617 24.5228 1.5398 37.6873 1.4761 0.3458
Car -1 -1 2.8046 825.6238 177.8948 897.6472 216.0907 1.4684 3.8573 1.6361 10.3896 1.6931 30.1820 3.1326 0.3016
Car -1 -1 -0.3474 403.8347 186.5867 440.9255 207.0121 1.5354 3.8246 1.7397 -15.4160 2.6997 59.0849 -0.6020 0.2763
Car -1 -1 2.6802 836.0160 172.4736 879.9809 193.8442 1.5401 3.6905 1.6243 18.4583 1.5130 53.9315 3.0080 0.2382
Car -1 -1 -1.1492 306.7374 172.0650 360.7666 190.3521 1.4709 3.7253 1.7833 -22.5951 1.4078 59.0283 -1.5135 0.2308
Car -1 -1 -0.2360 640.4791 177.2732 674.9624 199.8093 1.5243 3.5842 1.6531 3.3361 1.8515 51.4551 -0.1721 0.2046
