Pedestrian -1 -1 -1.1292 912.0458 138.5881 969.1941 233.0798 1.8156 0.8558 0.6190 6.5379 1.1576 14.3875 -0.7108 0.3694
Pedestrian -1 -1 1.3319 1008.8213 202.4267 1036.3265 247.4501 1.7445 0.7980 0.7701 16.5681 2.9558 29.0623 1.8446 0.2840
Pedestrian -1 -1 2.8965 458.6066 177.0931 469.3910 202.0880 1.7081 0.6434 0.5919 -10.1209 2.0038 49.8636 2.6969 0.2400
Pedestrian -1 -1 1.6385 472.0331 179.1064 482.4911 205.4153 1.7268 0.6388 0.6811 -8.8421 2.1456 47.9095 1.4566 0.2147
Pedestrian -1 -1 2.0376 623.7943 180.4833 635.7367 202.4183 1.7040 0.6855 0.7320 1.5342 2.3109 56.8717 2.0639 0.2143
Pedestrian -1 -1 -0.2760 445.0981 153.7722 462.8986 196.5197 1.9164 0.7601 0.6072 -7.1393 1.0613 32.8230 -0.4888 0.2119
Pedestrian -1 -1 -1.0675 1196.5117 158.7133 1242.0000 228.4712 1.8022 0.8369 0.6824 16.2086 1.4373 19.1525 -0.3731 0.1932
Pedestrian -1 -1 2.2987 479.0255 178.7692 488.8165 198.5753 1.7618 0.4862 0.7588 -11.3594 2.2979 64.8981 2.1257 0.1751
Pedestrian -1 -1 0.5706 920.8484 188.6994 942.6846 224.1148 1.7371 0.7478 0.7150 16.1698 2.5467 36.3443 0.9855 0.1697
Cyclist -1 -1 -0.6192 884.4030 176.6877 916.4227 210.0419 1.7477 1.8458 0.6493 15.6451 1.9605 39.0024 -0.2408 0.2911
Cyclist -1 -1 -0.1306 281.9934 172.6065 296.0910 199.4855 1.7998 1.9290 0.6357 -21.9666 1.7835 49.2987 -0.5480 0.2451
Cyclist -1 -1 -0.7044 1063.1245 175.6646 1117.9944 227.9853 1.7622 1.7805 0.5787 16.7874 1.8648 25.3178 -0.1248 0.1767
Cyclist -1 -1 3.0895 479.2547 179.2016 487.5828 198.2726 1.6730 1.8103 0.6431 -11.4082 2.2526 64.8841 2.9157 0.1720
Cyclist -1 -1 -0.3278 750.8870 179.1118 765.4029 199.8492 1.7720 1.9166 0.6604 12.9552 2.3295 63.2434 -0.1272 0.1688
Cyclist -1 -1 -0.8096 1038.0161 176.9122 1090.7766 222.4628 1.7472 1.8752 0.6086 18.0867 1.9152 28.8325 -0.2545 0.1669
Car -1 -1 2.9823 567.4119 180.5170 612.7497 212.4926 1.4858 3.8480 1.6951 -1.1011 1.8962 36.5567 2.9518 0.6663
Car -1 -1 -1.8091 522.4799 179.5158 563.0475 205.1410 1.5323 1.8498 3.2584 -4.3480 1.9739 45.9430 -1.9034 0.5696
Car -1 -1 -1.4383 735.7403 180.9714 779.1668 198.5718 1.4941 3.5802 1.6722 13.0426 2.2287 63.8907 -1.2383 0.2605
Car -1 -1 0.0458 30.5613 196.1633 75.1854 227.2527 1.4949 3.9094 1.7681 -30.8304 2.8546 39.9645 -0.6082 0.2088
Car -1 -1 2.7685 845.7855 178.3011 901.2560 206.5194 1.5970 4.2477 1.7145 15.8864 1.9443 43.8069 3.1137 0.2027
Car -1 -1 -3.6656 996.5848 177.2665 1087.6267 214.6053 1.5355 4.0422 1.6592 19.1021 1.7450 32.1750 -3.1343 0.1925
Car -1 -1 -0.2984 501.9851 178.5663 533.8426 198.3422 1.5200 3.6428 1.5599 -7.5301 1.9998 58.5794 -0.4261 0.1768
