Pedestrian -1 -1 -0.5960 880.5477 168.0865 919.9227 230.6813 1.7467 0.8619 0.6738 8.2414 1.6141 20.6266 -0.2215 0.7232
Pedestrian -1 -1 3.2826 186.3165 183.6384 233.0307 255.6212 1.6706 0.8667 0.8732 -9.7254 1.9405 17.4701 2.7807 0.3799
Pedestrian -1 -1 1.9622 1124.9980 151.5548 1242.0000 322.2535 1.7396 0.8482 0.7139 6.2382 1.5229 7.8967 2.6122 0.2783
Pedestrian -1 -1 2.3524 936.2603 169.9118 986.6207 236.3867 1.6760 0.9255 0.7357 9.0744 1.6022 18.7495 2.7964 0.2691
Pedestrian -1 -1 1.5642 0.0000 196.1742 61.7318 302.3471 1.6921 0.9155 0.7023 -9.9903 2.1083 12.3032 0.8926 0.2436
Cyclist -1 -1 0.2570 291.1786 165.3036 350.7796 266.0059 1.7953 1.8957 0.5909 -5.5546 1.6610 13.8365 -0.1187 0.6041
Cyclist -1 -1 -3.0867 631.6860 171.3615 650.9950 220.5357 1.7813 1.9148 0.6264 1.1470 1.7275 27.1168 -3.0456 0.5571
Cyclist -1 -1 0.2154 233.4166 164.6780 315.3925 292.8168 1.7894 1.8775 0.7430 -5.1461 1.6756 11.0690 -0.2113 0.5420
Cyclist -1 -1 -3.5096 934.7841 166.6730 987.9550 237.1327 1.7449 1.8807 0.5937 9.0853 1.5922 18.8258 -3.0667 0.3923
Cyclist -1 -1 -1.4662 795.2050 163.9546 828.5461 195.3129 1.7874 1.8036 0.6257 11.6453 1.2805 41.7454 -1.1964 0.2987
Cyclist -1 -1 3.1957 551.0813 174.1284 561.5807 204.4506 1.6920 1.7960 0.5043 -3.0957 1.7668 41.2392 3.1208 0.2764
Cyclist -1 -1 1.1594 957.5392 153.5427 1115.5139 272.1280 1.6910 1.8902 0.7395 6.2528 1.4160 10.7510 1.6737 0.2696
Cyclist -1 -1 -0.0431 127.7487 181.9622 162.8435 257.5522 1.6242 1.7946 0.6103 -10.7759 1.8460 16.6305 -0.6111 0.2531
Car -1 -1 2.0983 382.4312 180.7275 464.4889 210.2322 1.5148 3.9819 1.7300 -10.1411 1.9574 39.1482 1.8460 0.4501
Car -1 -1 2.5980 899.7748 155.4825 1207.1504 307.2739 1.5791 3.7223 1.6044 5.3335 1.3987 9.3962 3.1003 0.4110
Car -1 -1 -2.9726 469.0522 172.9070 539.0969 223.2971 1.6833 4.4525 1.7981 -3.8063 1.6858 26.3545 -3.1152 0.3949
Car -1 -1 -3.1566 732.9299 174.6672 772.4441 210.1988 1.5381 3.9195 1.6975 6.5459 1.6279 33.5218 -2.9659 0.3674
Car -1 -1 0.0148 722.8993 175.1279 744.6908 194.4554 1.5616 3.7785 1.7542 10.4297 1.7599 60.7872 0.1836 0.3455
Car -1 -1 0.6824 354.2101 178.6075 430.8934 213.2943 1.4822 3.4383 1.5748 -10.0210 1.7635 33.3451 0.3923 0.3093
Car -1 -1 -2.2909 244.5495 178.0083 329.9170 212.1400 1.5106 3.5305 1.6157 -15.3799 1.7710 34.4589 -2.7081 0.2716
