Pedestrian -1 -1 1.9946 467.2688 169.5263 482.9459 195.4457 1.8580 0.9305 0.6463 -9.7746 1.6198 52.1433 1.8099 0.2236
Pedestrian -1 -1 -0.9320 826.2505 157.7946 904.3541 273.4164 1.7779 0.9717 0.6918 4.0730 1.5467 11.6883 -0.6054 0.1935
Cyclist -1 -1 0.3459 344.5760 187.4855 407.4226 295.1236 1.6601 1.7043 0.4567 -3.9793 1.9257 12.2189 0.0365 0.3269
Cyclist -1 -1 -1.6266 615.5329 168.6200 647.0259 199.1865 1.8097 1.8451 0.6330 1.2301 1.5594 43.0589 -1.5987 0.2699
Cyclist -1 -1 -3.4719 841.0173 153.1088 922.0824 275.2186 1.8156 1.8215 0.6418 4.2776 1.5223 11.6400 -3.1288 0.2486
Cyclist -1 -1 -0.1113 532.9818 171.7523 544.1658 197.7070 1.8608 1.9752 0.5959 -5.2573 1.7822 52.7556 -0.2105 0.2342
Cyclist -1 -1 -0.1196 469.4936 171.8422 480.2520 196.0508 1.7251 1.6705 0.5703 -9.8277 1.6534 52.2969 -0.3048 0.2002
Cyclist -1 -1 -1.9349 641.8976 166.8848 665.4628 189.4150 1.7298 1.7230 0.6002 3.3605 1.2719 55.9399 -1.8755 0.1975
Cyclist -1 -1 -0.2851 200.2992 163.1273 258.9155 237.9314 1.6964 1.7373 0.7878 -9.1637 1.4761 17.2586 -0.7671 0.1975
Cyclist -1 -1 -2.1482 109.0545 146.2906 250.8429 264.4490 1.7289 1.7423 0.8906 -6.8717 1.3406 11.5333 -2.6758 0.1848
Car -1 -1 1.7352 401.9907 183.1620 478.4836 240.4043 1.5515 1.6689 3.9032 -5.1814 1.8987 22.2736 1.5086 0.7475
Car -1 -1 0.7354 86.8755 183.2775 391.2950 332.0163 1.5355 3.2052 1.8705 -4.6719 1.6992 9.5014 0.2887 0.6749
Car -1 -1 3.4137 272.7953 176.0420 431.7055 280.6325 1.6516 4.1443 1.7208 -4.6905 1.7216 13.6356 3.0876 0.6206
Car -1 -1 1.5471 444.6690 181.6260 487.7013 221.5146 1.5579 1.7116 3.7196 -6.2758 1.9603 31.0613 1.3489 0.5627
Car -1 -1 2.5792 571.7531 179.9662 626.8633 205.1539 1.4821 3.9320 1.6426 -0.7553 1.9539 45.7319 2.5623 0.2200
Car -1 -1 -0.1666 536.2255 179.1328 567.7325 201.8175 1.5252 3.8134 1.6338 -4.2212 1.9932 51.6923 -0.2481 0.2165
Car -1 -1 -0.2093 408.4099 173.6209 440.9582 195.5885 1.5692 3.6064 1.6286 -13.8358 1.6286 53.6521 -0.4608 0.2018
