Pedestrian -1 -1 2.8774 460.8444 163.2551 477.9719 201.6039 1.9009 0.7954 0.6599 -7.1071 1.4255 36.2656 2.6849 0.2129
Cyclist -1 -1 -0.8750 873.1174 136.1826 968.2510 228.0876 1.8216 1.8689 0.6334 6.4823 1.0951 15.2736 -0.4809 0.2181
Cyclist -1 -1 2.7295 739.1227 177.5931 756.5769 201.1374 1.6888 1.7656 0.5998 10.0991 2.0437 53.0520 2.9161 0.2124
Cyclist -1 -1 0.4185 151.1392 187.6479 175.1126 215.2592 1.7736 1.7843 0.6969 -29.9133 2.7828 48.2721 -0.1340 0.1818
Car -1 -1 3.1070 264.3933 185.3680 306.0544 221.0168 1.5425 3.8670 1.7011 -15.7477 2.1833 34.8101 2.6847 0.4382
Car -1 -1 2.1760 804.9724 177.4117 857.2097 197.0815 1.5334 3.8288 1.6624 18.0803 1.9204 59.1964 2.4707 0.3991
Car -1 -1 1.9286 127.2167 178.8747 182.1500 199.3352 1.6271 3.4161 1.7669 -37.3994 2.1324 59.2994 1.3678 0.2677
Car -1 -1 -0.3144 657.3883 179.2767 698.8301 202.2879 1.4877 3.9574 1.7052 4.6355 1.9515 49.9453 -0.2229 0.2621
Car -1 -1 3.6037 177.6647 186.2227 269.2690 227.9187 1.4851 3.9120 1.6545 -15.4206 2.0583 28.9381 3.1176 0.2438
Car -1 -1 0.1338 356.0359 183.1924 384.2129 203.9128 1.5063 3.6176 1.6164 -18.7055 2.3410 56.2994 -0.1859 0.2363
Car -1 -1 2.4324 763.8009 178.7066 811.3256 197.6079 1.4625 3.8166 1.7067 14.5038 1.9600 59.2062 2.6711 0.2145
Car -1 -1 0.3103 151.2288 193.5493 220.5580 231.2026 1.4566 3.4408 1.6533 -18.6500 2.4227 31.8098 -0.2167 0.2010
Car -1 -1 3.3358 437.3202 181.6882 486.9531 215.5978 1.5118 3.8162 1.6549 -7.1613 1.9651 35.0765 3.1354 0.1919
Car -1 -1 -1.4473 707.3934 179.9179 769.2081 205.4457 1.4750 3.5151 1.6266 7.7484 1.9158 43.6956 -1.2735 0.1910
Car -1 -1 0.1063 14.4819 184.2989 58.9247 212.5573 1.5090 3.6083 1.6469 -33.4154 2.2082 42.0863 -0.5618 0.1871
Car -1 -1 2.8438 408.1122 182.5162 441.7492 201.9972 1.5143 3.7044 1.7011 -15.4697 2.3468 60.1161 2.5926 0.1800
Car -1 -1 2.2647 726.9882 178.7613 779.1347 198.9249 1.5359 3.8867 1.7781 11.4894 2.0300 58.2391 2.4581 0.1788
