Pedestrian -1 -1 3.2734 342.1938 149.0897 368.9240 218.2136 1.8249 0.8524 0.5740 -6.9242 1.1979 19.5219 2.9365 0.5404
Pedestrian -1 -1 0.7256 1047.3756 168.9903 1109.0269 260.4871 1.7236 0.7645 0.6671 9.0364 1.6511 14.0162 1.2880 0.3763
Pedestrian -1 -1 2.1420 1069.6899 149.9391 1149.6222 269.9999 1.7551 0.7622 0.6773 7.5750 1.4205 11.0299 2.7309 0.3156
Pedestrian -1 -1 0.7264 1174.8427 153.5620 1242.0000 296.3649 1.7426 0.7044 0.6641 7.7525 1.5076 9.1861 1.4111 0.2687
Pedestrian -1 -1 2.5806 873.9830 160.6935 955.4916 297.1677 1.6935 0.7784 0.6587 3.8956 1.5429 9.3924 2.9618 0.2170
Cyclist -1 -1 1.3620 1015.4519 167.3802 1103.2964 235.6585 1.7475 1.8699 0.6790 11.8070 1.6078 19.0941 1.9083 0.2480
Cyclist -1 -1 -0.6446 920.4908 162.8753 1015.3499 258.6640 1.7447 1.9602 0.5890 6.9140 1.5633 14.1581 -0.1992 0.2467
Cyclist -1 -1 -3.3966 897.1598 156.7198 950.8376 240.3247 1.7521 1.8361 0.6341 6.9102 1.4144 16.0727 -2.9978 0.2183
Car -1 -1 -1.8450 745.0950 161.7102 942.2338 292.7653 1.6337 1.6571 4.3144 3.2641 1.4952 11.1513 -1.5683 0.7114
Car -1 -1 0.3826 386.6839 178.5251 517.2736 254.7199 1.5564 3.4986 1.7929 -3.6081 1.7043 16.8935 0.1747 0.7079
Car -1 -1 -1.4063 707.0607 169.0467 773.2137 220.7593 1.5653 1.5840 3.6279 4.3161 1.4504 23.8114 -1.2297 0.5532
Car -1 -1 -2.2801 523.9273 172.7957 624.0232 217.5577 1.6082 3.0325 2.3889 -1.4201 1.6065 27.8317 -2.3312 0.5224
Car -1 -1 0.1925 456.3555 177.9062 520.8721 221.5635 1.5608 3.8973 1.7695 -4.7050 1.7726 28.2223 0.0283 0.4395
