Pedestrian -1 -1 1.2823 117.0577 167.5279 214.3227 321.0925 1.7644 0.8581 0.6880 -5.4915 1.7035 8.8362 0.7392 0.2339
Pedestrian -1 -1 -3.2053 682.2644 154.5842 709.2166 231.2944 1.8344 0.9020 0.5955 2.0479 1.3979 17.7170 -3.0929 0.1934
Pedestrian -1 -1 2.6613 712.3322 139.2942 794.2665 285.6716 1.7988 0.9147 0.6966 1.7950 1.3868 9.4037 2.8430 0.1863
Pedestrian -1 -1 -0.9428 679.6629 174.8659 695.6912 203.9188 1.6990 0.6988 0.6443 4.5668 1.8198 42.7313 -0.8376 0.1687
Cyclist -1 -1 -0.0955 743.2802 180.6050 760.1687 233.5240 1.5713 1.5399 0.3608 4.3519 1.8211 22.4350 0.0928 0.3585
Cyclist -1 -1 -0.6409 672.8751 175.9832 701.1125 206.4335 1.7577 1.9448 0.6250 4.5254 1.9482 42.8463 -0.5369 0.3062
Cyclist -1 -1 -0.2582 543.6748 178.1535 555.2822 197.7100 1.6772 1.8466 0.5612 -5.3426 2.1501 63.3649 -0.3424 0.2346
Cyclist -1 -1 -0.2516 713.5078 142.0390 796.6818 293.9112 1.8195 1.7745 0.6296 1.8170 1.4507 9.5487 -0.0704 0.2155
Cyclist -1 -1 -0.1905 340.4482 163.3407 393.5238 242.3868 1.5975 1.6404 0.7835 -5.2861 1.4056 15.4859 -0.5148 0.2093
Cyclist -1 -1 3.2193 490.8065 185.5518 504.7450 225.6170 1.6943 1.7192 0.4794 -5.0000 2.2721 31.9396 3.0647 0.2029
Cyclist -1 -1 3.2066 414.0185 177.0294 439.8455 240.7930 1.7468 1.9256 0.6004 -5.3316 1.8739 20.8959 2.9592 0.1627
Car -1 -1 1.8773 112.6642 201.3729 433.8051 375.0000 1.4957 1.7978 3.5411 -3.0317 1.8552 7.2492 1.4929 0.7781
Car -1 -1 1.8014 530.5709 189.6321 581.1728 224.3584 1.5325 1.6888 3.7448 -2.6587 2.4099 35.7347 1.7269 0.3968
Car -1 -1 -0.1907 627.5414 178.4743 659.7448 199.5478 1.5245 3.7204 1.7808 2.5104 1.9704 55.2166 -0.1459 0.3457
Car -1 -1 -2.2203 585.9830 185.0934 632.5872 205.8521 1.5221 1.8371 3.6967 -0.1111 2.5293 57.3208 -2.2228 0.1742
Car -1 -1 -0.0514 515.0366 172.9108 541.7445 196.6275 1.6426 4.0376 1.7054 -5.9568 1.6472 52.1124 -0.1650 0.1690
Car -1 -1 2.8260 525.8375 177.6663 557.1298 196.3354 1.5880 3.7948 1.6869 -6.1776 2.0325 64.5173 2.7305 0.1651
