Pedestrian -1 -1 2.0223 1128.1261 178.5579 1170.8400 232.8656 1.7179 0.9044 0.6926 17.5204 1.9085 23.5004 2.6563 0.2061
Cyclist -1 -1 -3.4777 933.2319 175.7104 948.7665 196.1520 1.7375 1.8402 0.6481 28.6571 1.9891 62.5357 -3.0502 0.2505
Cyclist -1 -1 -0.2748 1108.5614 172.4176 1126.5730 195.6569 1.7652 1.9222 0.6355 39.2266 1.7324 55.8149 0.3350 0.2238
Cyclist -1 -1 1.1674 967.2719 180.9025 1085.3156 272.4745 1.6399 1.7949 0.6376 7.6487 1.7944 13.4020 1.6757 0.2228
Cyclist -1 -1 -0.1749 1135.1915 180.0271 1166.8223 236.3375 1.7408 1.7109 0.5171 17.4890 1.9826 23.4088 0.4601 0.2212
Car -1 -1 -2.6813 946.8152 176.5172 1101.9707 247.8788 1.5016 3.0455 2.0634 9.7547 1.5973 17.0668 -2.1701 0.5631
Car -1 -1 1.5382 892.1448 181.5057 931.9587 214.1676 1.5159 1.7208 3.6955 15.2264 1.9794 36.5934 1.9291 0.4607
Car -1 -1 -0.1530 863.0176 171.4223 898.2515 195.6048 1.5615 3.8795 1.6369 18.1696 1.4695 48.6538 0.2021 0.3679
Car -1 -1 1.5605 947.9988 180.7071 978.2485 204.1961 1.5421 1.8503 3.6807 24.7985 2.1179 50.8049 2.0119 0.3042
Car -1 -1 -0.1993 876.9869 169.1809 909.9838 190.8847 1.6255 3.8172 1.6498 21.9535 1.3507 56.0569 0.1719 0.2995
Car -1 -1 -0.3512 1115.0811 172.4550 1194.5591 209.3125 1.5336 3.4933 1.6863 23.9693 1.5174 31.9342 0.2880 0.2891
Car -1 -1 -3.4538 1031.4586 182.2168 1088.2532 210.5290 1.5147 3.7967 1.7024 26.0721 2.0866 41.9991 -2.9019 0.2516
