Pedestrian -1 -1 1.8408 326.9614 186.1319 367.7498 244.7646 1.6642 0.9544 0.7466 -7.7063 2.0598 21.0707 1.4937 0.5067
Pedestrian -1 -1 2.9736 141.7078 167.1951 174.8394 229.7395 1.8223 0.8872 0.7044 -13.5646 1.6578 21.5857 2.4179 0.3565
Pedestrian -1 -1 0.0171 346.1948 151.2705 369.3416 228.4997 1.8408 0.8304 0.5199 -6.2197 1.3267 17.6710 -0.3170 0.2430
Pedestrian -1 -1 1.7537 460.2325 169.0692 520.8003 277.8075 1.7356 0.8851 0.6039 -1.9987 1.6756 11.8239 1.5888 0.2288
Pedestrian -1 -1 1.0410 160.6891 198.8908 191.1722 244.5909 1.7322 0.7594 0.7426 -17.1503 2.7774 28.4404 0.5021 0.1942
Pedestrian -1 -1 1.4352 518.8752 176.1461 578.3169 279.5947 1.6763 0.9172 0.6212 -1.0924 1.7338 12.1199 1.3460 0.1702
Pedestrian -1 -1 -0.6931 964.1266 145.5365 1036.9141 258.2330 1.8395 0.8717 0.6869 6.5737 1.3939 12.2727 -0.2119 0.1652
Pedestrian -1 -1 2.1857 563.1666 157.7661 619.7886 250.7006 1.7768 0.8844 0.6969 -0.4171 1.4887 14.3272 2.1561 0.1638
Pedestrian -1 -1 0.1082 342.0335 132.3128 391.5977 257.7616 1.9163 0.8104 0.6622 -3.9087 1.2974 11.4853 -0.2134 0.1627
Pedestrian -1 -1 2.0152 401.6366 171.9902 467.7358 277.9196 1.6842 0.8888 0.5876 -2.9231 1.6709 11.8482 1.7775 0.1539
Pedestrian -1 -1 1.5886 568.5355 169.1730 615.0453 263.4610 1.7102 0.8437 0.6224 -0.3857 1.6438 13.4003 1.5591 0.1519
Pedestrian -1 -1 1.7896 1203.4526 153.7083 1242.0000 229.4370 1.7802 0.8415 0.6359 14.9593 1.3305 17.4860 2.4887 0.1458
Pedestrian -1 -1 3.1441 9.0224 183.7653 49.3445 262.4061 1.7155 0.7988 0.7013 -13.2553 1.9722 16.4151 2.4726 0.1384
Pedestrian -1 -1 0.6339 378.9174 162.8157 446.7123 291.2730 1.8252 0.7559 0.6503 -2.9723 1.6829 10.7189 0.3688 0.1383
Cyclist -1 -1 0.9349 1029.8140 192.5236 1203.8511 321.2149 1.6139 1.8437 0.6988 6.6233 1.8855 9.5560 1.5255 0.3283
Cyclist -1 -1 0.0750 336.2352 188.7862 361.5422 249.5482 1.6631 1.5844 0.5743 -7.6423 2.1463 21.0263 -0.2702 0.2271
Cyclist -1 -1 -1.6821 687.5273 173.5357 825.7724 306.0508 1.7421 1.7878 0.6105 1.9146 1.7521 9.8565 -1.4973 0.1940
Cyclist -1 -1 1.9637 116.6062 173.5298 189.2755 234.0836 1.7779 1.7496 0.5879 -13.7267 1.7990 21.6279 1.4035 0.1692
Cyclist -1 -1 -0.6509 933.3123 160.0422 1032.5887 267.8487 1.7168 1.6913 0.5916 6.2918 1.5131 12.3741 -0.1908 0.1603
Cyclist -1 -1 0.3837 255.4113 186.5719 280.4715 218.8216 1.7444 1.7893 0.6540 -19.3214 2.5362 40.7134 -0.0572 0.1519
Cyclist -1 -1 0.0529 33.1621 171.1532 73.7970 253.9702 1.7690 1.8966 0.6190 -12.6493 1.7330 16.3676 -0.5974 0.1469
Cyclist -1 -1 -1.2166 266.5164 172.9249 300.3625 201.6750 1.7945 1.8354 0.6340 -20.5785 1.7993 45.4144 -1.6401 0.1469
Cyclist -1 -1 1.0261 889.7452 181.8075 1050.9675 310.4078 1.6201 1.8276 0.6969 4.7073 1.7449 9.5875 1.4693 0.1439
Cyclist -1 -1 3.5540 162.4793 197.5101 194.9603 242.7345 1.6820 1.6588 0.4777 -17.1283 2.6893 28.6144 3.0184 0.1408
Cyclist -1 -1 1.8337 234.5830 178.8079 277.9715 214.5951 1.8116 1.8871 0.7259 -18.2769 2.1237 37.2364 1.3800 0.1390
Cyclist -1 -1 -0.0843 585.0650 172.7693 624.3137 271.4055 1.7509 1.8263 0.5833 -0.1766 1.7497 13.7426 -0.0982 0.1354
Car -1 -1 0.7221 198.1551 184.1771 280.9214 219.5941 1.6066 3.6503 1.6702 -18.4169 2.2025 35.9677 0.2515 0.2328
Car -1 -1 0.0022 295.9576 180.0950 324.0569 205.7696 1.5118 3.8466 1.5812 -19.0369 1.9921 45.7371 -0.3905 0.1786
