Pedestrian -1 -1 -0.3308 794.6342 162.3113 847.4022 252.4914 1.8019 0.9121 0.7852 4.2894 1.5916 14.8917 -0.0565 0.7420
Pedestrian -1 -1 3.0385 531.8124 177.6819 551.8893 225.0988 1.6612 0.7536 0.6391 -2.4851 1.8371 25.7961 2.9428 0.4861
Pedestrian -1 -1 -0.1319 508.4583 151.6957 537.7114 223.4214 1.8639 0.8588 0.6659 -2.3735 1.3144 19.2464 -0.2536 0.3510
Pedestrian -1 -1 1.9529 1192.1703 158.6767 1242.0000 245.7511 1.7388 0.7340 0.7278 12.5899 1.4560 14.9015 2.6443 0.2640
Pedestrian -1 -1 -1.2421 1126.0017 123.9105 1212.7844 244.1095 1.9445 0.9989 0.7040 9.4580 1.1531 12.2810 -0.5976 0.2602
Cyclist -1 -1 3.0162 507.0461 155.8828 540.0799 230.0316 1.8812 1.9881 0.6300 -2.3859 1.4510 19.3436 2.8945 0.4072
Cyclist -1 -1 0.1035 58.5640 201.2397 92.5599 285.1377 1.6831 1.6752 0.4202 -11.7824 2.3403 15.8632 -0.5276 0.3535
Cyclist -1 -1 -0.2917 833.0338 156.2238 882.9376 241.6897 1.8128 1.7964 0.5492 5.4900 1.4604 16.2074 0.0287 0.2652
Cyclist -1 -1 3.4891 105.8235 180.0212 124.4758 203.2278 1.7921 1.8389 0.6309 -39.3019 2.3712 57.2851 2.8898 0.2578
Cyclist -1 -1 -0.3412 791.0224 163.0716 851.5926 254.6850 1.7903 1.7055 0.6569 4.2995 1.5995 14.9703 -0.0676 0.2507
Car -1 -1 1.9523 0.0000 201.6227 323.3846 375.0000 1.4640 1.6378 3.5193 -3.7810 1.7838 6.1458 1.4191 0.7672
Car -1 -1 1.5264 353.5122 189.4554 430.4398 262.7633 1.5050 1.6428 4.1121 -5.5847 1.9710 18.0247 1.2294 0.7499
Car -1 -1 -0.4450 625.6224 177.0352 713.9146 208.7468 1.6163 1.9322 4.3335 3.1777 1.8518 38.8908 -0.3647 0.5940
Car -1 -1 -1.4975 177.6185 186.0117 276.9635 229.1610 1.5150 3.2443 2.2295 -14.7894 2.0567 28.0162 -1.9796 0.5793
Car -1 -1 -2.7305 483.9067 186.5628 550.0797 221.7355 1.5431 4.0670 1.7538 -4.5444 2.2610 35.5637 -2.8573 0.3526
Car -1 -1 1.4335 711.5698 172.7462 765.9467 195.2074 1.7175 3.9560 1.7623 9.9541 1.7096 56.1230 1.6077 0.3316
