Pedestrian -1 -1 2.9821 360.1334 141.9530 429.0248 299.4632 1.8192 0.9654 0.6706 -2.7296 1.4627 8.9114 2.6922 0.5240
Pedestrian -1 -1 1.7397 289.8868 136.8318 413.4939 342.1239 1.8855 1.0445 0.5726 -2.5286 1.5550 6.9934 1.4036 0.4842
Pedestrian -1 -1 -0.2303 604.1995 171.4953 624.8071 214.5424 1.7570 0.8436 0.6785 0.1405 1.7019 29.9346 -0.2263 0.4684
Pedestrian -1 -1 2.1392 957.8135 169.9345 980.1854 204.8685 1.7791 0.7786 0.7037 18.5000 1.6308 37.2589 2.5965 0.3042
Car -1 -1 -2.1352 972.4069 179.1582 1242.0000 301.7894 1.5147 1.7245 4.1264 7.4542 1.6310 11.1946 -1.5606 0.8423
Car -1 -1 -1.8328 767.5137 182.2592 940.2278 297.6357 1.4771 1.5893 3.6944 3.5813 1.6506 11.4127 -1.5372 0.7941
Car -1 -1 -1.7642 688.8382 172.9254 778.4918 234.9117 1.5890 1.7467 3.9269 3.3450 1.5916 20.4905 -1.6055 0.7177
Car -1 -1 -0.9521 824.0705 177.3785 895.5834 206.3644 1.4900 3.2958 1.7463 13.6051 1.7497 39.5124 -0.6233 0.6525
Car -1 -1 -0.1432 637.7211 174.9837 674.6163 202.4296 1.5788 3.8202 1.6948 2.7217 1.7142 43.7826 -0.0820 0.4926
Car -1 -1 2.0919 237.3006 176.4942 284.2428 193.5550 1.5453 3.5008 1.7596 -32.3197 1.8877 66.7838 1.6425 0.3402
Car -1 -1 2.9258 613.3011 176.6068 643.8731 197.2976 1.5375 3.6784 1.6271 1.3896 1.8409 56.2865 2.9500 0.3282
Car -1 -1 -2.0527 746.3358 185.9552 812.1000 218.7414 1.5116 1.8056 3.5596 8.5194 2.2151 36.7728 -1.8275 0.2692
