Pedestrian -1 -1 -3.0616 1099.1204 136.0519 1185.7635 315.9814 1.8507 0.7888 0.7164 5.8864 1.3952 7.8000 -2.4328 0.6419
Pedestrian -1 -1 0.8664 52.1709 191.0607 102.0406 253.4361 1.7369 0.8839 0.7396 -15.2370 2.0506 20.3738 0.2332 0.4626
Pedestrian -1 -1 2.4199 831.6185 170.3975 878.3763 239.9633 1.7008 0.8363 0.7416 6.2533 1.4554 17.8093 2.7536 0.4194
Pedestrian -1 -1 1.5959 1123.8328 190.8291 1224.0000 370.0000 1.6665 0.7142 0.7199 4.3387 1.7538 5.3495 2.2503 0.3939
Pedestrian -1 -1 3.0707 17.2442 171.9397 69.3164 261.2459 1.7370 0.8401 0.7766 -11.4238 1.5722 14.3192 2.4098 0.3760
Pedestrian -1 -1 2.6328 651.3450 165.4204 709.8154 262.0509 1.7109 0.8625 0.7460 1.3426 1.4456 13.0577 2.7345 0.2575
Pedestrian -1 -1 2.9994 255.7059 164.7284 305.8408 259.7099 1.7593 0.8819 0.7695 -6.3195 1.4688 13.6701 2.5769 0.2513
Pedestrian -1 -1 2.7922 516.2993 164.7155 567.9262 262.9307 1.7313 0.8761 0.6869 -1.2095 1.4547 13.0013 2.7035 0.2256
Pedestrian -1 -1 0.9235 811.9385 169.8122 872.8530 259.9872 1.7262 0.9727 0.6077 4.6463 1.5233 13.9758 1.2393 0.2081
Pedestrian -1 -1 1.0330 971.6247 193.6492 1134.6080 370.0000 1.6561 0.7650 0.7257 3.2819 1.7637 5.3230 1.5609 0.1983
Pedestrian -1 -1 -0.0858 90.5233 161.3806 137.7476 256.1081 1.7999 0.8430 0.7052 -9.7539 1.4382 13.9788 -0.6826 0.1949
Pedestrian -1 -1 -0.9240 991.1996 164.5696 1067.2085 272.6282 1.7593 0.8803 0.6765 7.1688 1.5016 12.0430 -0.3970 0.1883
Pedestrian -1 -1 -1.1212 735.8012 146.9841 798.1453 253.4232 1.7870 0.8704 0.6509 2.7946 1.2259 12.3905 -0.9029 0.1656
Pedestrian -1 -1 2.5454 605.3856 165.0817 657.6697 252.6063 1.7465 0.8464 0.7337 0.5027 1.4405 14.6572 2.5807 0.1426
Cyclist -1 -1 -0.9471 1053.0118 143.8458 1224.0000 324.0330 1.7610 1.6820 0.5103 5.8478 1.4045 7.7838 -0.3205 0.2764
Cyclist -1 -1 -0.4789 643.2007 162.5533 719.6068 263.3135 1.7542 1.8938 0.6141 1.3529 1.4434 13.2978 -0.3782 0.2690
Cyclist -1 -1 -0.7372 0.0000 169.8013 95.4060 259.9667 1.7692 1.7917 0.5978 -11.3992 1.5609 14.3178 -1.3971 0.2103
Cyclist -1 -1 0.1253 254.7567 161.9363 303.7457 259.8675 1.7767 1.8198 0.6306 -6.3625 1.4416 13.7851 -0.2966 0.2010
Cyclist -1 -1 1.4469 683.4047 160.7538 760.8565 231.0689 1.7591 1.8835 0.6300 2.9320 1.2667 18.0329 1.6071 0.1839
Cyclist -1 -1 1.8895 309.3978 176.0148 445.1447 286.7674 1.6829 1.9093 0.6907 -3.5907 1.6164 11.0988 1.5865 0.1790
Cyclist -1 -1 -2.1235 1017.4279 191.2938 1130.7808 283.4402 1.7170 1.7287 0.6672 8.9577 1.9318 13.6033 -1.5505 0.1643
Cyclist -1 -1 0.7598 1065.0101 194.5401 1224.0000 370.0000 1.6542 1.7265 0.6193 5.0872 1.7906 6.3386 1.4134 0.1608
Cyclist -1 -1 -1.6284 553.8771 149.6329 630.0808 222.4468 1.7919 1.8825 0.6412 -0.3783 1.0339 17.7862 -1.6473 0.1513
Cyclist -1 -1 1.8020 476.7967 159.7413 570.8556 244.9805 1.7437 1.8573 0.7227 -1.7390 1.3206 14.9280 1.6904 0.1486
Cyclist -1 -1 -0.9936 1123.7924 142.5930 1224.0000 252.6039 1.7617 1.8232 0.5790 10.0945 1.1563 12.2741 -0.3163 0.1476
Cyclist -1 -1 2.7147 855.3489 171.6316 947.7558 294.9359 1.6285 1.8027 0.5072 4.1941 1.5130 10.2455 3.0941 0.1401
Car -1 -1 0.4252 18.3979 183.8292 125.9892 230.4386 1.5515 3.9086 1.6589 -19.3988 1.6849 25.9127 -0.2099 0.2238
Car -1 -1 2.5046 555.5737 172.7005 604.6309 194.6997 1.5449 3.7438 1.6848 -1.8446 0.9985 51.6365 2.4708 0.1787
Car -1 -1 1.0405 924.2724 204.0287 1106.5344 270.6371 1.5621 3.6854 1.6871 10.3485 2.1942 18.0678 1.5544 0.1446
