Pedestrian -1 -1 1.5043 381.9050 152.8499 492.3309 339.4109 1.8096 1.0683 0.6618 -1.8011 1.5431 7.3255 1.2748 0.8086
Pedestrian -1 -1 1.1092 52.4118 194.2682 101.9236 256.9237 1.7317 0.8988 0.7657 -15.2324 2.1411 20.3642 0.4758 0.4704
Pedestrian -1 -1 1.7305 1115.5857 187.7774 1224.0000 370.0000 1.6534 0.7299 0.6997 4.3353 1.7154 5.3482 2.3847 0.4373
Pedestrian -1 -1 3.0679 15.5883 171.3510 70.1240 261.2375 1.7476 0.8384 0.8138 -11.4368 1.5713 14.3254 2.4067 0.3772
Pedestrian -1 -1 -0.1526 254.2173 164.7547 305.5331 260.0372 1.7626 0.8925 0.7799 -6.3327 1.4730 13.6610 -0.5761 0.2885
Pedestrian -1 -1 2.6722 642.1136 162.7721 696.8636 261.7809 1.7479 0.8458 0.6925 1.1323 1.4366 12.9989 2.7587 0.2860
Pedestrian -1 -1 2.5110 832.6930 171.6498 876.5745 240.7725 1.6993 0.7142 0.7694 6.2530 1.4834 17.8315 2.8444 0.2672
Pedestrian -1 -1 1.3382 557.4740 157.4253 612.1368 248.0471 1.8310 1.0278 0.5879 -0.4671 1.3664 14.6980 1.3089 0.2344
Pedestrian -1 -1 2.8839 518.6042 164.1104 566.8864 262.1074 1.7292 0.8774 0.6827 -1.1987 1.4416 12.9997 2.7959 0.2249
Pedestrian -1 -1 -3.0211 966.8745 202.8328 1088.9077 370.0000 1.6800 0.7292 0.7225 3.1235 1.8652 5.2950 -2.5124 0.2212
Pedestrian -1 -1 -1.7253 880.3807 165.4957 943.7744 267.9399 1.7209 0.9122 0.6771 5.2847 1.4705 12.3107 -1.3275 0.1776
Pedestrian -1 -1 -0.0527 92.6870 160.5947 136.8457 253.8366 1.7723 0.8431 0.6820 -9.7401 1.3956 13.9760 -0.6489 0.1714
Pedestrian -1 -1 -0.8912 993.8165 163.2923 1070.0459 272.2979 1.7715 0.8858 0.6675 7.1987 1.4935 12.0177 -0.3615 0.1548
Cyclist -1 -1 -0.4840 643.9783 162.3874 720.6104 263.1124 1.7527 1.8769 0.6180 1.3686 1.4391 13.2840 -0.3820 0.2386
Cyclist -1 -1 1.7944 307.0210 176.9184 445.3738 287.2405 1.6627 1.9482 0.7512 -3.5963 1.6103 11.1029 1.4911 0.2238
Cyclist -1 -1 0.0944 255.6821 163.0965 303.2065 260.4995 1.7693 1.8085 0.6607 -6.3669 1.4548 13.8008 -0.3273 0.2216
Cyclist -1 -1 -0.8662 0.0000 168.5826 96.6050 258.4868 1.7793 1.7754 0.5823 -11.4212 1.5451 14.3182 -1.5270 0.2005
Cyclist -1 -1 0.6064 79.9444 197.0431 126.3831 253.2942 1.6759 1.5648 0.3606 -15.8400 2.2178 22.3042 -0.0030 0.2004
Cyclist -1 -1 0.7741 1085.7732 188.7824 1224.0000 370.0000 1.6022 1.7669 0.6078 5.4095 1.6847 6.4899 1.4467 0.1943
Cyclist -1 -1 -0.0054 523.5927 161.2245 558.1426 264.9584 1.7712 1.8444 0.5890 -1.2296 1.4437 13.0136 -0.0956 0.1927
Cyclist -1 -1 -0.4320 851.5715 172.6429 942.5261 295.9841 1.6545 1.8131 0.4966 4.1929 1.5507 10.3984 -0.0576 0.1896
Cyclist -1 -1 -0.5135 873.4719 162.6751 963.6594 274.5979 1.7687 1.7906 0.5857 5.2647 1.4886 12.0904 -0.1108 0.1565
Car -1 -1 -2.3109 1145.6382 184.4886 1224.0000 370.0000 1.5465 1.6714 3.8991 6.5356 1.5918 5.7236 -1.4851 0.2689
Car -1 -1 0.4048 20.5194 184.1197 125.6807 230.7103 1.5521 3.8922 1.6607 -19.4027 1.6972 25.9573 -0.2296 0.2367
Car -1 -1 2.4917 555.6447 172.5898 605.2328 194.7217 1.5555 3.7736 1.6831 -1.8216 1.0009 51.6845 2.4584 0.1560
