Pedestrian -1 -1 0.3066 232.3329 135.1938 276.4116 237.2679 1.8205 0.7604 0.5201 -6.5857 1.1492 13.2797 -0.1461 0.3682
Pedestrian -1 -1 2.0458 372.7319 175.7741 396.3407 217.6467 1.7320 0.7278 0.6528 -9.4997 1.8564 30.2798 1.7438 0.3651
Pedestrian -1 -1 0.8303 1195.5369 176.5024 1242.0000 242.9495 1.7290 0.9579 0.6350 16.2257 1.8279 19.1480 1.5251 0.3311
Pedestrian -1 -1 2.5183 433.1217 175.2290 449.2768 203.8431 1.7747 0.7797 0.6569 -10.6389 1.9259 45.3353 2.2887 0.3170
Pedestrian -1 -1 2.6484 366.3686 175.8059 387.2710 214.5104 1.7307 0.6770 0.6632 -10.6430 1.8672 32.8073 2.3367 0.3025
Pedestrian -1 -1 2.4786 1021.4771 171.5847 1054.3260 222.2587 1.7797 0.7791 0.6699 15.2322 1.7355 25.7697 3.0070 0.2832
Cyclist -1 -1 -0.8717 1177.6095 184.6275 1242.0000 255.3079 1.7657 1.7859 0.5792 16.2030 2.0955 19.2623 -0.1806 0.3841
Cyclist -1 -1 -0.3880 429.9937 176.9375 450.1582 204.9166 1.7124 1.7458 0.6173 -10.7102 1.9742 45.3070 -0.6192 0.2871
Cyclist -1 -1 2.6321 916.2280 171.8501 945.5836 205.2497 1.7166 1.8508 0.5775 16.8599 1.6653 38.0289 3.0461 0.2721
Cyclist -1 -1 3.0301 470.7232 175.7813 487.7056 210.2520 1.7410 1.9444 0.6576 -6.8698 1.8982 37.6398 2.8503 0.2238
Car -1 -1 -1.6432 583.8701 176.3262 620.4880 206.6899 1.5176 1.6901 3.3666 -0.4914 1.7103 38.2097 -1.6565 0.6907
Car -1 -1 1.9711 103.8124 178.5753 201.5460 227.1344 1.5560 1.6801 3.4441 -16.0097 1.7722 25.3824 1.4129 0.5866
Car -1 -1 3.0252 528.4669 175.8335 562.5651 201.5546 1.5574 3.4965 1.7657 -4.1806 1.7556 46.0159 2.9347 0.5563
Car -1 -1 -0.1212 823.9507 179.8404 859.8115 206.6942 1.5518 3.6806 1.6650 14.2773 2.0038 44.6767 0.1857 0.3560
Car -1 -1 2.6843 602.8091 183.3834 653.4782 209.1086 1.5218 3.8882 1.7193 1.0899 2.2325 46.5456 2.7070 0.2646
Car -1 -1 -0.3591 746.3559 180.6975 782.5278 199.5814 1.4879 3.9720 1.6754 12.9186 2.1706 60.6736 -0.1507 0.2481
Car -1 -1 -0.7460 335.0486 177.5331 382.7717 198.1699 1.6404 3.6716 1.6853 -20.7995 2.0383 59.6883 -1.0802 0.2470
