Pedestrian -1 -1 3.3031 234.8447 187.5682 286.6170 286.4643 1.6611 0.8775 0.6905 -6.2252 1.9329 12.7885 2.8577 0.5296
Pedestrian -1 -1 1.8873 178.6625 190.1228 262.6507 306.4826 1.6409 0.9213 0.7107 -5.8187 1.9083 10.7280 1.4001 0.4506
Pedestrian -1 -1 1.8543 453.3776 189.8647 486.5129 239.3958 1.7787 1.0106 0.8347 -5.2157 2.4192 26.6871 1.6624 0.2841
Pedestrian -1 -1 2.4580 1064.9113 160.0896 1226.4753 373.9745 1.7411 0.9061 0.7250 4.6136 1.6375 6.3507 3.0635 0.2452
Car -1 -1 -1.9632 799.9967 193.1347 1242.0000 375.0000 1.4606 1.5848 3.7484 2.6805 1.6739 5.6782 -1.5434 0.7941
Car -1 -1 -1.6962 655.7905 178.6785 704.7755 216.8189 1.6036 1.7204 4.0177 3.1070 1.8867 32.9919 -1.6038 0.7316
Car -1 -1 -1.8275 716.4847 173.3280 909.9055 302.0053 1.5689 1.6797 4.1877 2.7439 1.5778 10.9187 -1.5887 0.6931
Car -1 -1 1.6978 505.2623 178.8522 570.8561 229.3395 1.6048 1.7771 4.3533 -2.5049 1.8367 25.6573 1.6008 0.6166
Car -1 -1 -1.7887 665.8114 167.0666 745.2514 221.5519 1.7571 1.8943 4.1323 3.2123 1.5709 25.4127 -1.6650 0.6160
Car -1 -1 -1.6635 651.1172 179.2509 688.6050 209.9086 1.5254 1.6305 3.9537 3.1250 1.8867 38.7160 -1.5841 0.5408
Car -1 -1 2.8214 786.8760 159.2087 895.4825 224.5029 1.5668 3.5727 1.6603 5.9447 1.2397 19.1167 3.1181 0.3443
