Pedestrian -1 -1 2.2124 507.8723 175.8251 520.7320 199.1696 1.7791 0.7531 0.6325 -7.3949 2.0102 55.5635 2.0803 0.3297
Pedestrian -1 -1 1.3669 514.4778 172.3991 527.3715 194.8945 1.8088 0.9392 0.5752 -7.2400 1.7726 58.4389 1.2438 0.2796
Pedestrian -1 -1 -0.4261 1028.1271 153.7838 1103.9596 276.9042 1.8022 0.7922 0.7048 6.8748 1.5234 10.9946 0.1201 0.2558
Cyclist -1 -1 3.1235 517.2125 174.7771 524.2029 196.5011 1.7303 1.7532 0.5297 -7.2722 1.8891 58.5342 3.0001 0.3323
Cyclist -1 -1 2.3675 1008.4667 150.4406 1132.3433 277.7239 1.7742 1.7028 0.5260 6.8653 1.4621 10.9433 2.9152 0.2711
Car -1 -1 1.6460 531.9963 180.4791 571.5726 212.6851 1.5921 1.8112 4.1535 -3.1044 2.0238 38.7326 1.5660 0.6634
Car -1 -1 -1.5747 675.5991 174.5964 715.2368 211.3770 1.5455 1.6696 3.9258 3.7960 1.6294 32.5532 -1.4602 0.6529
Car -1 -1 1.3362 708.8549 169.7940 821.8458 250.3142 1.6628 1.6263 4.1279 3.4503 1.5999 16.9910 1.5323 0.6426
Car -1 -1 3.1211 583.4927 177.2026 610.1226 201.6158 1.5674 4.0143 1.7203 -0.9638 1.8760 49.0902 3.1011 0.5280
Car -1 -1 -1.8690 757.8998 147.5112 1026.8809 321.3853 1.7095 1.8656 4.1855 3.1552 1.4607 9.2035 -1.5495 0.4646
Car -1 -1 -2.4704 980.3982 183.2914 1242.0000 375.0000 1.5365 1.6413 3.7687 3.0707 1.6001 2.4455 -1.6298 0.4548
