Pedestrian -1 -1 -0.1073 26.2610 161.1453 60.7878 230.9783 1.8522 0.8701 0.6550 -15.4989 1.5420 19.6751 -0.7681 0.3965
Cyclist -1 -1 2.0908 1151.3718 138.8543 1242.0000 211.9974 1.8471 1.9587 0.4768 15.5725 0.9889 19.2168 2.7643 0.3511
Car -1 -1 -1.8215 812.5378 177.2500 1081.8610 365.8380 1.5142 1.5954 3.6689 3.2334 1.5738 7.8012 -1.4430 0.8030
Car -1 -1 -1.7936 791.8728 176.1363 950.2563 286.8198 1.5856 1.6589 3.8950 4.2398 1.6519 12.4720 -1.4741 0.7640
Car -1 -1 -2.2042 915.4353 199.9922 1242.0000 375.0000 1.4759 1.6099 3.9049 2.7168 1.6622 2.9413 -1.5082 0.7040
Car -1 -1 -1.2927 464.0322 173.4664 612.9827 276.0364 1.6306 1.7601 3.8758 -1.2162 1.6442 13.5614 -1.3815 0.5738
Car -1 -1 -0.2984 746.1641 172.2111 805.7270 207.2061 1.5159 3.6795 1.6388 7.5122 1.4884 33.1504 -0.0779 0.4908
Car -1 -1 -0.5154 930.7468 142.4309 1074.4976 210.3385 1.7292 3.9689 1.8047 10.8509 0.9549 20.3833 -0.0324 0.4697
Car -1 -1 0.1977 581.4272 172.9799 644.4819 218.4790 1.6183 4.0760 1.6647 0.1511 1.6239 27.8366 0.2024 0.4294
Car -1 -1 -0.6948 598.9742 175.2316 669.5638 205.7842 1.5337 3.8297 1.7093 1.2131 1.6679 38.5698 -0.6641 0.4233
Car -1 -1 -3.7060 1044.7472 146.5568 1210.1149 214.8804 1.6763 4.0667 1.7321 13.8931 1.0315 19.7676 -3.1005 0.3812
Car -1 -1 0.6302 896.4063 164.4140 984.5761 204.4832 1.6410 3.2641 1.9174 14.2435 1.2957 31.1869 1.0547 0.3540
Car -1 -1 -1.4080 545.0613 178.9262 621.0071 233.2862 1.5303 1.8139 3.6466 -0.8039 1.7376 22.6627 -1.4438 0.3463
