Pedestrian -1 -1 1.4724 355.1098 181.2833 386.4561 241.7648 1.6621 0.7858 0.6012 -6.8080 1.9057 20.3815 1.1534 0.6099
Pedestrian -1 -1 -0.0484 49.7998 146.9778 88.4795 241.8652 1.8058 0.7589 0.5779 -10.7045 1.3137 14.2054 -0.6853 0.4797
Pedestrian -1 -1 1.7204 310.1305 178.3870 353.0295 252.9865 1.7271 0.8649 0.6477 -6.6642 1.8623 17.1713 1.3548 0.4543
Pedestrian -1 -1 1.9198 180.5644 189.4946 258.3520 295.2689 1.6812 0.9665 0.6637 -6.5203 1.9672 11.9861 1.4303 0.4050
Pedestrian -1 -1 -0.1575 723.2447 173.6989 752.0790 240.2456 1.7194 0.7927 0.6284 3.3148 1.7425 19.0500 0.0112 0.3913
Pedestrian -1 -1 2.4477 638.8061 164.2704 659.2660 203.8462 1.8102 0.7557 0.6040 1.7706 1.4180 33.4843 2.4996 0.3438
Pedestrian -1 -1 3.1584 85.3789 134.0740 121.1613 236.1436 1.8832 0.7138 0.5421 -9.7036 1.1680 13.7569 2.5530 0.3122
Pedestrian -1 -1 2.0020 256.4766 181.8796 315.4578 267.5692 1.6896 0.8869 0.6843 -6.6156 1.8776 14.6456 1.5839 0.3093
Pedestrian -1 -1 2.2413 75.3431 179.0044 177.2069 312.8041 1.6756 0.8758 0.6794 -6.3672 1.7597 9.4455 1.6608 0.3022
Pedestrian -1 -1 1.5075 1108.7826 144.5496 1149.1071 224.0156 1.8502 0.7356 0.6760 12.3652 1.1915 17.2769 2.1204 0.2709
Pedestrian -1 -1 -0.1292 198.7979 174.8967 222.6479 223.6729 1.7671 0.6825 0.6903 -14.7972 1.8443 26.6565 -0.6320 0.2596
Pedestrian -1 -1 2.7088 631.8903 176.7498 649.7731 211.0044 1.7213 0.7980 0.6354 1.5346 1.9234 36.8573 2.7495 0.2506
Pedestrian -1 -1 1.6542 365.8024 191.9808 396.6382 244.7360 1.7312 0.9363 0.7868 -7.8086 2.3945 24.5158 1.3483 0.2473
Cyclist -1 -1 3.5310 254.1667 179.8572 319.1212 265.7046 1.6344 1.7507 0.5854 -6.6274 1.7866 14.7609 3.1151 0.2527
Cyclist -1 -1 2.2484 0.0000 201.5406 141.9501 344.8098 1.7874 1.8135 0.7197 -7.3788 2.1828 9.5441 1.6034 0.2369
Cyclist -1 -1 0.1432 154.3168 169.4495 199.3064 234.2213 1.7523 1.9334 0.8245 -12.3646 1.6605 20.5681 -0.3926 0.2352
Cyclist -1 -1 -0.4525 1023.8868 116.5008 1242.0000 375.0000 1.8085 1.7859 0.6251 3.9469 1.4351 5.7081 0.1280 0.2338
Car -1 -1 1.6305 457.7907 185.9091 503.5789 228.0119 1.4661 1.5464 3.4182 -5.0079 2.0058 28.0179 1.4546 0.6848
Car -1 -1 3.2441 475.7784 182.9020 521.2205 217.4705 1.5152 4.0177 1.7658 -5.3621 2.0296 34.8646 3.0921 0.5580
Car -1 -1 1.8173 227.2624 185.2389 376.7129 240.8156 1.5431 3.8164 1.7624 -9.1926 1.9359 21.7031 1.4206 0.5476
Car -1 -1 0.9470 1039.0356 166.6726 1242.0000 375.0000 1.5283 1.6435 3.7733 4.3308 1.5078 4.4088 1.6900 0.3466
Car -1 -1 1.4449 595.9067 172.5156 646.1060 194.5730 1.7332 3.8168 1.8632 0.8329 1.7070 57.8322 1.4588 0.2959
Car -1 -1 3.3397 397.7952 177.7302 450.6308 212.8084 1.5883 4.2707 1.6998 -9.0870 1.8430 35.4494 3.0902 0.2413
