Pedestrian -1 -1 -0.7229 991.8546 72.7587 1223.0175 375.0000 1.7938 0.8663 0.6316 2.6481 1.3045 4.0082 -0.1725 0.2681
Pedestrian -1 -1 1.1520 413.5175 173.1137 429.1139 196.3373 1.8534 1.0787 0.5677 -15.2308 1.8749 58.1524 0.8967 0.2586
Pedestrian -1 -1 -2.5663 724.0603 185.3920 743.1999 219.2350 1.7820 0.7312 0.7387 6.6287 2.4673 38.8935 -2.3995 0.1817
Pedestrian -1 -1 1.2101 1184.2080 168.3508 1233.6519 232.2667 1.7613 0.8950 0.6567 16.8181 1.6376 20.3340 1.8936 0.1611
Pedestrian -1 -1 0.2738 950.6970 186.6172 964.9506 214.9916 1.7830 0.6870 0.6644 22.2790 2.6753 46.2783 0.7193 0.1514
Cyclist -1 -1 -3.6416 966.2133 76.3492 1242.0000 375.0000 1.7857 1.7378 0.5774 2.6565 1.3547 4.1027 -3.0996 0.2800
Cyclist -1 -1 3.0284 416.2260 174.6018 426.2056 196.6330 1.7463 1.7555 0.5848 -15.2736 1.8901 58.2618 2.7728 0.2256
Cyclist -1 -1 -0.0841 659.7220 183.3723 674.9867 224.3581 1.6563 1.6533 0.4982 2.3675 2.1121 30.4098 -0.0080 0.2237
Cyclist -1 -1 3.4254 188.6152 172.2909 210.2480 205.9015 1.8294 1.9249 0.5287 -22.9342 1.7991 40.2665 2.9103 0.2020
Cyclist -1 -1 1.9924 1159.6309 166.7166 1242.0000 232.4511 1.7706 1.9024 0.5989 16.7478 1.6057 20.4164 2.6719 0.1875
Cyclist -1 -1 0.1510 0.0000 176.3166 25.0680 222.1830 1.6782 1.8713 0.6478 -22.9327 1.8153 27.5138 -0.5392 0.1743
Cyclist -1 -1 -2.3960 229.7123 183.0520 262.6712 214.3311 1.7515 1.8887 0.5882 -21.2103 2.3599 42.0331 -2.8610 0.1697
Car -1 -1 1.6300 497.4605 179.3985 547.2986 220.4969 1.5694 1.8476 3.4526 -3.6109 1.8571 29.8959 1.5102 0.6876
Car -1 -1 3.4193 245.4749 179.4264 295.6223 207.4932 1.5863 4.1404 1.6876 -20.6470 2.0071 43.9753 2.9824 0.5766
Car -1 -1 -1.5958 588.4753 177.6054 628.8677 215.7569 1.5546 1.6708 3.8786 -0.1526 1.7776 31.8509 -1.6012 0.5634
Car -1 -1 1.2384 774.9411 188.3656 815.4990 210.4856 1.4871 1.7613 3.7297 13.5664 2.6716 53.1481 1.4864 0.1822
Car -1 -1 0.2318 296.3175 175.0814 331.4490 197.2810 1.6640 4.0255 1.6666 -23.2129 1.8457 56.6234 -0.1559 0.1648
Car -1 -1 -0.4875 696.4849 186.0578 746.6391 210.1608 1.5167 3.7991 1.8471 7.6188 2.4668 49.7972 -0.3372 0.1601
Car -1 -1 1.6677 540.4565 176.2904 579.7556 195.2394 1.6224 3.2745 1.7098 -4.3561 1.9271 63.0019 1.5986 0.1537
Car -1 -1 -2.0968 839.2330 189.6802 893.6274 214.8360 1.4883 1.7041 3.7406 16.7364 2.6396 47.3547 -1.7597 0.1446
