Pedestrian -1 -1 2.0489 1128.7604 173.4992 1239.4442 308.1124 1.6754 0.8925 0.7836 7.5316 1.6848 9.5537 2.7008 0.3432
Pedestrian -1 -1 -1.8952 657.8606 177.2072 667.4677 198.8210 1.6775 0.5773 0.6360 4.0995 2.0213 56.5314 -1.8236 0.3226
Pedestrian -1 -1 1.1261 563.2000 190.2168 575.0914 208.6503 1.6945 0.8531 0.8074 -3.8663 3.3431 67.9351 1.0689 0.3155
Pedestrian -1 -1 -0.1096 739.9896 178.9663 774.4401 249.5937 1.7272 0.8965 0.7517 3.6544 1.8858 18.2034 0.0844 0.2870
Pedestrian -1 -1 1.6332 540.3746 183.8690 552.4526 209.5958 1.6826 0.7609 0.6098 -4.2384 2.4172 47.7732 1.5446 0.2260
Pedestrian -1 -1 -1.1823 1162.4102 170.4473 1186.3214 213.5245 1.7274 0.5771 0.6171 22.9039 1.6313 29.3354 -0.5246 0.2174
Cyclist -1 -1 2.6320 652.8630 178.1444 671.3336 200.1467 1.6809 1.8069 0.6408 4.0482 2.1028 56.5347 2.7026 0.4135
Cyclist -1 -1 -0.4141 681.2841 166.4888 710.6944 211.4874 1.8483 1.9245 0.5012 3.5921 1.5872 30.6281 -0.2991 0.4103
Cyclist -1 -1 -3.4750 857.7924 165.9965 980.8158 337.3849 1.7472 1.8890 0.6785 3.4275 1.6776 8.3113 -3.0975 0.4060
Cyclist -1 -1 -0.9623 1089.1503 175.1662 1242.0000 318.0775 1.7135 1.7929 0.6995 7.4561 1.7478 9.6405 -0.3196 0.3301
Cyclist -1 -1 -0.2367 676.0191 183.0454 692.1129 218.8023 1.6917 1.7797 0.3764 3.6028 2.2072 35.5593 -0.1373 0.3148
Cyclist -1 -1 1.4522 641.3203 186.8269 673.2497 217.3313 1.7140 1.7583 0.6205 2.6615 2.5198 41.2271 1.5154 0.3109
Cyclist -1 -1 3.4933 0.0000 181.3299 143.1761 375.0000 1.6976 1.7930 0.7226 -4.7019 1.7806 6.0726 2.8552 0.3082
Cyclist -1 -1 -0.5538 744.6735 170.2350 813.4197 253.5834 1.7396 1.7961 0.6205 3.6652 1.6853 16.0070 -0.3337 0.2672
Cyclist -1 -1 -0.5466 817.7237 154.0925 921.8671 281.6611 1.7941 1.8254 0.6280 3.8866 1.5306 11.1039 -0.2191 0.2399
Cyclist -1 -1 -1.5100 374.1492 204.9677 450.7672 283.7897 1.8311 1.7755 0.7410 -4.8790 2.6455 17.7447 -1.7755 0.2395
Cyclist -1 -1 -0.8270 903.2517 135.0671 994.4786 221.3702 1.7450 1.6892 0.7758 7.1980 0.9813 15.5154 -0.4001 0.2342
Cyclist -1 -1 -0.6460 725.0684 181.5294 789.1422 252.5614 1.6980 1.8511 0.6022 3.6815 1.9318 18.4453 -0.4531 0.2251
Car -1 -1 0.3360 451.1849 192.7560 537.5175 244.5436 1.4771 3.2817 1.8174 -3.7607 2.1807 23.7192 0.1797 0.7618
Car -1 -1 3.3354 0.0000 178.4767 89.9227 375.0000 1.5497 3.6908 1.6854 -6.2044 1.6187 6.7885 2.6143 0.3352
Car -1 -1 0.0039 556.6089 182.0142 580.8800 205.9529 1.5920 3.7863 1.6628 -2.9618 2.2695 51.3979 -0.0539 0.3259
Car -1 -1 -0.0936 644.9316 189.0750 680.2510 216.3685 1.4723 3.5351 1.7567 3.0458 2.4759 42.8336 -0.0238 0.2640
Car -1 -1 3.0649 354.5724 190.8719 431.2700 259.1741 1.5215 3.6890 1.6609 -5.8876 2.0508 19.1565 2.7699 0.2330
Car -1 -1 -0.2508 692.8950 177.5781 766.3140 223.5583 1.5448 4.0356 1.7096 4.2941 1.7340 26.7567 -0.0941 0.2299
Car -1 -1 0.2259 562.6307 185.8735 594.2731 206.8060 1.5578 3.9410 1.7221 -2.5384 2.6496 58.3929 0.1821 0.2180
Car -1 -1 -0.4582 888.7106 178.5600 1221.6134 352.5358 1.5386 3.7805 1.6517 4.7007 1.6207 8.4222 0.0351 0.2113
