Pedestrian -1 -1 1.5701 297.4984 153.3831 385.3983 306.9316 1.8843 1.0317 0.7457 -3.4649 1.5532 9.1980 1.2228 0.8046
Pedestrian -1 -1 1.3785 54.4557 190.5302 99.5954 252.1917 1.7102 0.9235 0.7388 -15.2587 2.0095 20.3874 0.7449 0.4396
Pedestrian -1 -1 -1.6156 1128.0256 188.6050 1224.0000 370.0000 1.6807 0.6871 0.7189 4.3455 1.7494 5.3475 -0.9603 0.3253
Pedestrian -1 -1 2.8549 516.6072 164.7523 566.9699 263.4013 1.7370 0.8877 0.6983 -1.2151 1.4614 12.9858 2.7656 0.3116
Pedestrian -1 -1 2.4520 640.0039 162.7013 699.1282 262.0632 1.7522 0.8407 0.7102 1.1390 1.4400 13.0113 2.5390 0.2628
Pedestrian -1 -1 2.1675 833.1210 177.6001 876.9563 247.0816 1.7004 0.7084 0.8146 6.2672 1.6311 17.8262 2.5015 0.2526
Pedestrian -1 -1 1.1315 972.4963 185.3419 1129.9333 370.0000 1.6391 0.7756 0.6867 3.2724 1.6799 5.3314 1.6576 0.2447
Pedestrian -1 -1 2.9949 12.9596 174.6105 71.1126 262.9058 1.7168 0.8399 0.8158 -11.4535 1.6039 14.3277 2.3330 0.2389
Pedestrian -1 -1 -0.8376 993.8621 167.7515 1069.0770 275.9965 1.7659 0.8710 0.6706 7.2077 1.5596 12.0466 -0.3084 0.1860
Pedestrian -1 -1 -0.1763 254.9975 165.6553 306.3568 259.0609 1.7336 0.8681 0.7692 -6.3310 1.4597 13.6930 -0.5988 0.1859
Pedestrian -1 -1 -0.8158 735.9037 143.4341 798.5900 250.1680 1.7892 0.8500 0.6572 2.7910 1.1695 12.3835 -0.5976 0.1715
Pedestrian -1 -1 -2.0518 735.4590 163.0373 796.4945 254.8645 1.7990 1.0241 0.6356 3.2046 1.4585 14.2873 -1.8342 0.1614
Pedestrian -1 -1 0.9865 811.5074 167.9470 870.2000 257.2918 1.7150 0.9231 0.6000 4.6158 1.4757 13.9797 1.3003 0.1607
Cyclist -1 -1 0.0137 259.6898 162.8686 298.7007 260.5456 1.7738 1.8384 0.6504 -6.3813 1.4552 13.8074 -0.4087 0.2312
Cyclist -1 -1 1.4764 682.7684 161.0905 759.5760 231.7395 1.7613 1.8756 0.6362 2.9006 1.2790 17.9994 1.6352 0.2222
Cyclist -1 -1 -0.7736 0.0000 171.3814 89.2560 263.8875 1.8088 1.7931 0.6785 -11.5496 1.6321 14.2721 -1.4414 0.2215
Cyclist -1 -1 1.0628 1037.2198 202.3912 1224.0000 370.0000 1.7201 1.7478 0.6260 5.0763 1.9396 6.6090 1.6961 0.2150
Cyclist -1 -1 1.7723 630.1602 162.9121 738.2966 260.1015 1.7120 1.8861 0.7044 1.4256 1.4039 13.0726 1.8801 0.1989
Cyclist -1 -1 -1.6176 556.4288 148.3585 632.2520 221.8622 1.8103 1.8757 0.6332 -0.3178 1.0203 17.7834 -1.6331 0.1824
Cyclist -1 -1 -0.0740 521.0989 162.2748 560.8634 266.3064 1.7784 1.7897 0.5944 -1.2457 1.4685 13.0136 -0.1654 0.1671
Cyclist -1 -1 3.3764 341.4804 182.9148 417.0126 302.7999 1.6919 1.9355 0.6730 -3.5073 1.7345 11.0004 3.0776 0.1558
Car -1 -1 0.1001 42.7853 187.3117 112.3793 233.1022 1.5219 3.6605 1.6742 -19.3943 1.7941 26.0913 -0.5317 0.2384
Car -1 -1 -2.2937 1146.0216 184.9733 1224.0000 370.0000 1.5487 1.6742 3.8938 6.5211 1.5994 5.7304 -1.4696 0.2236
Car -1 -1 -0.6054 559.8864 172.9033 607.2916 194.8918 1.5474 3.6776 1.6714 -1.5929 1.0141 51.7292 -0.6343 0.1748
