Pedestrian -1 -1 -1.4129 916.5189 168.2139 929.7802 196.1650 1.7790 0.6997 0.5863 20.0883 1.4840 46.3548 -1.0066 0.1770
Pedestrian -1 -1 -2.3377 621.7661 174.3945 637.6895 198.4188 1.7945 1.0696 0.6254 1.4667 1.9126 54.5606 -2.3114 0.1732
Cyclist -1 -1 -0.2139 623.3383 176.9729 635.2583 199.4998 1.6630 1.6790 0.5528 1.4237 1.9792 54.4583 -0.1883 0.6374
Cyclist -1 -1 -0.1591 191.6558 181.9436 204.4404 203.6684 1.7471 1.8598 0.6340 -34.1254 2.5114 59.7191 -0.6766 0.3473
Cyclist -1 -1 -0.3790 859.0363 172.9675 876.3811 196.0265 1.7033 1.7320 0.6255 19.3156 1.7123 54.1809 -0.0387 0.2746
Cyclist -1 -1 3.6651 114.1243 184.3745 143.6080 217.0623 1.7684 1.8337 0.5334 -27.1037 2.4322 40.6196 3.0795 0.2071
Car -1 -1 -3.0713 576.0612 178.4404 607.5320 204.4164 1.5563 3.8997 1.7420 -1.1524 1.9287 46.0685 -3.0966 0.5207
Car -1 -1 -0.3081 639.0796 177.8835 669.7488 196.1616 1.5973 3.9503 1.6892 4.0283 2.0749 66.3425 -0.2482 0.4442
Car -1 -1 -3.3098 916.0579 164.9246 1055.2174 262.8390 1.5882 3.9662 1.6381 6.9467 1.4599 13.8347 -2.8536 0.2286
Car -1 -1 3.0100 650.0483 177.4783 675.8576 197.0748 1.5428 3.6949 1.6474 4.3180 1.9373 59.5907 3.0816 0.2125
Car -1 -1 2.4320 896.9261 175.0561 940.4578 193.0618 1.5236 3.4198 1.6911 27.0621 1.7232 63.3984 2.8334 0.2083
Car -1 -1 -0.3136 659.8712 171.1823 699.8126 194.7205 1.6412 4.1616 1.6819 5.0052 1.5250 52.5210 -0.2195 0.1979
Car -1 -1 -2.3853 864.0994 168.0845 921.7637 191.2641 1.7102 4.0132 1.8379 21.5128 1.3587 54.9236 -2.0141 0.1805
Car -1 -1 -1.5814 865.8366 168.7904 906.9124 185.6382 1.5415 3.5418 1.7022 25.7792 1.1701 67.4259 -1.2179 0.1724
