Pedestrian -1 -1 -3.2384 709.5867 140.6627 731.2856 205.7819 1.8258 0.6856 0.5447 3.0983 0.9236 20.5839 -3.0915 0.2985
Pedestrian -1 -1 3.5420 63.2956 145.3183 102.9491 215.5797 1.9010 0.7456 0.6444 -14.6092 1.1564 19.9550 2.9163 0.2880
Pedestrian -1 -1 1.5138 962.0926 166.8119 1028.8608 282.7798 1.7045 0.8582 0.6420 5.8408 1.6161 11.0699 1.9875 0.2411
Pedestrian -1 -1 1.1931 809.2964 185.7465 832.9839 223.5560 1.7855 0.8713 0.7707 10.1362 2.4151 34.7872 1.4736 0.2392
Cyclist -1 -1 -0.3754 959.3546 149.1705 1027.5708 251.5983 1.8197 1.7418 0.5206 7.1931 1.3993 13.7082 0.0985 0.3412
Cyclist -1 -1 -0.5966 750.6638 177.4835 773.9507 203.5644 1.6941 1.7355 0.6540 10.1168 2.0092 48.1206 -0.3911 0.2794
Cyclist -1 -1 3.2402 328.2948 173.9498 338.3683 196.2857 1.8918 2.0075 0.6164 -23.8895 1.9883 62.2622 2.8750 0.2618
Cyclist -1 -1 3.7630 2.2234 200.6988 123.6296 332.3394 1.6174 1.7171 0.4166 -7.6321 2.0404 10.0881 3.1277 0.2330
Car -1 -1 3.5965 0.0000 197.2721 190.4967 319.3285 1.4691 3.7573 1.6409 -8.3753 1.9248 11.4652 2.9764 0.6763
Car -1 -1 1.7387 252.2936 190.3035 344.5324 257.1729 1.5798 1.7098 4.0298 -8.6887 2.1240 20.3271 1.3390 0.6674
Car -1 -1 -1.4173 565.6029 181.8019 615.7642 219.9379 1.5174 1.6513 3.6732 -0.8252 1.9328 31.5371 -1.4439 0.6549
Car -1 -1 1.6808 377.1351 184.1364 427.4802 223.4695 1.5391 1.7119 3.4777 -8.9443 2.0557 31.1538 1.4030 0.6422
Car -1 -1 2.9698 649.1520 180.9798 680.0838 201.6001 1.5521 3.8238 1.8383 4.3176 2.2267 57.8729 3.0434 0.2703
Car -1 -1 -0.3312 654.9147 177.1989 692.2642 199.8223 1.5866 3.5844 1.6647 4.6292 1.9195 53.2846 -0.2454 0.2686
Car -1 -1 3.2905 458.9845 185.9843 498.5720 214.4663 1.5043 3.7075 1.7198 -7.5701 2.2980 41.7166 3.1116 0.2679
Car -1 -1 -0.3064 669.2436 176.3027 714.2177 203.0022 1.6089 4.1241 1.6849 5.1472 1.8407 46.2281 -0.1967 0.2436
Car -1 -1 -0.2047 744.7673 174.4298 780.4002 197.5231 1.5269 3.5248 1.7095 10.4392 1.6397 49.7075 0.0007 0.2425
Car -1 -1 2.8131 478.1336 190.0483 521.9885 215.5235 1.4982 3.3595 1.8297 -7.2139 2.6624 46.9253 2.6608 0.2308
