Pedestrian -1 -1 2.5543 853.7190 164.1537 881.1115 213.0133 1.7815 0.7937 0.6190 9.5008 1.4646 26.7665 2.8915 0.3150
Pedestrian -1 -1 1.9088 863.6007 175.5833 882.6241 209.5145 1.7448 0.7688 0.6305 13.6993 1.8895 37.6662 2.2546 0.2802
Pedestrian -1 -1 0.0791 5.7502 144.4585 56.9874 250.4600 1.8189 0.8125 0.6466 -10.3771 1.3320 12.8953 -0.5885 0.2800
Pedestrian -1 -1 -2.4678 980.8650 167.3601 1004.9975 204.9673 1.7889 0.9222 0.5803 18.4147 1.5279 34.7705 -1.9846 0.2757
Pedestrian -1 -1 1.6494 0.0000 216.9000 44.7608 311.1751 1.7744 0.8178 0.7529 -12.0587 2.7008 14.6259 0.9687 0.2417
Pedestrian -1 -1 -0.1559 833.7120 168.0605 861.9485 231.2478 1.8156 0.8397 0.6598 6.9313 1.6782 21.1957 0.1553 0.2364
Pedestrian -1 -1 2.4375 1051.6913 163.2209 1076.9087 203.4950 1.8481 0.6217 0.7707 21.0326 1.4064 33.4716 2.9942 0.2195
Pedestrian -1 -1 1.6991 462.7209 167.5716 481.5159 198.6178 1.8681 1.0553 0.5672 -8.3859 1.5506 43.7288 1.5104 0.1995
Pedestrian -1 -1 2.0813 1090.0450 121.6074 1141.4174 211.9833 1.9315 0.7207 0.6117 11.0732 0.8366 15.8766 2.6816 0.1953
Pedestrian -1 -1 2.5708 926.0168 149.4250 971.7719 226.3959 1.8040 0.8481 0.6359 8.0999 1.2552 17.3728 3.0002 0.1947
Cyclist -1 -1 0.3017 0.0000 186.4199 41.3622 262.1570 1.5612 1.6047 0.5080 -13.2670 1.8784 16.0102 -0.3822 0.2778
Cyclist -1 -1 2.1399 1007.7175 159.7617 1046.2490 193.1406 1.8392 1.8830 0.5441 23.4768 1.1181 40.7141 2.6596 0.2749
Cyclist -1 -1 -2.8432 395.3570 178.7184 418.3075 214.5952 1.7378 1.7439 0.6203 -10.1939 2.0389 36.1150 -3.1168 0.2370
Cyclist -1 -1 -0.6734 897.8002 173.6950 957.0231 232.2019 1.7416 1.8427 0.6791 9.8126 1.7693 22.4825 -0.2673 0.2292
Cyclist -1 -1 0.2506 445.7504 178.1925 465.3151 210.1598 1.7547 1.9148 0.6298 -8.7777 2.0648 40.8961 0.0400 0.2278
Cyclist -1 -1 -0.7415 106.2223 200.2051 199.8387 289.3357 1.8160 1.7454 0.7329 -9.9518 2.4316 15.6437 -1.3008 0.2273
Cyclist -1 -1 -1.8827 989.7685 162.4600 1022.1141 189.6080 1.7955 1.7851 0.6337 26.4068 1.1084 48.1942 -1.3842 0.2233
Cyclist -1 -1 -0.6945 1019.4415 170.4782 1049.3406 198.8756 1.6271 1.7375 0.5097 24.7937 1.4913 42.2373 -0.1670 0.2198
Cyclist -1 -1 1.2405 853.3901 186.2470 998.0558 303.2948 1.7186 1.9064 0.7316 4.7690 1.9332 11.1151 1.6349 0.2197
Cyclist -1 -1 -1.1669 367.2065 192.5042 412.1105 236.7501 1.8840 1.7400 0.7106 -9.6725 2.7562 31.5647 -1.4625 0.2174
Cyclist -1 -1 2.6596 814.7255 173.9513 838.7755 203.7655 1.7893 1.8607 0.6182 13.2752 1.8586 44.3454 2.9482 0.2034
Cyclist -1 -1 -0.2003 831.5908 169.7282 864.0229 234.1295 1.8118 1.7682 0.5512 6.9223 1.7242 21.2048 0.1105 0.2026
Cyclist -1 -1 -0.6601 975.7057 169.4083 1011.6208 205.8619 1.7089 1.7619 0.5572 18.4140 1.5477 34.7385 -0.1766 0.1950
Cyclist -1 -1 2.6468 777.9428 162.6510 808.2645 201.6968 1.7719 1.8270 0.5667 8.4953 1.3092 33.6958 2.8913 0.1937
Cyclist -1 -1 -0.0469 369.1759 175.8113 377.7052 197.6563 1.7744 1.7963 0.5885 -19.6359 2.0237 59.8051 -0.3631 0.1916
Cyclist -1 -1 -0.4963 752.0838 179.3094 779.6699 214.2108 1.7596 1.8428 0.5980 8.0933 2.1060 37.7016 -0.2871 0.1896
Car -1 -1 1.6574 503.4454 183.5928 554.4664 225.5639 1.5134 1.7045 3.8939 -3.2288 1.9745 28.9873 1.5468 0.7058
Car -1 -1 -3.2042 680.7129 177.8696 709.4175 202.3074 1.5306 3.9975 1.6395 5.5958 1.8793 48.0647 -3.0895 0.3066
Car -1 -1 -0.7856 757.7248 181.2756 814.5100 204.4722 1.4843 3.6823 1.6756 12.0411 2.0874 49.6324 -0.5495 0.2503
Car -1 -1 -1.2271 1115.1987 167.7879 1242.0000 208.3405 1.5140 3.9166 1.6760 22.8922 1.3252 29.0379 -0.5647 0.2468
Car -1 -1 -3.3230 945.6310 169.0706 1057.2817 244.1729 1.5741 4.0218 1.5854 9.1577 1.4951 17.2751 -2.8431 0.2408
Car -1 -1 -0.4952 709.3129 175.9963 755.3412 198.7664 1.5850 3.9477 1.6422 8.8983 1.8253 52.9465 -0.3300 0.2129
Car -1 -1 -0.6221 675.6276 177.4537 718.9175 196.8069 1.5316 3.7072 1.7413 7.2123 1.9283 60.1154 -0.5037 0.2072
Car -1 -1 -1.2167 458.7758 173.4750 509.3825 193.2937 1.5898 3.7272 1.7011 -10.3250 1.6421 59.1248 -1.3891 0.1960
Car -1 -1 0.0317 696.6213 184.1237 733.2740 218.2477 1.4840 3.5374 1.6317 5.0208 2.0527 34.5031 0.1743 0.1936
Car -1 -1 -0.1117 812.4951 175.7038 841.6572 197.0661 1.5284 3.5358 1.6948 16.1858 1.7495 54.0134 0.1775 0.1867
