Pedestrian -1 -1 -1.4582 209.0627 190.7173 233.9829 238.2424 1.7877 0.7590 0.8809 -15.1643 2.4974 28.1009 -1.9494 0.3028
Cyclist -1 -1 0.0479 208.8958 192.1563 229.8644 240.4191 1.7781 1.5290 0.6419 -15.2289 2.5516 28.0708 -0.4456 0.2744
Car -1 -1 -3.2788 1068.0278 162.6487 1205.1598 248.2697 1.5132 3.5380 1.7242 10.5049 1.3332 14.7169 -2.6686 0.5152
Car -1 -1 -1.2949 733.7595 180.7923 914.0622 299.5195 1.5346 1.7595 4.2379 3.6370 1.6906 11.8866 -1.0060 0.5013
Car -1 -1 -1.5284 33.4169 193.6290 112.8830 251.5231 1.5020 1.7836 3.7735 -16.4980 2.2028 22.2615 -2.1607 0.4964
Car -1 -1 -1.9258 571.5875 165.4823 781.1206 254.2701 1.5419 3.6185 1.7644 1.1716 1.4142 13.8655 -1.8443 0.4630
Car -1 -1 -1.9039 417.2765 181.0790 564.7943 252.0334 1.5349 2.9877 2.2918 -3.0019 1.7570 17.7264 -2.0700 0.4353
Car -1 -1 -0.0154 247.9253 184.0283 301.1389 230.2171 1.5409 3.7912 1.7023 -12.6841 1.9939 27.1505 -0.4490 0.4207
Car -1 -1 -2.9707 476.2638 166.3434 524.2563 202.2225 1.6203 3.8522 1.6366 -5.2268 1.3267 34.5260 -3.1202 0.3049
Car -1 -1 0.1518 326.0832 187.6682 465.7312 241.1898 1.4424 1.5114 3.7046 -6.1781 1.8940 20.9838 -0.1317 0.2883
