Pedestrian -1 -1 2.3279 673.2457 173.6524 688.6350 199.6707 1.7124 0.7852 0.6531 4.6908 1.7664 48.0266 2.4242 0.1643
Pedestrian -1 -1 -0.5515 765.4400 151.4754 816.6874 249.3960 1.7978 0.7576 0.6386 3.3788 1.4057 13.7040 -0.3156 0.1564
Pedestrian -1 -1 0.3629 319.5603 173.5549 361.6692 250.6295 1.7282 0.8472 0.6488 -6.2398 1.7451 16.6101 0.0083 0.1559
Cyclist -1 -1 0.2040 502.1981 185.1846 513.6434 215.1795 1.6806 1.6593 0.3312 -5.9633 2.4122 41.9519 0.0631 0.2398
Cyclist -1 -1 -2.4397 464.9451 173.5845 498.1614 212.6133 1.6272 1.6983 0.4016 -5.5358 1.6597 30.9458 -2.6157 0.2090
Cyclist -1 -1 -0.4493 692.2223 164.4722 731.8516 218.9778 1.7673 1.8723 0.5597 3.3795 1.4959 24.3691 -0.3137 0.1964
Cyclist -1 -1 -1.5320 666.1916 173.3286 694.5605 199.3364 1.7175 1.8575 0.8013 4.6750 1.7499 48.1855 -1.4364 0.1954
Cyclist -1 -1 3.1383 462.9742 175.3403 477.6901 220.3427 1.7248 1.8276 0.5570 -5.6031 1.8274 28.7077 2.9468 0.1692
Cyclist -1 -1 2.6329 687.5352 162.4718 718.0054 202.1511 1.7771 1.7915 0.5903 4.2212 1.3125 33.2542 2.7576 0.1663
Cyclist -1 -1 -0.6624 636.2131 172.4247 654.2582 191.7223 1.8060 1.9551 0.6431 3.3199 1.7662 68.5066 -0.6146 0.1495
Cyclist -1 -1 -0.2241 685.7302 175.0910 706.0992 210.3866 1.7502 1.9318 0.6143 4.3431 1.8680 36.8955 -0.1084 0.1366
Car -1 -1 1.6667 512.4744 181.5718 565.1287 222.8013 1.5186 1.7639 3.9035 -2.8673 1.8972 29.3518 1.5696 0.6898
Car -1 -1 2.8872 550.5740 176.2775 581.2952 196.1709 1.5802 3.4516 1.7270 -3.7093 1.8737 59.8759 2.8252 0.6718
Car -1 -1 0.0683 412.6280 169.7063 446.0661 198.1110 1.6004 3.6920 1.6650 -10.6585 1.4234 42.6146 -0.1756 0.2323
Car -1 -1 -0.2290 664.8962 175.1878 702.4257 198.8616 1.5630 4.1245 1.6945 5.0470 1.7327 50.2136 -0.1299 0.2056
Car -1 -1 -1.8198 445.5071 165.9375 503.5834 187.8239 1.6512 4.0944 1.9300 -10.5712 1.1297 56.1686 -2.0052 0.1697
Car -1 -1 -1.6307 660.5198 167.1645 705.8150 187.9678 1.6654 3.5605 1.8724 5.9038 1.2103 58.7648 -1.5314 0.1572
Car -1 -1 3.0541 497.8976 174.5856 524.2988 195.8921 1.5452 3.7753 1.6542 -7.5521 1.6817 54.6798 2.9172 0.1532
