Pedestrian -1 -1 -0.5811 891.3954 153.8331 945.8331 243.5473 1.7849 0.8389 0.6750 6.2793 1.4068 14.8277 -0.1882 0.2164
Pedestrian -1 -1 1.6110 1216.4941 137.3475 1242.0000 209.5298 1.9093 0.6031 0.6439 16.7773 0.9705 19.5241 2.3133 0.1859
Cyclist -1 -1 0.2224 15.7144 189.6758 37.5936 229.5608 1.6497 1.7539 0.3586 -25.4474 2.4033 31.4390 -0.4540 0.3534
Cyclist -1 -1 -0.5206 881.5296 153.5111 955.4618 246.2254 1.7897 1.7942 0.5644 6.2566 1.4167 14.8518 -0.1296 0.2474
Cyclist -1 -1 0.6202 19.2053 172.8484 68.0462 221.6667 1.8328 1.7976 0.5433 -21.9886 1.8329 27.9946 -0.0412 0.2171
Cyclist -1 -1 -2.5851 403.9962 174.7569 452.9362 223.9990 1.6939 1.8488 0.8564 -6.5372 1.7652 25.9065 -2.8304 0.1540
Cyclist -1 -1 -0.3533 683.1745 171.8074 705.9166 200.7218 1.6581 1.8440 0.7285 4.9167 1.5985 42.3566 -0.2390 0.1462
Cyclist -1 -1 0.2320 0.0000 176.1162 22.4679 216.5491 1.7559 1.8631 0.5965 -27.1099 1.9073 32.4546 -0.4600 0.1357
Car -1 -1 -1.5871 578.8832 173.0750 608.1563 200.0569 1.5544 1.6889 3.5137 -1.0565 1.5686 43.3844 -1.6117 0.4818
Car -1 -1 3.1753 504.1602 178.8521 525.9669 198.0936 1.5147 3.7858 1.6724 -7.8869 2.0301 59.9887 3.0447 0.3762
Car -1 -1 1.6582 501.8960 179.0019 563.9944 203.4944 1.5258 3.8270 1.7176 -4.9369 1.9282 46.2905 1.5521 0.2612
Car -1 -1 3.3756 313.3523 183.2897 347.3742 203.1180 1.5089 4.0220 1.7153 -22.9307 2.3965 59.2317 3.0074 0.1962
Car -1 -1 0.5665 0.0000 187.2345 73.0860 225.5965 1.5398 3.6901 1.6593 -26.1502 2.2228 32.3258 -0.1098 0.1651
Car -1 -1 2.7331 486.6677 181.0776 527.8907 203.3306 1.5052 3.6581 1.6335 -7.5001 2.1238 52.2568 2.5908 0.1622
Car -1 -1 3.2842 349.1452 185.9804 386.1771 211.8786 1.4569 3.6007 1.6646 -14.9149 2.3010 44.4540 2.9619 0.1580
Car -1 -1 3.2449 172.1237 191.4648 238.6299 238.4434 1.4816 3.9129 1.7252 -14.8549 2.2229 26.5849 2.7393 0.1551
