Pedestrian -1 -1 -0.4171 652.0254 142.7299 686.4846 219.8147 1.8555 0.7359 0.5987 1.4081 1.1307 17.8117 -0.3401 0.2866
Pedestrian -1 -1 3.4995 150.9636 155.6995 233.8913 299.8173 1.7302 0.8250 0.6551 -5.3064 1.5246 9.1181 2.9846 0.1853
Pedestrian -1 -1 1.8193 158.8767 174.0700 238.5782 301.8549 1.6701 0.8066 0.6546 -5.6500 1.6878 9.8558 1.3099 0.1535
Pedestrian -1 -1 0.7946 0.0000 170.3016 106.5492 371.2585 1.7129 0.8235 0.7128 -5.3249 1.6915 6.6035 0.1353 0.1490
Pedestrian -1 -1 1.7596 198.0258 163.4263 265.8178 282.0819 1.7577 0.8116 0.6689 -5.8615 1.6184 11.1214 1.2839 0.1412
Pedestrian -1 -1 0.6045 248.3266 164.1056 303.9115 259.4192 1.7172 0.7014 0.6536 -6.2422 1.5600 13.3995 0.1756 0.1359
Cyclist -1 -1 -3.5362 986.4949 117.1360 1176.2816 375.0000 1.8083 1.7822 0.5748 3.6176 1.4313 5.8065 -3.0022 0.2256
Cyclist -1 -1 -2.0233 990.1728 203.7310 1103.4692 302.7404 1.8242 1.7536 0.6857 8.3668 2.4393 13.9553 -1.4939 0.1998
Cyclist -1 -1 3.5223 0.0000 151.7252 107.9840 360.5690 1.7241 1.8568 0.5764 -5.5736 1.5500 6.9257 2.8631 0.1980
Cyclist -1 -1 -0.1509 542.9921 177.8031 557.8436 207.0164 1.7533 1.9160 0.6324 -3.7285 2.0668 44.6480 -0.2342 0.1639
Cyclist -1 -1 -0.3944 519.0322 183.7059 536.6954 208.9822 1.7438 1.7257 0.6359 -5.8944 2.5319 51.4637 -0.5084 0.1502
Cyclist -1 -1 0.0768 299.8232 172.9710 336.4294 253.3280 1.6333 1.6645 0.6003 -6.3191 1.6363 15.5496 -0.3037 0.1499
Car -1 -1 1.5799 430.1468 180.9977 491.0883 240.2697 1.6139 1.6868 3.9863 -4.6469 1.8904 22.3442 1.3766 0.6669
Car -1 -1 -1.3531 485.1054 179.4716 544.1044 202.5781 1.6231 3.9483 1.8100 -6.9220 2.1136 52.3684 -1.4843 0.5316
Car -1 -1 -0.4223 541.5451 179.1255 593.1900 206.9979 1.5686 3.7774 1.7112 -2.6555 1.9660 43.6055 -0.4832 0.3619
Car -1 -1 1.0638 1018.6060 161.5605 1242.0000 375.0000 1.5698 1.6498 3.7704 4.0496 1.5317 4.4604 1.7680 0.1857
Car -1 -1 -0.2736 527.1918 189.3078 579.1535 220.5843 1.4926 3.9046 1.7893 -3.1489 2.4272 38.8251 -0.3546 0.1825
Car -1 -1 -0.4013 715.1432 177.2590 862.3051 258.0614 1.5288 4.0440 1.6647 3.7306 1.6400 16.0192 -0.1774 0.1514
