Pedestrian -1 -1 -0.7547 969.8636 73.1084 1191.9354 375.0000 1.8613 0.8551 0.7078 2.6942 1.3364 4.2927 -0.2251 0.3932
Cyclist -1 -1 -2.8055 413.7538 177.3951 435.8244 210.5444 1.7879 1.9320 0.5859 -10.3334 2.0473 40.1719 -3.0561 0.3662
Car -1 -1 1.7685 308.5060 196.4926 443.9098 300.4527 1.4262 1.5550 3.3570 -3.9200 1.8915 12.4406 1.4684 0.7674
Car -1 -1 -1.6113 655.8494 181.2740 704.2925 224.9815 1.4916 1.6490 3.8938 2.5487 1.8346 27.3723 -1.5201 0.7245
Car -1 -1 2.0528 0.0000 206.0264 335.7289 375.0000 1.5065 1.7785 3.7349 -3.6742 1.8544 5.6275 1.4950 0.7202
Car -1 -1 -3.4877 820.6159 172.0158 995.1102 232.0081 1.6160 1.7927 4.1970 8.2575 1.5937 20.3976 -3.1087 0.6051
Car -1 -1 0.9164 416.3421 183.0429 500.8897 222.0284 1.5577 2.7471 2.3721 -6.6533 2.0298 31.5902 0.7100 0.5648
Car -1 -1 1.2983 756.6325 170.8061 853.4440 213.9325 1.6960 3.4197 1.8525 7.8248 1.6158 29.3234 1.5561 0.5094
Car -1 -1 -3.4412 793.7036 167.9451 930.4244 225.0216 1.7706 1.6080 3.8494 7.9916 1.6187 23.2362 -3.1145 0.5083
Car -1 -1 1.8650 476.6360 184.1483 523.2036 212.3116 1.5392 1.7581 3.6342 -6.5247 2.2412 42.8976 1.7145 0.3995
Car -1 -1 -1.2261 347.1070 184.9588 444.5835 241.0935 1.5014 1.6487 3.8351 -6.4830 1.9056 22.1079 -1.5087 0.3725
Car -1 -1 3.0891 412.2661 186.3086 460.9211 230.9070 1.5422 3.6296 1.6478 -6.8506 2.1037 28.1138 2.8516 0.3412
