Pedestrian -1 -1 -0.7594 684.8586 181.4184 697.0220 203.7430 1.6931 0.6282 0.6863 6.2028 2.3580 55.5264 -0.6493 0.3098
Pedestrian -1 -1 3.0345 50.4516 157.2242 70.5745 202.8375 1.9225 0.6696 0.6187 -23.5480 1.2641 30.8640 2.3868 0.2704
Pedestrian -1 -1 -0.8293 671.1800 172.8806 683.4384 193.0874 1.8447 0.8742 0.7091 6.1773 1.8475 66.4304 -0.7374 0.2599
Cyclist -1 -1 3.4074 165.1537 183.7187 186.4465 220.5222 1.6047 1.7007 0.3944 -19.7940 2.1129 32.8455 2.8684 0.3034
Cyclist -1 -1 -0.3978 682.4813 180.8369 699.4297 204.1508 1.7433 1.8749 0.6164 6.2045 2.3699 55.6122 -0.2878 0.2942
Cyclist -1 -1 0.2762 0.0000 174.2354 38.9465 228.4051 1.7477 1.9351 0.5316 -19.9444 1.7965 24.3208 -0.4054 0.2237
Car -1 -1 2.1428 0.0000 190.6790 120.7977 254.6281 1.5795 1.7509 3.8937 -16.3290 2.1473 20.9544 1.4869 0.6143
Car -1 -1 3.4019 189.1349 179.2807 246.9208 212.7455 1.6517 4.0896 1.7141 -20.9397 2.0157 38.6374 2.9079 0.5803
Car -1 -1 -1.4187 357.0821 184.5447 396.3138 212.7940 1.5385 1.6604 3.8175 -13.8762 2.2679 42.9779 -1.7296 0.5259
Car -1 -1 3.2727 426.3513 183.6124 453.6990 203.9592 1.5361 3.7716 1.6794 -13.7696 2.4381 58.5043 3.0421 0.4639
Car -1 -1 -3.4579 820.3267 181.5251 904.9518 228.1275 1.4883 4.0891 1.6366 8.8905 1.8242 25.8583 -3.1309 0.3650
Car -1 -1 -0.2373 308.0474 185.0154 354.0013 212.9340 1.5486 3.8615 1.7503 -17.0511 2.3245 43.9228 -0.6059 0.3049
