Pedestrian -1 -1 1.7150 199.6454 162.1971 324.3128 335.0280 1.7873 1.1400 0.7345 -3.8021 1.5997 7.8221 1.2799 0.7768
Pedestrian -1 -1 -1.4001 1115.1869 188.4073 1224.0000 370.0000 1.6582 0.7189 0.7016 4.3288 1.7254 5.3476 -0.7467 0.4174
Pedestrian -1 -1 1.4762 57.4769 189.5365 100.2722 251.0319 1.7081 0.9285 0.7595 -15.2173 1.9781 20.4006 0.8442 0.3997
Pedestrian -1 -1 2.9599 261.1402 164.3396 308.7735 257.5122 1.7299 0.8421 0.7035 -6.2369 1.4315 13.6683 2.5424 0.3593
Pedestrian -1 -1 2.4837 831.4111 171.4022 876.6377 240.2161 1.6851 0.8139 0.7271 6.2287 1.4639 17.8105 2.8162 0.3453
Pedestrian -1 -1 2.6409 640.3325 161.1649 695.7119 260.2838 1.7485 0.8543 0.6861 1.1055 1.4091 12.9972 2.7255 0.2947
Pedestrian -1 -1 2.9868 14.4019 173.5450 71.1242 262.3347 1.7273 0.8370 0.7875 -11.4355 1.5936 14.3233 2.3255 0.2877
Pedestrian -1 -1 1.1377 972.8725 186.9476 1129.8473 370.0000 1.6443 0.7678 0.7000 3.2745 1.6982 5.3343 1.6639 0.2286
Pedestrian -1 -1 2.8288 516.9610 164.3007 567.1284 262.6167 1.7335 0.8704 0.6834 -1.2106 1.4495 12.9957 2.7400 0.2213
Pedestrian -1 -1 2.1474 1157.6545 140.5428 1224.0000 250.6537 1.8080 0.8532 0.6418 10.1009 1.1535 12.1087 2.8314 0.2113
Pedestrian -1 -1 0.9837 811.6702 167.5823 871.4661 257.6603 1.7276 0.9407 0.6099 4.6283 1.4815 13.9756 1.2984 0.1709
Pedestrian -1 -1 -0.8614 993.0452 163.0605 1069.6272 272.1500 1.7757 0.8868 0.6791 7.1975 1.4935 12.0337 -0.3324 0.1664
Pedestrian -1 -1 1.3177 556.8018 157.4255 612.2887 248.4943 1.8428 1.0421 0.5839 -0.4728 1.3775 14.7277 1.2881 0.1616
Pedestrian -1 -1 1.3351 77.6325 200.5989 112.4636 259.6996 1.7641 0.7417 0.6830 -15.8624 2.4039 21.9458 0.7174 0.1577
Pedestrian -1 -1 -0.6811 737.6545 160.1340 793.1320 251.7910 1.7823 0.8630 0.7057 3.1914 1.3879 14.2873 -0.4643 0.1570
Pedestrian -1 -1 1.3545 291.4302 189.6878 326.4808 261.1777 1.8252 0.7272 0.6796 -7.8525 2.0757 18.6585 0.9636 0.1533
Cyclist -1 -1 1.7153 630.8887 161.8374 736.2655 257.4527 1.6899 1.8568 0.6855 1.4154 1.3617 13.0545 1.8225 0.2302
Cyclist -1 -1 -0.3965 856.0457 172.7389 942.6323 294.8182 1.6232 1.7570 0.4961 4.1807 1.5217 10.2793 -0.0192 0.2081
Cyclist -1 -1 0.7484 1086.0186 188.9776 1224.0000 370.0000 1.6373 1.7741 0.6299 5.4241 1.7223 6.5065 1.4211 0.2025
Cyclist -1 -1 -1.6434 552.0331 144.5096 629.1627 218.1499 1.8103 1.8977 0.6475 -0.4125 0.9272 17.7874 -1.6641 0.1954
Cyclist -1 -1 1.8698 245.8693 173.5900 388.6543 283.9790 1.7094 1.9951 0.7708 -4.6423 1.6041 11.4044 1.4945 0.1843
Cyclist -1 -1 -0.7172 0.0000 170.8583 95.0177 261.2466 1.7721 1.8180 0.6113 -11.4235 1.5847 14.3314 -1.3776 0.1824
Cyclist -1 -1 1.4561 680.6160 162.9615 758.0720 232.9174 1.7480 1.8856 0.6447 2.8587 1.3113 18.0232 1.6124 0.1766
Cyclist -1 -1 -0.5062 874.1486 160.7837 966.1206 273.5151 1.7710 1.8253 0.6001 5.2672 1.4629 12.0413 -0.1018 0.1749
Cyclist -1 -1 0.1339 260.8766 163.3045 306.1717 254.7773 1.6628 1.6736 0.5697 -6.2595 1.3518 13.7305 -0.2833 0.1563
Cyclist -1 -1 -0.9895 1123.3271 142.9221 1224.0000 252.2490 1.7562 1.7636 0.5531 10.0478 1.1542 12.2767 -0.3146 0.1545
Car -1 -1 -2.2991 1145.5229 184.6199 1224.0000 370.0000 1.5483 1.6716 3.8943 6.5235 1.5952 5.7316 -1.4749 0.2321
Car -1 -1 0.3382 25.1106 184.5656 122.7864 230.9570 1.5443 3.8290 1.6661 -19.3921 1.7071 25.9691 -0.2957 0.2150
Car -1 -1 1.0442 919.9308 201.8150 1107.0679 268.0391 1.5536 3.7987 1.6927 10.2687 2.1250 18.0201 1.5558 0.2016
Car -1 -1 0.1541 531.0256 161.6608 614.7606 227.8807 1.6424 4.1678 1.6907 -0.8128 1.1767 19.6986 0.1154 0.1657
