Pedestrian -1 -1 1.8081 39.5750 164.2799 178.8678 344.3716 1.7972 1.0895 0.6472 -5.2948 1.6370 7.5430 1.2173 0.7862
Pedestrian -1 -1 2.3002 832.0751 175.3692 877.2676 244.0501 1.6831 0.7570 0.7670 6.2591 1.5589 17.8390 2.6337 0.4434
Pedestrian -1 -1 -1.6295 1124.8359 191.9583 1224.0000 370.0000 1.6788 0.7144 0.7446 4.3538 1.7757 5.3623 -0.9745 0.3961
Pedestrian -1 -1 1.4050 55.5291 188.5420 100.1948 249.9782 1.7085 0.9312 0.7239 -15.2424 1.9488 20.3975 0.7723 0.3765
Pedestrian -1 -1 3.0134 12.4712 173.3672 70.8684 263.1939 1.7441 0.8804 0.8282 -11.4617 1.6073 14.3276 2.3512 0.3138
Pedestrian -1 -1 2.8723 517.4443 163.7298 567.1519 262.6503 1.7416 0.8824 0.6988 -1.2052 1.4480 12.9788 2.7837 0.2999
Pedestrian -1 -1 -0.1802 254.7558 165.7725 306.2291 260.2405 1.7501 0.8708 0.7662 -6.3238 1.4789 13.6694 -0.6029 0.2815
Pedestrian -1 -1 2.6286 640.7512 163.3031 697.9727 262.3866 1.7480 0.8584 0.7175 1.1312 1.4463 13.0079 2.7150 0.2525
Pedestrian -1 -1 1.2954 557.0025 160.9764 611.5948 251.0967 1.8187 1.0087 0.6028 -0.4772 1.4263 14.7029 1.2654 0.2103
Pedestrian -1 -1 1.1273 974.1450 188.9230 1131.1509 370.0000 1.6490 0.7557 0.7154 3.2834 1.7189 5.3336 1.6547 0.2031
Pedestrian -1 -1 2.4885 604.3358 166.3211 657.3358 253.8121 1.7470 0.8452 0.7365 0.4900 1.4655 14.6709 2.5229 0.1914
Pedestrian -1 -1 2.9192 61.6692 161.9855 115.9005 261.5801 1.7543 0.7974 0.6501 -9.5084 1.4298 12.9575 2.2996 0.1822
Pedestrian -1 -1 0.9712 811.3588 167.4753 870.7316 257.4907 1.7269 0.9367 0.6036 4.6203 1.4787 13.9812 1.2853 0.1801
Pedestrian -1 -1 -0.8244 994.5047 169.0760 1069.2314 276.3724 1.7495 0.8649 0.6662 7.2069 1.5649 12.0342 -0.2948 0.1669
Pedestrian -1 -1 1.2631 76.8565 200.0414 112.9242 259.8364 1.7858 0.7386 0.6843 -15.8621 2.4077 21.9399 0.6453 0.1580
Pedestrian -1 -1 2.2099 1159.9796 147.9348 1224.0000 254.7402 1.7559 0.8335 0.6539 10.1327 1.2222 12.1027 2.8957 0.1510
Pedestrian -1 -1 2.5911 678.6246 157.4538 731.5681 249.2781 1.8118 0.8778 0.7197 2.0012 1.3587 14.4927 2.7271 0.1500
Cyclist -1 -1 -0.9075 0.0000 170.8323 98.8365 261.9948 1.8058 1.8350 0.6428 -11.4459 1.6159 14.3235 -1.5692 0.2227
Cyclist -1 -1 0.0285 256.7863 166.3665 300.2635 263.5072 1.7569 1.7750 0.7023 -6.3586 1.5029 13.7372 -0.3945 0.1975
Cyclist -1 -1 1.6698 627.6027 162.7557 734.9844 259.7242 1.7158 1.9111 0.7460 1.3798 1.4035 13.0644 1.7743 0.1945
Cyclist -1 -1 0.7739 1086.6891 191.1483 1224.0000 370.0000 1.6343 1.7666 0.6229 5.4364 1.7404 6.5074 1.4476 0.1899
Cyclist -1 -1 -0.0701 521.1817 161.5000 560.9604 265.9147 1.7801 1.8113 0.5987 -1.2425 1.4579 12.9913 -0.1613 0.1898
Cyclist -1 -1 -1.6362 557.7313 148.3577 633.9661 222.0640 1.8142 1.8800 0.6337 -0.2807 1.0247 17.7886 -1.6497 0.1895
Cyclist -1 -1 -0.3735 838.2441 176.4406 913.7623 290.1660 1.6709 1.8275 0.4686 4.2396 1.6130 11.3022 -0.0222 0.1716
Cyclist -1 -1 1.4437 681.3481 163.5726 758.4921 233.1590 1.7411 1.8745 0.6358 2.8757 1.3191 18.0315 1.6009 0.1675
Cyclist -1 -1 -0.9801 1124.3499 144.6469 1224.0000 254.6187 1.7597 1.8427 0.5818 10.1110 1.1877 12.2751 -0.3020 0.1649
Cyclist -1 -1 -1.7013 633.9257 154.2001 727.5762 243.2648 1.7871 1.8423 0.6623 1.4964 1.2610 14.5389 -1.5990 0.1532
Cyclist -1 -1 -0.5446 873.9423 154.4291 967.1248 267.9115 1.7800 1.7970 0.5792 5.2634 1.3727 12.0152 -0.1397 0.1502
Car -1 -1 -2.3092 1147.5117 184.5558 1224.0000 370.0000 1.5486 1.6713 3.8949 6.5310 1.5946 5.6994 -1.4817 0.2432
Car -1 -1 0.4017 337.8982 169.2439 469.5595 243.4133 1.5525 3.8070 1.6138 -4.6547 1.3185 16.7914 0.1380 0.1675
Car -1 -1 0.0740 42.3140 187.8525 109.2657 233.0784 1.4970 3.5803 1.6847 -19.3984 1.7893 26.0008 -0.5596 0.1575
Car -1 -1 2.4984 555.6683 172.9377 605.2598 195.0935 1.5563 3.7928 1.6841 -1.8198 1.0264 51.6653 2.4651 0.1571
