Pedestrian -1 -1 -1.0938 700.6696 170.0158 718.8221 200.7506 1.8246 0.8848 0.6420 5.9598 1.6565 43.3495 -0.9585 0.3570
Pedestrian -1 -1 0.5737 126.4585 177.6560 147.3874 212.0864 1.8062 0.6779 0.6675 -25.1337 2.0636 38.2830 -0.0042 0.2059
Pedestrian -1 -1 1.8486 762.5195 155.3299 779.9876 191.0645 1.8783 0.7539 0.6696 8.5469 0.9576 38.3975 2.0657 0.1315
Cyclist -1 -1 -0.3436 698.9975 171.7065 717.9469 202.3174 1.8042 1.7438 0.5720 5.8848 1.7369 43.4376 -0.2103 0.4911
Cyclist -1 -1 0.2586 173.7808 184.4169 191.2706 209.2251 1.7452 1.8312 0.6492 -31.1969 2.6045 52.6279 -0.2746 0.1965
Cyclist -1 -1 0.1189 340.6811 177.4575 350.3683 197.9644 1.7869 1.8634 0.5931 -23.5777 2.2037 64.2833 -0.2316 0.1864
Cyclist -1 -1 -0.0069 0.0000 183.3467 16.7678 220.1910 1.7703 1.9719 0.6527 -30.2235 2.3109 36.1800 -0.6993 0.1848
Cyclist -1 -1 -1.3084 379.5670 187.4727 407.8200 213.6192 1.8333 1.8102 0.6904 -15.4231 2.8821 51.3736 -1.5991 0.1736
Cyclist -1 -1 -1.9248 907.9224 153.8634 979.8452 214.5280 1.7555 1.7993 0.6842 9.7822 1.2063 21.2819 -1.4995 0.1631
Cyclist -1 -1 3.4624 191.2299 173.7249 211.7748 202.2905 1.7622 1.8105 0.5846 -25.7861 1.8186 45.5109 2.9493 0.1466
Cyclist -1 -1 -0.4548 836.3440 160.3775 886.9221 217.0173 1.7696 1.7006 0.8856 8.1023 1.3802 23.4396 -0.1264 0.1379
Cyclist -1 -1 -2.0279 707.2348 165.0758 731.1817 189.5467 1.8271 1.7031 0.5835 8.2081 1.2467 54.4059 -1.8793 0.1341
Cyclist -1 -1 -0.7545 0.0000 197.0522 37.7317 240.4133 1.8344 1.7975 0.7033 -26.1503 2.9069 31.5026 -1.4433 0.1277
Car -1 -1 1.9302 269.3716 191.1023 329.6002 223.9099 1.5435 1.6359 3.9500 -16.3876 2.5605 38.1869 1.5269 0.5588
Car -1 -1 -2.3052 5.5307 185.3052 101.7257 217.2476 1.5086 3.8943 1.6267 -29.0264 2.1959 37.7454 -2.9575 0.2050
Car -1 -1 -0.0188 449.4363 183.4295 472.8058 200.5802 1.5168 2.8185 2.0836 -13.9435 2.5285 67.3936 -0.2224 0.1915
Car -1 -1 -0.0809 386.7849 184.5215 415.2527 206.6499 1.5025 3.7475 1.7176 -15.4694 2.3967 53.2145 -0.3629 0.1689
Car -1 -1 1.5999 396.3877 190.8642 454.3622 215.4423 1.4973 3.5924 1.6755 -12.0009 2.6996 46.9381 1.3504 0.1442
Car -1 -1 0.1762 89.9125 188.8541 136.7496 215.8353 1.5128 4.1063 1.7209 -31.1567 2.5675 45.3184 -0.4236 0.1221
