Pedestrian -1 -1 2.4676 678.7632 168.1626 702.7545 212.0718 1.7683 0.7309 0.6649 3.2629 1.5798 29.5423 2.5759 0.3103
Pedestrian -1 -1 2.7510 353.7344 174.3161 382.1617 227.9967 1.7595 0.6906 0.6922 -8.1520 1.8098 24.1611 2.4284 0.2575
Cyclist -1 -1 -0.1875 632.7882 176.6747 644.0713 198.5823 1.7445 1.7705 0.5947 2.2823 2.0606 58.6944 -0.1492 0.5230
Car -1 -1 0.4048 261.5079 188.7981 466.3257 307.3177 1.5286 3.4929 1.8505 -3.7832 1.8262 11.6218 0.0959 0.7686
Car -1 -1 3.1446 487.3731 181.3615 528.0256 219.1021 1.4843 3.5841 1.6369 -4.4456 1.8737 31.1125 3.0033 0.6893
Car -1 -1 -2.3534 0.0000 197.6992 300.3780 375.0000 1.4905 2.9807 2.1975 -4.0261 1.7163 4.9267 -3.0128 0.6569
Car -1 -1 2.8888 642.4798 175.6288 680.7109 200.5164 1.5898 3.8060 1.6575 3.3970 1.7847 48.5617 2.9578 0.4795
Car -1 -1 0.1103 528.9332 179.1896 553.0948 197.9493 1.5204 3.6685 1.6605 -5.8787 2.0777 61.5706 0.0151 0.3854
Car -1 -1 1.2412 465.0964 177.4607 515.0558 198.6819 1.5178 3.2289 1.9413 -8.9935 1.8728 53.9278 1.0763 0.2720
Car -1 -1 -0.1888 651.7725 178.1993 696.1492 209.0241 1.5944 3.9529 1.7301 3.4606 1.9069 40.0859 -0.1039 0.2703
Car -1 -1 -0.2096 444.0330 173.7374 474.6509 194.0023 1.5396 3.7757 1.6170 -11.9668 1.6123 57.0472 -0.4157 0.2382
