Pedestrian -1 -1 -0.6886 708.9547 162.1663 733.8481 204.9908 1.8451 0.8779 0.6732 4.8406 1.3850 31.6346 -0.5386 0.2096
Pedestrian -1 -1 0.0727 1089.4106 185.4185 1105.6244 216.7253 1.7820 0.8358 0.7280 28.3903 2.5245 42.0644 0.6625 0.2012
Pedestrian -1 -1 2.5032 1017.8049 121.7898 1141.5441 315.4026 1.8230 0.8217 0.6761 4.6203 1.3426 7.2303 3.0529 0.1811
Cyclist -1 -1 2.8736 798.1402 176.3919 818.2419 207.1060 1.7069 1.9200 0.6157 11.2910 1.9144 41.2781 3.1383 0.5045
Cyclist -1 -1 0.4495 114.3522 179.1687 144.4816 212.9106 1.7929 1.9051 0.6095 -26.4521 2.1492 39.6893 -0.1355 0.3226
Cyclist -1 -1 -0.9291 1134.6078 180.4853 1183.3680 220.4180 1.7424 1.7081 0.6496 24.8477 2.0987 32.7395 -0.2848 0.2041
Cyclist -1 -1 0.3679 146.1774 175.9162 169.2866 205.0304 1.7386 1.7184 0.6203 -27.7108 1.9303 44.1771 -0.1898 0.1862
Cyclist -1 -1 2.4810 1089.2397 178.1902 1118.0809 205.2142 1.7498 1.8056 0.5961 32.7937 2.1119 47.9991 3.0771 0.1772
Car -1 -1 1.6448 144.5504 195.3799 203.6987 241.3617 1.6016 1.7589 4.0242 -17.7568 2.5906 29.4710 1.1062 0.5744
Car -1 -1 0.6010 140.7863 185.0699 207.8151 213.1795 1.5467 3.7039 1.6242 -26.0653 2.3114 43.2457 0.0611 0.2699
Car -1 -1 0.0506 0.0000 182.4275 37.9600 214.2467 1.5695 3.9916 1.6488 -32.0542 2.1144 38.9444 -0.6348 0.2473
Car -1 -1 -3.6747 1072.8892 184.6611 1139.2582 212.4329 1.5178 3.5726 1.6447 29.3278 2.2490 42.8262 -3.0779 0.2421
Car -1 -1 -3.3613 1086.8396 180.7904 1133.8885 205.4067 1.5550 4.1022 1.7687 34.0528 2.1217 49.2502 -2.7596 0.2220
Car -1 -1 3.4309 372.1267 182.7586 404.6519 201.5000 1.5358 3.9634 1.6609 -19.3932 2.4313 63.2159 3.1341 0.2164
Car -1 -1 0.0084 731.2810 178.6068 758.5636 203.3333 1.5146 3.7707 1.6833 8.7926 1.9069 47.1418 0.1912 0.2079
Car -1 -1 -0.7206 1107.3428 174.9263 1205.8838 210.3646 1.5964 3.8212 1.6522 26.1258 1.7020 34.7005 -0.0797 0.2037
Car -1 -1 0.0648 774.6656 175.7045 827.7216 222.0344 1.5115 3.7083 1.6096 6.8480 1.6217 25.7982 0.3209 0.1970
Car -1 -1 2.8356 627.7424 180.7337 662.3406 200.5740 1.4937 3.8321 1.6965 2.7550 2.1505 58.0339 2.8823 0.1877
Car -1 -1 -2.6069 277.9112 182.6509 321.2376 201.6163 1.5450 3.9849 1.6772 -27.0771 2.4293 63.0146 -3.0115 0.1812
