Pedestrian -1 -1 0.8769 351.9592 187.1959 387.9753 236.7626 1.7330 0.9798 0.7631 -8.7550 2.2664 26.1991 0.5569 0.4361
Pedestrian -1 -1 -2.2682 970.6719 184.2809 983.8312 204.8582 1.7752 0.7153 0.7443 32.1348 2.7831 63.1791 -1.8001 0.4025
Pedestrian -1 -1 -0.7267 454.1462 173.9704 474.6052 207.5768 1.7765 0.8447 0.6886 -7.8479 1.8376 38.7039 -0.9258 0.3160
Pedestrian -1 -1 1.0919 875.9645 161.5293 923.7146 235.2867 1.7866 0.8897 0.6616 7.1136 1.5127 17.8511 1.4648 0.3107
Pedestrian -1 -1 -0.2893 358.2032 177.2451 367.8721 196.7294 1.7785 0.7168 0.6674 -22.8039 2.1870 66.5642 -0.6184 0.2817
Pedestrian -1 -1 0.3813 392.6459 143.7334 439.1977 244.8156 1.8341 0.8750 0.5588 -3.6859 1.3060 13.5569 0.1202 0.2664
Pedestrian -1 -1 -0.9241 840.1219 150.4622 889.5853 229.8346 1.8294 0.8715 0.6893 6.0146 1.3137 17.1818 -0.5932 0.2275
Pedestrian -1 -1 2.9996 488.9897 164.2013 517.3897 230.7235 1.8180 0.9388 0.6612 -3.0541 1.5819 20.2606 2.8512 0.2133
Pedestrian -1 -1 0.8061 1030.9771 186.1767 1046.0094 207.0635 1.7451 0.8209 0.7305 36.3836 2.8858 61.3057 1.3391 0.1856
Cyclist -1 -1 -3.6007 968.7509 182.2637 984.9422 202.5401 1.7370 1.5050 0.6637 32.1375 2.5723 63.2658 -3.1330 0.2215
Cyclist -1 -1 1.2508 884.4279 165.6801 959.5599 224.9175 1.6848 1.8625 0.7458 8.9960 1.4811 20.9645 1.6505 0.2110
Cyclist -1 -1 -1.7669 799.4833 147.9695 910.3369 252.1285 1.8228 1.8110 0.5947 4.3397 1.3877 13.0264 -1.4528 0.2104
Cyclist -1 -1 -0.3354 452.5327 174.0970 473.6376 207.1277 1.7309 1.6761 0.5909 -7.9341 1.7995 38.7452 -0.5365 0.1950
Cyclist -1 -1 -1.2775 527.6987 174.0406 549.2805 195.1801 1.8269 1.7602 0.6481 -6.2530 1.9315 62.8964 -1.3766 0.1927
Cyclist -1 -1 -0.6842 1050.2350 148.1935 1187.7754 285.9179 1.7259 1.7673 0.5260 6.8814 1.4173 9.9438 -0.0931 0.1919
Cyclist -1 -1 -2.8599 647.4968 161.3170 691.0660 230.9719 1.7095 1.7631 0.6647 1.5053 1.4267 18.6480 -2.7814 0.1896
Cyclist -1 -1 -0.2408 483.1984 177.8023 495.1064 197.8243 1.7228 1.7557 0.6318 -10.6583 2.1649 63.4745 -0.4068 0.1865
Cyclist -1 -1 -3.1371 940.1612 179.0421 948.8589 201.7038 1.7081 1.7401 0.6015 25.8438 2.1948 55.7971 -2.7058 0.1827
Car -1 -1 -0.0048 555.4465 175.8948 579.4855 198.7011 1.5801 3.7937 1.6818 -3.1311 1.8097 52.4542 -0.0646 0.3428
Car -1 -1 -3.1458 949.6292 176.2766 973.0801 196.3808 1.5817 4.1005 1.6911 29.0419 1.8759 59.7333 -2.6956 0.3208
Car -1 -1 3.1263 431.4481 177.1226 456.9182 200.7875 1.5371 3.7653 1.6447 -11.4607 1.8430 49.6185 2.9002 0.2532
Car -1 -1 -0.2297 349.7847 180.6603 388.6594 205.8032 1.5353 3.5912 1.6386 -15.8230 2.0679 47.2323 -0.5516 0.2444
Car -1 -1 -0.2954 418.8063 176.3856 448.5925 194.3549 1.5314 3.6180 1.5897 -15.7365 1.8557 64.2197 -0.5350 0.2348
Car -1 -1 1.2108 975.3983 175.3614 1039.5370 197.6891 1.5707 3.7275 1.5949 28.5946 1.7556 52.0417 1.7105 0.2156
Car -1 -1 2.5365 520.9025 180.2164 562.7164 199.2204 1.5291 3.6054 1.8206 -5.8614 2.1774 61.5397 2.4415 0.1965
Car -1 -1 -0.0243 771.1238 175.4765 829.9890 231.5424 1.5421 3.6377 1.5946 5.6877 1.6295 21.9771 0.2251 0.1935
Car -1 -1 -0.3864 466.6096 176.9044 499.3555 194.7987 1.5391 3.3624 1.7573 -11.4503 1.9139 64.8036 -0.5609 0.1906
Car -1 -1 -0.1094 578.7076 176.0238 608.4826 199.6751 1.5948 3.8585 1.6939 -1.2303 1.8291 51.2193 -0.1338 0.1831
