Pedestrian -1 -1 3.1431 538.4221 157.0081 604.1135 325.8578 1.7470 0.8966 0.6805 -0.4218 1.5056 7.7749 3.0928 0.7916
Pedestrian -1 -1 1.4311 55.7237 188.6590 101.0864 249.6950 1.6965 0.9598 0.7557 -15.2402 1.9407 20.4150 0.7988 0.4380
Pedestrian -1 -1 2.9593 11.8308 172.1915 71.4132 262.3015 1.7475 0.8843 0.8036 -11.4406 1.5880 14.3010 2.2971 0.3843
Pedestrian -1 -1 -1.4589 1121.1063 186.9487 1224.0000 370.0000 1.6642 0.7076 0.7031 4.3444 1.7192 5.3442 -0.8035 0.3760
Pedestrian -1 -1 2.2715 832.2701 173.4777 876.5456 242.5012 1.6924 0.7424 0.7550 6.2547 1.5218 17.8434 2.6047 0.3003
Pedestrian -1 -1 2.6311 640.8426 162.7270 697.2036 261.3962 1.7430 0.8363 0.7136 1.1259 1.4307 13.0131 2.7170 0.2804
Pedestrian -1 -1 -0.1754 253.4556 164.8497 306.0423 259.4382 1.7502 0.8922 0.7855 -6.3379 1.4623 13.6679 -0.5990 0.2687
Pedestrian -1 -1 1.1171 972.9109 187.3607 1130.5824 370.0000 1.6459 0.7704 0.6908 3.2760 1.7030 5.3303 1.6438 0.2261
Pedestrian -1 -1 0.7976 0.0000 176.2378 55.1661 323.4799 1.7256 0.8392 0.6459 -7.5071 1.6773 8.7329 0.1070 0.2077
Pedestrian -1 -1 2.1140 1152.6309 134.7183 1224.0000 244.1333 1.8146 0.8332 0.6490 10.0917 1.0570 12.2234 2.7931 0.1916
Pedestrian -1 -1 2.8103 514.1786 164.9400 565.8836 263.1432 1.7258 0.8575 0.7025 -1.2436 1.4540 12.9559 2.7187 0.1889
Pedestrian -1 -1 -0.8354 994.1266 165.5638 1069.3623 274.3559 1.7746 0.8731 0.6685 7.2113 1.5326 12.0451 -0.3059 0.1790
Pedestrian -1 -1 -0.7051 729.7924 152.2387 784.9315 247.1727 1.8436 0.8537 0.7001 3.0257 1.2964 14.2682 -0.4988 0.1632
Pedestrian -1 -1 -0.6055 834.3400 150.7598 894.6700 253.8602 1.7641 0.8427 0.6380 4.5621 1.2569 12.5828 -0.2639 0.1537
Pedestrian -1 -1 2.7176 817.7878 167.0277 867.5326 257.9076 1.7332 0.8822 0.6166 4.6344 1.4779 13.9509 3.0332 0.1534
Cyclist -1 -1 0.0280 254.8906 165.7597 299.8435 263.1255 1.7577 1.7713 0.7275 -6.3705 1.4932 13.7166 -0.3962 0.2501
Cyclist -1 -1 1.8278 630.1052 162.9076 741.0168 259.9263 1.6985 1.9135 0.7326 1.4448 1.3921 13.0578 1.9372 0.2314
Cyclist -1 -1 2.9769 595.2286 160.3612 630.6387 234.2328 1.7648 1.7844 0.6031 0.1417 1.2853 17.8143 2.9865 0.1991
Cyclist -1 -1 -0.0025 507.9955 160.3709 549.0808 265.5386 1.7909 1.7945 0.6979 -1.4477 1.4497 12.9651 -0.1093 0.1956
Cyclist -1 -1 0.6842 1095.1825 187.1257 1224.0000 370.0000 1.6060 1.7082 0.5981 5.4336 1.6731 6.5001 1.3582 0.1922
Cyclist -1 -1 1.4899 681.4921 161.9702 757.6050 232.0400 1.7491 1.8684 0.6397 2.8645 1.2881 18.0340 1.6465 0.1847
Cyclist -1 -1 -0.7233 0.0000 168.6810 97.7536 259.9884 1.7877 1.7895 0.6222 -11.3487 1.5579 14.3124 -1.3812 0.1599
Cyclist -1 -1 -0.4211 856.3964 171.6835 946.2939 295.0092 1.6340 1.7921 0.4876 4.2026 1.5189 10.2685 -0.0417 0.1584
Cyclist -1 -1 -0.5453 873.9820 158.4346 967.3738 271.3326 1.7703 1.7978 0.5810 5.2646 1.4260 12.0126 -0.1403 0.1567
Cyclist -1 -1 1.5321 590.1565 170.8524 681.9614 257.0888 1.7568 1.8703 0.7467 0.5917 1.5619 14.7740 1.5729 0.1562
Cyclist -1 -1 -0.2462 513.0037 162.3977 560.9932 249.8756 1.7405 1.7130 0.6103 -1.5053 1.3819 14.9717 -0.3425 0.1536
Car -1 -1 -2.3181 1143.0187 185.0607 1224.0000 370.0000 1.5479 1.6685 3.9004 6.5129 1.5995 5.7164 -1.4934 0.2670
Car -1 -1 0.0497 46.6607 188.6378 110.7307 234.3358 1.5104 3.6279 1.6883 -19.3306 1.8346 26.0489 -0.5813 0.2623
Car -1 -1 1.0084 921.0278 201.1552 1107.1855 268.1744 1.5654 3.7952 1.6979 10.3003 2.1214 18.0323 1.5211 0.1768
Car -1 -1 0.3873 339.6741 169.6031 468.8894 243.5667 1.5504 3.7609 1.6168 -4.6429 1.3236 16.7823 0.1241 0.1658
Car -1 -1 2.4974 555.6779 172.9444 605.2825 195.1082 1.5571 3.7899 1.6855 -1.8187 1.0276 51.6714 2.4642 0.1651
