Pedestrian -1 -1 -0.4184 810.9274 146.4156 868.0283 258.7083 1.7509 0.8235 0.5914 3.6522 1.3390 11.6927 -0.1235 0.2680
Pedestrian -1 -1 1.0299 784.8696 153.3483 848.4970 256.3002 1.8129 0.9650 0.5505 3.6948 1.4697 13.0976 1.2982 0.2210
Pedestrian -1 -1 1.0413 648.1801 183.8852 681.1564 234.3931 1.6510 0.8764 0.6945 1.7943 2.0308 24.3089 1.1132 0.1895
Pedestrian -1 -1 1.0932 1006.1261 150.0727 1137.9674 341.7462 1.7523 0.8585 0.6568 4.3634 1.5444 6.9486 1.6341 0.1607
Cyclist -1 -1 3.1040 441.8029 180.3478 451.3181 205.3266 1.6255 1.6592 0.5592 -10.9877 2.1371 48.3495 2.8813 0.3340
Cyclist -1 -1 -0.0853 624.1220 177.6383 635.0158 202.1740 1.7457 1.8745 0.6339 1.3937 2.1016 52.6603 -0.0595 0.2058
Cyclist -1 -1 0.0209 467.1373 174.8741 474.0830 194.9890 1.8401 1.9898 0.5949 -13.0045 2.0316 67.2424 -0.1697 0.1872
Cyclist -1 -1 -1.3946 535.9432 181.3824 562.8730 207.9819 1.8682 1.8202 0.6784 -4.3374 2.4807 51.3648 -1.4790 0.1860
Cyclist -1 -1 -1.4128 422.7442 171.6257 447.6900 195.2684 1.8276 1.8104 0.6326 -13.6233 1.7330 56.1590 -1.6500 0.1855
Cyclist -1 -1 -0.2694 654.5886 182.0618 675.1121 227.3194 1.4727 1.4899 0.3046 1.8113 1.7960 24.5457 -0.1974 0.1747
Cyclist -1 -1 0.1104 0.0000 187.3045 23.9997 236.1925 1.6144 1.5870 0.5430 -20.8993 2.1342 25.1177 -0.5785 0.1695
Car -1 -1 1.6629 482.3372 181.7941 536.7423 224.6812 1.5734 1.8297 3.9653 -4.0502 1.9623 29.3332 1.5263 0.6622
Car -1 -1 -0.2548 530.5184 180.2677 566.2350 202.5052 1.5304 3.7471 1.7236 -4.5974 2.0973 53.0782 -0.3412 0.3890
Car -1 -1 -0.1820 459.7228 187.8779 497.6656 213.7640 1.4976 3.5801 1.7579 -8.4447 2.4978 46.0308 -0.3630 0.1681
Car -1 -1 -0.7585 0.0000 177.2410 127.5947 227.2347 1.6489 3.6233 1.6617 -19.1059 1.8087 25.1112 -1.4040 0.1621
Car -1 -1 0.4348 353.4579 176.6811 411.9060 206.4800 1.6204 4.0382 1.6876 -13.1552 1.8541 41.8879 0.1320 0.1352
Car -1 -1 3.0557 427.4623 181.7630 458.3128 206.4615 1.5104 3.6773 1.6690 -11.0821 2.1230 47.5757 2.8276 0.1342
