Pedestrian -1 -1 -0.2494 1060.0199 88.8192 1242.0000 375.0000 1.7473 0.6496 0.6095 2.4216 1.4130 3.2796 0.3443 0.3263
Pedestrian -1 -1 3.2369 427.3745 164.1747 471.6259 271.4016 1.7790 0.8558 0.6661 -2.8043 1.6353 12.4335 3.0187 0.2440
Pedestrian -1 -1 -1.1766 452.6252 182.0540 498.8160 256.5162 1.7143 0.8927 0.6622 -3.2301 1.9384 17.1282 -1.3610 0.2182
Cyclist -1 -1 3.4003 238.2108 172.0888 256.2734 201.0210 1.8428 1.9059 0.5799 -23.6226 1.7944 46.9461 2.9362 0.2410
Cyclist -1 -1 -1.3708 347.4428 156.8303 466.9990 264.6225 1.7902 1.8858 0.6183 -3.4944 1.5244 12.3555 -1.6416 0.2019
Cyclist -1 -1 -2.0861 952.1968 202.8990 1073.5721 314.3878 1.7810 1.6830 0.6250 6.6436 2.2964 12.0337 -1.5934 0.1774
Cyclist -1 -1 -1.1779 619.1591 177.3956 643.8467 200.0496 1.7463 1.8258 0.6461 1.6588 2.1068 56.5532 -1.1492 0.1743
Car -1 -1 -1.5971 582.7212 178.8841 621.4690 214.7225 1.5536 1.7045 3.7502 -0.4592 1.8527 33.8269 -1.6112 0.6067
Car -1 -1 1.5416 536.6643 184.2769 566.0817 208.6742 1.5473 1.8984 3.7218 -4.0910 2.3630 49.5443 1.4591 0.5739
Car -1 -1 -0.7867 733.9292 187.5051 799.5544 214.6989 1.5091 3.7924 1.7693 9.5499 2.4519 44.3416 -0.5766 0.2728
Car -1 -1 -0.2329 631.6495 186.2718 678.3541 215.8461 1.4900 4.0257 1.7140 2.4262 2.2815 40.4129 -0.1740 0.2600
Car -1 -1 -2.3203 920.9067 188.1352 1017.4600 224.5002 1.5064 1.7040 4.1191 16.7570 2.2732 33.9692 -1.8661 0.2306
Car -1 -1 2.0781 1115.8278 193.1247 1224.4462 227.7574 1.4804 3.7854 1.8512 27.3489 2.5347 35.4083 2.7311 0.2124
Car -1 -1 -0.5112 704.5073 183.4985 751.0071 206.2281 1.5271 3.6018 1.7879 8.4707 2.3292 52.3439 -0.3522 0.1803
Car -1 -1 -2.2295 943.7374 188.8041 994.9388 208.7232 1.4513 1.8218 3.6156 28.6299 2.7692 57.6478 -1.7712 0.1738
Car -1 -1 -2.7991 332.9624 162.3306 495.9157 261.7338 1.6554 4.2837 1.7111 -3.6757 1.4805 14.2257 -3.0482 0.1606
