Pedestrian -1 -1 2.1148 456.2030 177.2238 492.7273 233.8793 1.7004 0.8579 0.7178 -4.2148 1.8382 22.2138 1.9288 0.3073
Pedestrian -1 -1 3.2605 424.5606 174.8429 450.8253 239.0742 1.6796 0.7344 0.6003 -4.6478 1.7342 19.2890 3.0266 0.3028
Pedestrian -1 -1 -0.4050 935.0185 156.5135 991.9688 254.3081 1.7801 0.8467 0.6758 6.5792 1.4830 13.5668 0.0374 0.2958
Pedestrian -1 -1 1.3023 508.9705 191.6183 528.6711 225.0416 1.7376 0.8748 0.7613 -4.9185 2.7558 38.6127 1.1758 0.2516
Pedestrian -1 -1 3.0301 447.8499 177.2859 476.6061 240.2159 1.7246 0.7991 0.7086 -4.2169 1.8529 20.3297 2.8275 0.2451
Cyclist -1 -1 -3.2025 684.2155 170.6774 697.2468 201.2142 1.7280 1.8682 0.6320 4.6315 1.6051 41.7745 -3.0934 0.3854
Cyclist -1 -1 -3.1177 761.4515 141.4452 804.7087 231.7673 1.7816 1.6205 0.8358 3.5868 1.1624 15.1185 -2.8897 0.3664
Cyclist -1 -1 -0.3107 931.3594 154.1781 995.1083 256.8755 1.7984 1.8188 0.5219 6.5509 1.4717 13.5683 0.1299 0.3353
Cyclist -1 -1 -0.2385 774.9583 197.2503 813.8713 291.2754 1.5927 1.4402 0.3494 3.3323 2.0677 13.3135 0.0002 0.3351
Cyclist -1 -1 3.4453 348.0409 169.4679 398.7299 252.4326 1.7309 1.9416 0.5078 -5.2716 1.6606 16.0242 3.1318 0.2832
Cyclist -1 -1 0.1572 438.5957 188.4197 459.9471 235.4639 1.7277 1.6562 0.5539 -6.2455 2.3482 27.8982 -0.0617 0.2719
Cyclist -1 -1 -0.5228 1054.5790 133.2332 1216.7463 319.8208 1.8054 1.9140 0.5138 5.6313 1.4224 7.9526 0.0755 0.2422
Car -1 -1 1.8285 345.0594 201.4576 504.7486 317.5833 1.4632 1.6370 3.4754 -2.8666 1.9974 11.7083 1.5924 0.6881
Car -1 -1 3.5653 0.0000 200.6439 326.5418 375.0000 1.4620 3.5867 1.6420 -3.7920 1.7689 6.0820 3.0265 0.6274
Car -1 -1 -1.3962 702.3679 177.5786 747.4274 207.9361 1.5260 1.7589 3.9473 6.2385 1.7964 39.0901 -1.2397 0.5424
Car -1 -1 2.9376 736.1519 174.1983 770.4825 197.1959 1.5157 3.5077 1.6232 9.7653 1.6116 49.5192 3.1308 0.4678
Car -1 -1 -0.0055 485.3866 191.6012 521.3619 225.9081 1.5601 3.9520 1.7375 -5.5416 2.5806 37.1738 -0.1531 0.3516
Car -1 -1 -0.7199 769.8656 175.4997 820.0396 196.9595 1.5150 3.2918 1.8824 13.5991 1.7178 53.2975 -0.4718 0.2993
Car -1 -1 -0.7917 783.8965 174.9288 829.2031 193.6689 1.5156 3.4339 1.7512 16.4812 1.6961 60.7036 -0.5281 0.2772
Car -1 -1 -0.7240 706.5415 169.2906 751.9966 188.9618 1.5674 3.7046 1.6545 9.7764 1.2838 59.4981 -0.5623 0.2764
