Pedestrian -1 -1 3.0684 367.0312 165.4384 379.1676 198.1043 1.8593 0.7165 0.6130 -13.6676 1.4376 41.5148 2.7520 0.3770
Pedestrian -1 -1 0.2799 30.1575 128.7881 133.6520 313.9009 1.8249 0.7913 0.6796 -5.5820 1.3908 7.5961 -0.3374 0.3321
Pedestrian -1 -1 0.9428 898.6595 146.4416 946.4596 221.0582 1.9100 1.0203 0.5472 8.1126 1.2342 18.8482 1.3432 0.2903
Pedestrian -1 -1 -0.5709 809.5369 156.5000 832.8550 201.6455 1.8641 0.8118 0.5921 8.8130 1.1892 30.2643 -0.2904 0.2649
Pedestrian -1 -1 -2.0817 569.2289 170.2062 582.5207 194.2934 1.8094 0.8363 0.5649 -2.6119 1.6109 54.6592 -2.1296 0.1801
Pedestrian -1 -1 1.3500 252.1416 171.6203 274.7029 198.1292 1.7744 1.2761 0.6150 -23.5318 1.6922 48.9305 0.9037 0.1593
Pedestrian -1 -1 2.3318 763.9750 170.2813 777.9075 196.3710 1.7961 0.7361 0.5970 11.1547 1.6194 50.1436 2.5491 0.1564
Pedestrian -1 -1 -2.6022 755.0602 171.2097 767.3652 192.3781 1.7943 0.9934 0.6074 12.9160 1.6553 61.7275 -2.3972 0.1540
Pedestrian -1 -1 -0.1943 120.0759 167.5347 140.8875 208.0098 1.8635 0.8282 0.6650 -22.4681 1.6189 33.7449 -0.7782 0.1517
Cyclist -1 -1 3.1227 256.2900 180.6913 271.8436 219.9635 1.7179 1.8131 0.6072 -15.8141 2.0857 32.8837 2.6772 0.2827
Cyclist -1 -1 -0.4452 752.4249 173.8440 768.6257 194.5930 1.7508 1.8241 0.6341 12.8897 1.8374 61.9329 -0.2414 0.2121
Cyclist -1 -1 0.2728 183.2253 174.6886 215.2316 220.2912 1.8046 1.9440 0.6389 -16.9017 1.8829 29.6523 -0.2417 0.1990
Cyclist -1 -1 0.0468 280.2054 181.9706 292.0861 208.9324 1.6892 1.8116 0.6177 -21.0323 2.2930 46.8045 -0.3737 0.1859
Cyclist -1 -1 0.2428 255.5961 173.8198 271.8629 199.4201 1.7070 1.7770 0.5867 -23.5879 1.7743 49.1078 -0.2031 0.1756
Cyclist -1 -1 2.8459 451.5104 171.0875 467.0503 195.3499 1.8376 1.9547 0.6303 -11.6597 1.7042 55.6554 2.6400 0.1741
Cyclist -1 -1 2.3571 1103.3008 169.5816 1147.4485 207.5855 1.7131 1.7089 0.6380 23.8074 1.5659 33.4172 2.9716 0.1694
Cyclist -1 -1 0.3714 258.9100 176.2676 279.6263 203.4302 1.7321 1.8386 0.5970 -22.2989 1.9601 47.1804 -0.0682 0.1601
Cyclist -1 -1 -0.6893 235.2947 173.1539 265.1855 203.9251 1.8670 1.8073 0.6481 -22.1998 1.8861 44.4527 -1.1503 0.1571
Cyclist -1 -1 -2.5546 251.9781 169.6947 295.8320 210.6366 1.7540 1.8531 0.8758 -14.8711 1.6190 31.8915 -2.9880 0.1467
Car -1 -1 -1.0798 286.7377 184.1427 349.0149 207.3942 1.5139 3.4733 1.8466 -19.9007 2.3007 49.1556 -1.4629 0.4632
Car -1 -1 -0.5915 779.2105 181.2073 828.0943 203.1425 1.5115 3.7438 1.6774 14.2318 2.1527 53.3145 -0.3325 0.2665
Car -1 -1 -0.7770 704.6745 180.6622 756.1091 200.9136 1.5050 4.0037 1.7154 9.5111 2.1495 57.3921 -0.6141 0.2030
Car -1 -1 1.0862 891.4380 172.3026 969.4254 200.0821 1.5802 3.7949 1.7048 18.5921 1.5492 42.0263 1.4997 0.1748
Car -1 -1 2.7468 838.9905 173.5375 877.8700 192.9606 1.5855 3.9941 1.6959 20.9591 1.6456 61.0876 3.0755 0.1613
Car -1 -1 3.1476 375.8948 182.2733 404.4049 207.6887 1.4788 3.7645 1.6532 -13.8888 2.1002 45.5310 2.8528 0.1553
Car -1 -1 2.8788 726.0269 180.6850 766.8495 205.4575 1.4985 3.8204 1.6563 8.7782 2.0289 46.8600 3.0623 0.1549
Car -1 -1 -0.7552 755.8113 179.4993 799.8571 197.4477 1.5140 3.7394 1.7348 14.9315 2.1267 64.4320 -0.5289 0.1532
Car -1 -1 1.4272 949.5482 164.9152 1046.3724 200.0887 1.6252 3.8996 1.7058 18.5734 1.2587 34.7943 1.9138 0.1439
