Pedestrian -1 -1 -0.7031 784.4192 157.2780 816.7398 211.0007 1.8404 0.8661 0.6982 6.6221 1.3072 25.2570 -0.4500 0.3704
Pedestrian -1 -1 -0.8447 946.6514 143.1087 986.3085 207.1535 1.8998 0.8394 0.6806 10.7772 1.0178 21.9192 -0.3932 0.3526
Pedestrian -1 -1 2.3363 572.0678 164.9347 588.4078 197.5945 1.8363 0.7195 0.5909 -1.7274 1.3914 41.0262 2.2941 0.2287
Pedestrian -1 -1 2.3800 370.6620 170.8822 437.3919 274.7643 1.7203 0.8811 0.6927 -3.6088 1.6880 12.4683 2.1030 0.2264
Pedestrian -1 -1 1.5793 310.9040 186.0001 323.8315 207.2121 1.8005 1.0310 0.8150 -25.3721 2.9503 62.5158 1.1949 0.1932
Cyclist -1 -1 1.9609 390.2489 174.1940 523.8981 275.9220 1.6240 2.0319 0.8396 -2.6025 1.6480 12.1287 1.7531 0.5076
Cyclist -1 -1 -0.4898 701.0005 177.1865 717.9186 197.9195 1.7187 1.7875 0.6536 8.3997 2.0920 61.1584 -0.3544 0.3865
Cyclist -1 -1 0.1542 554.2139 170.3415 593.9974 258.6797 1.7727 1.8821 0.5727 -0.7937 1.7226 15.4417 0.1026 0.3399
Cyclist -1 -1 -1.6206 305.3358 183.3532 327.6921 205.4601 1.8747 1.7636 0.6609 -25.4411 2.7942 62.4937 -2.0061 0.2355
Cyclist -1 -1 -0.4357 776.6937 179.2901 800.0240 208.9676 1.6714 1.7183 0.6464 10.3189 2.0539 41.9311 -0.1966 0.1998
Cyclist -1 -1 0.3303 237.5727 174.3806 257.1461 201.3088 1.7816 1.8626 0.6104 -24.5486 1.8872 48.8072 -0.1337 0.1955
Cyclist -1 -1 -1.3263 637.8214 180.3542 670.7545 211.9599 1.8242 1.8374 0.6348 2.5752 2.2723 42.4949 -1.2669 0.1938
Car -1 -1 -1.3494 667.4323 177.6933 713.5862 209.3799 1.5022 1.5964 3.5711 4.1088 1.7621 36.7464 -1.2395 0.5478
Car -1 -1 3.1556 343.0485 186.5324 392.1743 230.3756 1.5167 3.4933 1.7056 -9.4393 2.0859 28.0806 2.8337 0.4399
Car -1 -1 3.5531 0.0000 193.3714 57.5892 220.8521 1.5140 3.9769 1.7490 -36.5303 2.8581 45.1048 2.8751 0.3852
Car -1 -1 -2.5673 414.0094 181.0269 592.5426 271.7179 1.5186 4.0195 1.6396 -2.0342 1.7093 14.6375 -2.7039 0.2762
Car -1 -1 2.4228 1067.9614 172.0684 1130.1869 193.6199 1.5204 3.7608 1.7132 35.7366 1.4653 52.8723 3.0143 0.2402
Car -1 -1 0.1873 62.4863 195.8901 102.6123 218.5111 1.4619 3.6485 1.7126 -38.5308 3.2106 52.7451 -0.4414 0.2033
Car -1 -1 0.5521 239.7957 175.7558 294.4378 199.6565 1.5759 3.8998 1.6172 -23.7641 1.7858 50.0905 0.1110 0.1927
