Pedestrian -1 -1 -0.6211 974.6009 163.7501 1024.0912 244.6536 1.7274 0.7616 0.6258 8.4783 1.5334 15.8235 -0.1375 0.5431
Pedestrian -1 -1 2.4817 953.1013 162.3032 996.1299 233.6012 1.8071 0.7905 0.6460 9.4116 1.5400 18.7367 2.9404 0.2780
Pedestrian -1 -1 2.2657 677.1262 168.5605 696.9415 198.8771 1.8041 1.0013 0.6543 4.6117 1.5489 43.5214 2.3701 0.1710
Pedestrian -1 -1 -0.3691 830.1625 153.2041 861.2897 214.0915 1.8290 0.7832 0.6642 7.1607 1.2391 22.0818 -0.0598 0.1592
Pedestrian -1 -1 1.3780 862.6755 169.9109 895.9031 227.5374 1.7518 0.8488 0.6595 8.2773 1.6627 22.3236 1.7281 0.1495
Cyclist -1 -1 -0.3494 677.0833 170.5659 694.5069 199.1696 1.6954 1.7299 0.4815 4.5443 1.5602 43.6622 -0.2468 0.4087
Cyclist -1 -1 0.1822 135.3098 194.8644 150.7846 221.9238 1.7794 1.4877 0.6317 -32.1019 3.3166 49.5689 -0.3903 0.2553
Cyclist -1 -1 3.2523 311.3250 185.4032 323.4134 210.8072 1.7290 1.8141 0.5942 -20.7055 2.6329 50.9996 2.8681 0.2139
Cyclist -1 -1 3.3111 204.7051 180.1665 220.2794 206.8469 1.7167 1.7834 0.6113 -26.4014 2.2119 47.8828 2.8093 0.2026
Cyclist -1 -1 3.6005 95.1258 187.5454 129.0900 225.0673 1.7318 1.8563 0.5925 -24.1784 2.4647 35.0133 2.9994 0.1923
Cyclist -1 -1 -1.7040 785.5090 170.1117 842.1337 224.2590 1.8047 1.7788 0.6235 6.8528 1.7137 24.4752 -1.4348 0.1895
Cyclist -1 -1 -0.9804 231.0862 174.3047 260.1088 199.3679 1.7815 1.8156 0.6308 -26.1654 1.8868 51.7583 -1.4466 0.1618
Cyclist -1 -1 -0.9446 951.3422 157.4607 1038.5939 240.3717 1.7331 1.7487 0.4749 8.4297 1.4117 15.9672 -0.4670 0.1574
Car -1 -1 -0.1528 354.8299 184.2825 389.1253 207.9419 1.5597 3.5758 1.8007 -17.0462 2.4075 51.4994 -0.4712 0.4496
Car -1 -1 2.3397 800.6805 173.4837 891.5439 210.7154 1.5094 3.6377 1.6134 10.1260 1.5389 31.3011 2.6493 0.2306
Car -1 -1 3.3579 78.6684 182.8717 138.0013 217.2625 1.5656 3.8717 1.6375 -25.1022 2.0974 36.1714 2.7545 0.2066
Car -1 -1 3.3576 426.7781 184.4686 465.6882 208.6847 1.4894 4.0477 1.7132 -10.9505 2.3008 48.3512 3.1356 0.2014
Car -1 -1 0.2433 155.6548 185.1627 205.4462 213.3612 1.5561 3.9715 1.6836 -26.0477 2.3408 43.8299 -0.2905 0.1943
Car -1 -1 2.2880 216.2379 180.2806 276.6788 202.4691 1.5522 3.7592 1.6816 -26.5242 2.1074 52.6147 1.8228 0.1644
Car -1 -1 3.3765 305.5664 182.2003 338.8890 202.3076 1.5348 3.7891 1.6894 -23.4790 2.3243 58.9224 2.9985 0.1566
