Pedestrian -1 -1 0.7337 1152.7703 198.3446 1189.2366 243.6880 1.7210 0.8398 0.7664 21.9908 2.7388 28.3453 1.3877 0.4351
Pedestrian -1 -1 -2.2433 418.6635 174.3008 430.9282 195.9072 1.7839 0.8099 0.5726 -15.4577 1.9059 60.1337 -2.4942 0.2657
Cyclist -1 -1 2.5449 1045.0588 194.8516 1105.5115 268.3180 1.6681 1.5815 0.4127 11.3051 2.2311 17.6555 3.1059 0.6408
Cyclist -1 -1 -1.9289 906.5957 164.7292 940.7094 193.8396 1.8001 1.8523 0.6132 19.5071 1.2980 44.9657 -1.5223 0.4040
Cyclist -1 -1 -0.3296 870.9966 189.1437 889.9133 221.7164 1.7310 1.6009 0.4823 14.9315 2.6517 39.9553 0.0249 0.3413
Cyclist -1 -1 2.4813 795.7618 171.0098 819.0392 195.6981 1.8375 1.9733 0.6192 14.9348 1.7006 54.7301 2.7459 0.2765
Cyclist -1 -1 0.0643 420.4716 175.3699 429.0036 197.7000 1.8351 1.8321 0.5762 -15.5420 2.0496 60.4610 -0.1865 0.2667
Car -1 -1 1.7084 455.9416 186.6325 526.4953 240.4339 1.5075 1.7095 3.9051 -3.7683 1.9885 23.1954 1.5484 0.7302
Car -1 -1 -1.5405 583.0925 181.6940 629.6104 226.4499 1.5119 1.6221 3.7834 -0.1251 1.8669 27.0375 -1.5459 0.6347
Car -1 -1 0.0558 487.4845 177.2213 517.3997 203.2311 1.5598 3.7443 1.6745 -6.8283 1.8495 45.8601 -0.0915 0.5444
Car -1 -1 3.6857 6.8591 186.1783 126.6983 231.9024 1.5507 4.1813 1.7757 -20.8655 2.1062 27.8940 3.0479 0.5279
Car -1 -1 3.5087 128.7323 184.8943 206.7446 222.9061 1.5596 3.9329 1.7346 -20.1635 2.1457 33.0130 2.9637 0.4982
Car -1 -1 2.6653 764.0224 176.6352 804.0436 196.5243 1.7425 4.1299 1.8817 15.9210 2.1020 66.2905 2.8996 0.4429
Car -1 -1 2.9578 542.0901 179.7481 572.7402 199.5606 1.5290 3.3874 1.9025 -4.3441 2.1098 58.8696 2.8841 0.4040
Car -1 -1 3.0922 89.7316 180.7809 135.0161 214.2039 1.5342 4.0522 1.6810 -25.0710 1.9561 36.2444 2.4903 0.2642
