Pedestrian -1 -1 -3.4161 1177.9679 150.3501 1242.0000 317.5448 1.7827 0.7237 0.6331 6.8691 1.5431 8.1484 -2.7340 0.7141
Pedestrian -1 -1 2.2786 1054.1538 167.6841 1075.4530 198.5790 1.7933 0.8402 0.6450 26.6738 1.4935 42.3758 2.8369 0.4411
Pedestrian -1 -1 2.4117 802.0232 168.7602 853.2048 238.8010 1.7387 0.8975 0.8824 5.5254 1.6375 18.5039 2.6968 0.3695
Pedestrian -1 -1 -1.0541 1153.4480 166.9504 1174.1157 199.5463 1.7839 0.6544 0.6867 30.6036 1.4612 39.9208 -0.4039 0.3325
Pedestrian -1 -1 2.7445 700.0533 151.4523 722.5059 198.8166 1.8791 0.8259 0.6240 4.0384 1.0304 29.1031 2.8807 0.3114
Pedestrian -1 -1 2.4970 970.4092 153.2982 993.4460 196.1023 1.8719 0.7030 0.6044 16.4258 1.0171 31.9505 2.9680 0.2881
Pedestrian -1 -1 -1.5919 416.6578 176.3559 430.7564 203.0526 1.7971 0.9154 0.6864 -12.7199 2.0381 49.1398 -1.8443 0.2859
Pedestrian -1 -1 2.5367 340.6248 179.1164 360.8657 210.9987 1.7408 0.7926 0.7407 -14.4564 2.0942 40.1357 2.1927 0.2671
Pedestrian -1 -1 0.6451 933.2554 149.0338 1017.0510 282.9059 1.8740 1.0477 0.5965 5.3119 1.5409 10.6020 1.0977 0.2504
Pedestrian -1 -1 2.3725 443.7255 164.1437 458.7159 195.2453 1.8385 0.6758 0.5622 -9.5115 1.3239 43.0698 2.1561 0.2252
Cyclist -1 -1 -0.4445 1030.2002 167.8989 1062.4860 203.9290 1.7078 1.8887 0.5824 21.2073 1.4733 35.1649 0.0942 0.5140
Cyclist -1 -1 0.2087 265.3376 182.7141 280.1605 207.4340 1.7345 1.8146 0.6102 -24.4828 2.4632 52.3388 -0.2272 0.3970
Cyclist -1 -1 3.0899 415.2344 178.2217 426.1652 203.8990 1.7007 1.6928 0.6320 -12.9087 2.0728 49.0657 2.8336 0.3951
Cyclist -1 -1 3.3309 186.3151 209.0012 235.8691 319.8970 1.6109 1.5761 0.4118 -6.5620 2.2443 11.8218 2.8331 0.3768
Cyclist -1 -1 -0.5671 1022.4054 167.1038 1051.3088 197.8747 1.7006 1.7210 0.5625 24.0544 1.3832 40.7455 -0.0373 0.3736
Cyclist -1 -1 3.1384 344.2741 181.0740 355.0963 211.1052 1.6165 1.5616 0.5558 -14.5120 2.0834 40.1191 2.7931 0.3602
Cyclist -1 -1 2.5406 1051.0602 168.9768 1078.0569 198.8245 1.7208 1.6266 0.5068 26.6770 1.4977 42.4204 3.0986 0.2820
Cyclist -1 -1 3.6781 0.0000 203.9573 42.4865 287.2357 1.5940 1.5292 0.3601 -12.6675 2.2824 15.1756 2.9910 0.2731
Cyclist -1 -1 -3.2948 799.1411 168.0276 838.5575 239.1243 1.7421 1.7644 0.6999 5.3095 1.6242 18.5947 -3.0216 0.2711
Cyclist -1 -1 2.9646 510.9858 178.7218 523.0806 201.4796 1.6617 1.7468 0.5993 -7.0016 2.1094 54.0821 2.8360 0.2640
Cyclist -1 -1 0.2105 392.3340 176.1470 403.4142 195.5907 1.8012 1.8291 0.6352 -20.0305 2.1166 68.0925 -0.0748 0.2321
Car -1 -1 2.6081 522.7800 180.2691 586.0613 212.6852 1.5447 3.5483 1.6757 -2.9453 1.9473 37.1989 2.5291 0.4064
Car -1 -1 1.0018 726.4122 174.8757 804.7111 203.4426 1.5678 4.0153 1.8774 8.8837 1.6886 41.4061 1.2112 0.3965
Car -1 -1 0.9759 828.8526 171.8477 892.3041 197.3381 1.5216 3.2635 1.7515 15.3481 1.4619 44.3395 1.3067 0.2943
Car -1 -1 2.5373 646.8408 177.1008 708.3322 206.2300 1.5187 3.5900 1.6526 3.6773 1.7670 40.1589 2.6274 0.2611
Car -1 -1 0.2002 462.8954 178.4174 490.9287 197.3934 1.4935 3.5154 1.6104 -10.9830 1.9671 59.5983 0.0184 0.2490
Car -1 -1 1.0344 704.8642 175.7214 763.5974 197.2368 1.4940 3.7929 1.7877 8.9225 1.7071 52.0187 1.2029 0.2467
Car -1 -1 -1.3607 240.9576 189.3157 339.4832 228.1579 1.5492 3.5705 1.8923 -13.7612 2.2898 31.1535 -1.7739 0.2380
