Pedestrian -1 -1 -1.9932 428.0234 168.3739 449.6220 202.8343 1.7905 0.9730 0.5353 -9.0503 1.5581 37.9966 -2.2258 0.1751
Pedestrian -1 -1 1.8302 0.0000 218.5782 52.6076 328.7370 1.7388 0.9364 0.7836 -10.3174 2.5595 12.3924 1.1463 0.1635
Pedestrian -1 -1 0.5897 519.2878 185.9668 547.6111 231.2290 1.7403 0.7717 0.8267 -3.0721 2.2698 28.5822 0.4828 0.1542
Pedestrian -1 -1 2.6433 890.8243 167.2197 917.1849 214.9816 1.7417 0.7095 0.6399 10.8311 1.5366 26.6995 3.0243 0.1365
Cyclist -1 -1 2.7474 876.1047 162.3690 909.2975 209.0747 1.7864 1.8670 0.5366 11.1176 1.3857 28.5354 3.1150 0.2117
Cyclist -1 -1 -0.5158 753.8629 173.0705 778.4523 201.9133 1.7656 1.9266 0.6328 9.7354 1.7798 45.1943 -0.3054 0.1772
Cyclist -1 -1 -0.0779 558.2701 178.8862 566.8128 198.0949 1.7148 1.7986 0.6389 -4.3616 2.2743 65.9352 -0.1441 0.1761
Cyclist -1 -1 0.3445 430.5326 168.7332 453.3199 203.3975 1.7875 1.8656 0.5779 -8.9131 1.5754 38.1646 0.1163 0.1740
Cyclist -1 -1 -1.0760 336.5482 183.6826 365.4750 210.8870 1.8813 1.8102 0.6784 -18.2393 2.6503 50.7424 -1.4198 0.1620
Cyclist -1 -1 2.8120 750.5420 169.7513 766.6544 194.2701 1.7740 1.9779 0.5486 10.9229 1.5499 53.2191 3.0129 0.1616
Cyclist -1 -1 -0.3257 568.3186 172.1222 585.8680 196.5377 1.7249 1.7418 0.7411 -2.4043 1.6735 51.9177 -0.3722 0.1534
Cyclist -1 -1 -1.3030 411.7870 168.9599 442.9543 198.6183 1.8234 1.7625 0.6522 -11.3407 1.5843 44.7002 -1.5504 0.1474
Cyclist -1 -1 0.4233 0.0000 218.6274 62.2510 331.7017 1.7474 1.6267 0.5169 -10.3809 2.6070 12.6896 -0.2523 0.1439
Car -1 -1 -1.8427 779.1080 173.0164 867.4722 227.2926 1.5918 1.6649 4.0240 6.6857 1.5978 23.1865 -1.5660 0.6772
Car -1 -1 -2.5027 307.6228 176.4819 361.1059 198.4621 1.5839 2.0531 3.1231 -20.5866 1.8623 53.8714 -2.8663 0.2836
Car -1 -1 1.8608 445.0946 177.0351 498.4254 198.0542 1.5425 3.5492 1.9596 -10.4510 1.8657 54.5606 1.6721 0.2095
Car -1 -1 1.7834 142.8875 178.9087 234.9200 210.4938 1.6122 4.0038 1.7019 -22.5895 1.9501 38.7975 1.2589 0.1818
Car -1 -1 -2.6461 387.5168 177.7991 441.7857 198.7526 1.5327 2.1361 3.3751 -14.8601 1.9190 54.8777 -2.9096 0.1769
Car -1 -1 2.0982 457.5732 179.1864 516.4975 201.8776 1.5061 3.6437 1.7712 -8.5732 1.9598 50.1777 1.9295 0.1666
Car -1 -1 1.6803 553.1451 178.7466 602.0470 200.9036 1.4560 3.1390 1.7727 -2.2006 1.8640 48.9225 1.6351 0.1641
Car -1 -1 1.9269 344.9457 181.3228 407.7175 203.2425 1.5174 3.9129 1.7424 -16.7189 2.1351 51.6409 1.6150 0.1530
Car -1 -1 3.3616 295.2076 183.6862 335.9342 208.8177 1.4547 3.5118 1.6330 -18.4401 2.1622 45.2374 2.9762 0.1491
Car -1 -1 3.2648 239.6085 179.1474 280.0013 207.7879 1.5121 3.7523 1.6099 -19.8883 1.8880 41.0205 2.8156 0.1393
Car -1 -1 3.2151 303.6522 185.1681 341.3275 215.2301 1.5055 3.5817 1.6614 -15.8016 2.2167 39.6919 2.8382 0.1370
