Pedestrian -1 -1 -2.1295 844.6924 152.7529 914.7233 266.3965 1.7889 0.8504 0.6550 4.3352 1.4728 11.7656 -1.7854 0.3271
Pedestrian -1 -1 1.5603 767.1394 187.5450 847.1295 329.0511 1.5912 0.8887 0.6742 2.2891 1.7762 8.6331 1.8095 0.2508
Pedestrian -1 -1 0.4777 81.5558 128.0582 173.2675 278.5663 1.8563 0.8504 0.6679 -6.2826 1.3042 9.3531 -0.1009 0.1996
Pedestrian -1 -1 1.4676 618.0178 180.7542 634.1560 209.6692 1.6893 0.8857 0.7170 0.9161 2.1622 42.7612 1.4882 0.1916
Pedestrian -1 -1 -3.3517 752.1891 142.4101 788.8932 230.9740 1.8124 0.7748 0.5983 3.3111 1.1897 15.1505 -3.1411 0.1891
Pedestrian -1 -1 3.1007 168.2186 163.2179 188.5108 213.3799 1.8760 0.7031 0.6362 -16.4679 1.5160 27.4508 2.5644 0.1518
Pedestrian -1 -1 -1.8511 487.7256 177.0237 495.9866 197.1875 1.6525 0.5091 0.6695 -9.8021 2.0003 59.7120 -2.0135 0.1454
Pedestrian -1 -1 -0.5145 121.1755 174.1271 141.7364 208.5478 1.8039 0.6538 0.6760 -25.4340 1.8726 38.2943 -1.0978 0.1433
Cyclist -1 -1 -0.1456 621.0816 181.7502 634.1326 210.4558 1.6442 1.6290 0.5377 1.0010 2.1813 42.6878 -0.1230 0.2577
Cyclist -1 -1 0.2346 484.8683 178.3224 497.4715 199.9241 1.7426 1.8293 0.6202 -9.8335 2.2019 59.6112 0.0714 0.2572
Cyclist -1 -1 0.1858 178.2634 163.7186 205.4474 212.0706 1.7709 1.7510 0.5735 -15.8739 1.4367 27.3443 -0.3361 0.1756
Cyclist -1 -1 0.4736 216.7064 168.0950 244.2475 201.8639 1.7926 1.8116 0.5578 -20.6431 1.5403 39.2080 -0.0085 0.1387
Cyclist -1 -1 -1.3745 318.0668 191.2958 358.3447 229.2175 1.8266 1.7690 0.6620 -13.4660 2.7510 35.6794 -1.7334 0.1353
Cyclist -1 -1 -1.7114 533.5620 179.8299 556.2456 202.2861 1.8826 1.8437 0.6830 -5.5610 2.4815 61.3673 -1.8018 0.1279
Car -1 -1 2.8820 527.6168 178.5739 557.7758 197.1477 1.5416 3.6366 1.7483 -5.9394 2.0583 63.1286 2.7882 0.3429
Car -1 -1 3.2002 489.7573 182.3652 512.6567 201.3968 1.4944 3.5967 1.6885 -9.0987 2.3154 60.3859 3.0509 0.1587
Car -1 -1 -0.1584 606.7868 179.9117 643.2438 206.3385 1.5220 3.8762 1.6555 0.8516 1.9792 44.6734 -0.1400 0.1520
Car -1 -1 2.7631 485.3767 186.6986 527.1626 208.7058 1.4889 3.8968 1.7532 -7.7716 2.5589 53.6148 2.6193 0.1453
Car -1 -1 -0.5613 1052.2222 180.2352 1242.0000 375.0000 1.4761 3.6684 1.6837 5.6814 1.5624 6.4704 0.1362 0.1340
