Cyclist -1 -1 2.3651 1095.5576 132.3936 1242.0000 313.9338 1.8240 1.8902 0.6223 6.5125 1.4178 8.2231 3.0171 0.3238
Cyclist -1 -1 2.4293 1062.3440 145.3961 1205.3518 277.5594 1.7375 1.8130 0.6131 7.4255 1.3769 10.4173 3.0348 0.3161
Cyclist -1 -1 -0.0407 626.8685 175.3885 635.1364 197.5943 1.7429 1.7678 0.5867 1.6505 1.9491 57.7185 -0.0127 0.3064
Car -1 -1 -1.8110 716.8392 181.5602 885.4629 297.9915 1.5135 1.6114 4.1231 2.8229 1.6807 11.7567 -1.5822 0.7367
Car -1 -1 -2.0125 754.6884 180.0509 1242.0000 375.0000 1.5736 1.6848 4.4201 2.6305 1.6596 6.3250 -1.6362 0.7325
Car -1 -1 -1.7244 677.3986 177.7704 775.4895 251.4995 1.5553 1.6950 4.0838 2.6434 1.6891 17.5388 -1.5782 0.7143
Car -1 -1 -1.4696 486.2473 182.1316 548.1073 231.9160 1.5449 1.7435 3.8935 -3.1882 1.8932 25.0894 -1.5953 0.6694
Car -1 -1 -1.6963 666.5892 179.4174 730.3834 227.2764 1.5382 1.7414 4.0309 3.0276 1.7914 25.7682 -1.5814 0.6315
Car -1 -1 -1.5443 651.9036 178.9195 687.0994 213.7954 1.5098 1.5527 3.5774 2.7849 1.8095 33.7431 -1.4633 0.4146
Car -1 -1 -1.4818 635.1617 178.8282 665.8372 205.2023 1.5137 1.5594 3.7120 2.4872 1.8965 44.2405 -1.4266 0.4098
Car -1 -1 -2.6137 0.0000 0.0000 1242.0000 375.0000 1.5473 1.6777 3.8697 2.1487 1.6269 1.1657 -1.6418 0.3396
Car -1 -1 -0.2474 786.7504 172.1733 848.7610 210.5160 1.5405 3.7882 1.6510 8.7751 1.5135 30.9014 0.0263 0.3230
