Pedestrian -1 -1 3.2589 162.6325 173.9562 275.5710 374.0000 1.7157 0.9606 0.7743 -3.4103 1.6560 6.3966 2.7794 0.7901
Pedestrian -1 -1 1.2603 730.1611 175.2733 782.6139 256.9530 1.6888 0.9047 0.7274 3.2435 1.5613 15.2605 1.4607 0.7500
Pedestrian -1 -1 2.7081 468.2932 181.6254 496.1355 227.7296 1.6697 0.8550 0.7211 -4.4344 1.6755 26.5718 2.5390 0.7173
Pedestrian -1 -1 -0.7059 1061.8071 143.9429 1220.7670 362.8307 1.7973 0.9396 0.6732 4.7097 1.4903 6.3955 -0.0961 0.7128
Pedestrian -1 -1 0.7545 1141.7211 156.9519 1222.8440 253.8202 1.7955 1.0414 0.6822 11.0490 1.3418 13.7288 1.4176 0.6166
Pedestrian -1 -1 2.1796 737.6612 167.5508 872.6299 374.0000 1.6507 0.8130 0.6469 1.5633 1.5510 5.7230 2.4286 0.5581
Pedestrian -1 -1 -0.4066 845.5937 153.3468 877.9918 216.7105 1.8413 0.7940 0.6345 7.6801 1.0243 21.2897 -0.0694 0.5546
Pedestrian -1 -1 2.6775 750.9395 169.5161 791.1370 245.5358 1.6775 0.7878 0.5921 3.8049 1.4142 16.3019 2.8979 0.4518
Pedestrian -1 -1 -0.7579 678.3586 175.0021 696.3187 204.3206 1.7186 0.8069 0.6924 5.0998 1.3385 42.6347 -0.6447 0.4437
Pedestrian -1 -1 2.8407 460.3308 175.9968 482.8503 220.7141 1.6996 0.7979 0.6474 -5.0487 1.4915 27.8041 2.6576 0.3976
Pedestrian -1 -1 2.8921 561.9678 176.6999 582.3660 216.2596 1.7149 0.8524 0.7049 -1.3075 1.5077 31.6466 2.8459 0.3853
Pedestrian -1 -1 -1.7249 625.2855 178.2840 634.5940 200.0748 1.6944 0.6257 0.6913 2.2516 1.4448 56.2328 -1.6901 0.3727
Pedestrian -1 -1 3.2788 322.3321 177.4550 370.5671 276.9978 1.7185 0.9327 0.6994 -4.6127 1.6500 12.9266 2.9367 0.3714
Pedestrian -1 -1 -2.0830 659.0267 172.7278 689.9150 219.5616 1.7853 1.0227 0.6131 2.8130 1.4520 27.8686 -1.9885 0.3546
Pedestrian -1 -1 1.1806 992.2464 174.2940 1049.9523 251.5597 1.6575 0.8802 0.7301 9.1926 1.5042 15.8237 1.6944 0.3516
Pedestrian -1 -1 2.4804 883.7946 167.5213 936.7191 242.4195 1.7258 0.8840 0.7723 7.2961 1.4049 17.0773 2.8733 0.3382
Pedestrian -1 -1 3.0732 0.6916 137.0470 77.5016 293.4257 1.8666 0.9212 0.7134 -7.2193 1.3373 9.1528 2.4137 0.3081
Pedestrian -1 -1 2.0307 384.8396 185.0416 411.6972 227.0755 1.7101 0.8515 0.6927 -8.4151 1.8596 29.7098 1.7517 0.3022
Cyclist -1 -1 2.5848 618.0482 178.5639 637.9331 201.2208 1.7423 1.8671 0.6600 2.0912 1.5170 56.2091 2.6168 0.4409
Cyclist -1 -1 2.3366 46.7488 190.8022 241.5528 353.2966 1.6573 1.8312 0.7192 -5.0716 1.7682 7.9237 1.7760 0.3528
Cyclist -1 -1 -0.0486 579.3157 182.0888 595.5364 220.4302 1.6157 1.6665 0.6112 -0.6310 1.6429 31.1477 -0.0739 0.2994
Car -1 -1 3.1955 513.5102 177.0069 560.5547 217.6068 1.6611 4.4665 1.8449 -2.7777 1.4783 31.6548 3.1035 0.6131
Car -1 -1 3.0966 579.1024 174.7874 608.9461 200.2628 1.6149 4.1140 1.7674 -0.5234 1.1901 47.6396 3.0806 0.4243
Car -1 -1 2.5156 213.8980 178.4741 274.1960 204.1093 1.5571 3.5136 1.6424 -22.4719 1.3741 45.1700 2.0512 0.3271
Car -1 -1 -2.4726 84.7932 186.6897 185.9814 228.6154 1.6315 3.6793 1.6637 -19.5737 1.8654 30.3332 -3.0469 0.3262
Car -1 -1 2.9509 621.9040 177.3459 647.1202 193.8096 1.4949 3.2450 1.7462 3.0951 1.1181 66.9552 2.9920 0.3204
Car -1 -1 -2.7409 912.1940 192.5530 1238.0000 374.0000 1.5131 1.6450 3.9128 3.0965 1.5848 2.4442 -1.8950 0.2967
