Pedestrian -1 -1 0.8487 759.6897 144.0852 830.9283 262.0029 1.8951 0.9659 0.6580 3.0547 1.4331 12.1088 1.0892 0.3156
Pedestrian -1 -1 -0.2629 327.9588 177.9307 342.2065 205.7618 1.7626 0.6589 0.7087 -17.6902 2.0924 46.3419 -0.6259 0.3037
Pedestrian -1 -1 -1.1469 1080.1046 121.0625 1130.6401 210.0325 1.8873 0.7297 0.6039 10.7750 0.7890 15.7725 -0.5562 0.2424
Pedestrian -1 -1 0.8887 685.0105 168.6096 699.8210 189.1590 1.8059 1.1823 0.6147 7.2886 1.4333 63.9841 1.0013 0.2116
Pedestrian -1 -1 -0.2379 448.0768 167.2328 463.7429 202.0491 1.8733 0.8554 0.6520 -8.4416 1.5712 39.3456 -0.4482 0.1968
Cyclist -1 -1 0.4630 110.7430 178.1342 134.0459 203.6819 1.7414 1.8233 0.5985 -34.1502 2.1183 50.5109 -0.1292 0.3563
Cyclist -1 -1 -0.4805 727.7102 175.0823 746.2491 197.7764 1.7528 1.9448 0.6071 9.9859 1.9321 56.9437 -0.3082 0.2721
Cyclist -1 -1 -0.5728 682.6490 169.5140 699.8417 189.9426 1.7875 1.8629 0.6018 7.1888 1.4956 64.0988 -0.4619 0.2495
Cyclist -1 -1 0.1691 432.4873 179.8942 443.9497 201.2427 1.6867 1.7238 0.6229 -13.9372 2.2662 58.4660 -0.0643 0.2016
Car -1 -1 3.0966 392.5642 175.7876 420.2165 199.4652 1.5924 3.9276 1.7112 -14.5038 1.8096 51.1852 2.8216 0.4130
Car -1 -1 1.7326 453.1359 180.6327 513.3084 206.4194 1.4928 3.3223 1.6254 -7.5726 1.9669 43.1021 1.5593 0.4076
Car -1 -1 3.1871 428.1894 177.3505 449.7708 197.0120 1.5629 3.4434 1.5921 -14.2257 1.9489 60.0342 2.9551 0.3993
Car -1 -1 1.6763 495.9150 178.0997 544.0986 197.5356 1.5039 3.6309 1.7165 -7.1299 1.9266 57.2015 1.5524 0.3132
Car -1 -1 -0.0435 612.2316 177.3819 632.7275 193.8562 1.5034 3.3619 1.7952 1.1430 1.9443 68.4853 -0.0273 0.2829
Car -1 -1 3.1669 515.3413 182.7196 539.8369 204.0864 1.5042 3.5611 1.7455 -6.2032 2.2730 54.3506 3.0533 0.2088
Car -1 -1 2.3124 81.6440 181.1823 159.6488 207.9998 1.4656 3.4678 1.6759 -27.9399 1.9539 41.1883 1.7192 0.1990
Car -1 -1 2.6726 741.1584 180.9092 786.0018 202.6555 1.4700 3.6955 1.6782 11.0469 2.0761 52.2571 2.8793 0.1926
