Pedestrian -1 -1 -0.2566 648.3088 162.5018 693.8965 258.1118 1.7823 0.8015 0.6900 1.1158 1.5897 13.9036 -0.1793 0.1585
Pedestrian -1 -1 2.3119 603.2293 161.4879 626.8712 205.6421 1.8630 0.7736 0.6566 0.1753 1.3838 30.9454 2.3170 0.1186
Cyclist -1 -1 -0.1501 611.2151 168.5950 633.5650 214.9841 1.7417 1.9024 0.5855 0.4254 1.5822 28.0700 -0.1357 0.3255
Cyclist -1 -1 -2.9328 607.1638 166.0567 640.5151 216.7028 1.7608 1.8443 0.8452 0.4749 1.5248 26.0764 -2.9154 0.1897
Cyclist -1 -1 2.5473 589.9240 170.1155 610.8091 194.2556 1.8377 1.9640 0.6235 -0.7813 1.6296 55.9104 2.5330 0.1663
Cyclist -1 -1 -0.0048 523.6172 170.0902 544.0660 221.5771 1.7299 1.9040 0.6844 -2.7132 1.6374 25.2241 -0.1115 0.1630
Cyclist -1 -1 -0.2915 645.8637 152.6565 705.4979 264.1696 1.8271 1.8600 0.5230 1.0766 1.4966 12.7838 -0.2105 0.1383
Cyclist -1 -1 3.4469 0.0000 119.3295 115.5932 340.0004 1.8122 1.7150 0.4431 -5.2537 1.3730 6.8054 2.8080 0.1256
Cyclist -1 -1 -0.2899 684.5716 145.5145 765.2374 298.6286 1.7766 1.8389 0.4960 1.3810 1.4597 9.3153 -0.1486 0.1234
Cyclist -1 -1 -0.1666 551.4644 172.6648 564.1409 197.4194 1.7399 1.7913 0.6144 -3.7724 1.7270 51.6556 -0.2396 0.1173
Cyclist -1 -1 2.8699 597.5272 165.8275 614.2200 195.9650 1.8289 1.9434 0.5309 -0.2986 1.4028 44.7905 2.8629 0.1147
Car -1 -1 1.7632 206.1245 184.6193 454.4381 375.0000 1.5330 1.6011 3.6147 -2.6205 1.6859 7.4570 1.4350 0.7427
Car -1 -1 1.7293 411.6525 182.8600 529.1944 273.5360 1.5475 1.7309 3.8751 -2.7357 1.7789 14.7004 1.5476 0.7364
Car -1 -1 -2.8459 567.0092 174.3079 598.7311 193.2034 1.5692 3.9249 1.6702 -2.3293 1.6995 62.3533 -2.8834 0.1558
Car -1 -1 2.6671 605.3981 0.0000 1242.0000 375.0000 1.6242 3.7974 1.7056 1.0727 1.2784 3.0793 2.9724 0.1288
Car -1 -1 -1.1349 560.8532 178.3048 612.8740 199.6400 1.4715 3.2800 1.8361 -1.6887 1.8760 52.0108 -1.1676 0.1104
Car -1 -1 2.8487 588.0588 174.9301 622.3381 195.2466 1.5500 3.5968 1.7587 -0.4415 1.7213 57.4264 2.8406 0.1079
