Pedestrian -1 -1 -0.6362 894.9915 161.7140 965.8920 267.0404 1.7620 0.8725 0.7555 5.5190 1.5760 12.5792 -0.2322 0.7805
Pedestrian -1 -1 2.1799 937.6068 158.4609 959.9149 195.1110 1.8701 0.8228 0.6469 17.4893 1.1361 37.3335 2.6148 0.3843
Pedestrian -1 -1 -2.2606 1158.2510 131.3580 1238.3595 241.1816 1.8516 0.9012 0.5965 10.1010 1.1523 12.4695 -1.5914 0.3165
Pedestrian -1 -1 -2.5067 793.0624 169.6643 808.1009 195.4159 1.8145 0.9015 0.6226 13.5393 1.5901 51.3630 -2.2508 0.2874
Pedestrian -1 -1 2.8700 176.2538 175.2718 192.7796 206.6219 1.7763 0.6578 0.6661 -24.4610 1.9170 41.4200 2.3392 0.2431
Cyclist -1 -1 -0.1267 177.7071 176.6990 192.5462 206.7527 1.6841 1.7600 0.5200 -24.4815 1.9102 41.5048 -0.6570 0.2756
Car -1 -1 -0.7267 197.8956 181.3668 327.1730 233.6205 1.5324 1.7220 3.6032 -11.3903 1.8371 23.8017 -1.1691 0.5371
Car -1 -1 -2.8021 572.5519 179.5231 618.2783 206.8755 1.5148 3.5626 1.6237 -0.8544 1.9292 42.8505 -2.8225 0.4906
Car -1 -1 2.9864 202.9527 181.0281 233.7615 200.8359 1.5214 3.7609 1.6579 -32.1052 2.2135 59.0630 2.4902 0.4639
Car -1 -1 -1.3615 82.0090 183.6254 166.2073 210.2904 1.5217 3.9805 1.7364 -29.5518 2.2015 43.9658 -1.9507 0.3390
Car -1 -1 -2.6882 431.6118 178.6731 499.7526 215.1079 1.5210 3.3352 1.7242 -6.4825 1.7986 32.5361 -2.8838 0.3209
Car -1 -1 -0.6701 821.1768 177.6569 870.5000 198.9325 1.5283 3.5616 1.7021 17.8006 1.9058 54.6817 -0.3574 0.2961
Car -1 -1 3.3538 221.5761 180.3124 251.3136 198.6464 1.5687 3.6558 1.6551 -33.8014 2.2648 65.3264 2.8777 0.2680
Car -1 -1 -1.5373 769.7199 175.3664 791.4454 193.1527 1.5523 1.8072 3.5396 15.4796 1.7874 65.4640 -1.3065 0.2560
Car -1 -1 3.2659 62.7432 178.2729 99.5939 200.8450 1.5792 3.5876 1.7636 -39.1405 1.9959 53.4329 2.6359 0.2452
Car -1 -1 0.4846 212.1688 180.8075 298.5889 220.4732 1.5210 3.5567 1.7854 -14.7783 1.8741 30.1951 0.0326 0.2443
