Pedestrian -1 -1 1.3908 181.9775 166.1805 306.4768 375.0000 1.7382 0.7935 0.7814 -3.0778 1.6886 5.9448 0.9301 0.6621
Car -1 -1 -1.6331 699.3035 183.0578 760.6263 235.8314 1.4831 1.6610 3.9215 3.7074 1.8387 23.0899 -1.4767 0.8506
Car -1 -1 -1.5608 583.7477 179.5553 653.4520 245.8277 1.5565 1.6782 4.0293 0.1952 1.7558 19.3846 -1.5519 0.7454
Car -1 -1 -2.6298 654.7120 177.5388 739.9144 217.0757 1.5392 2.5519 2.6478 3.6438 1.7482 30.3272 -2.5120 0.6231
Car -1 -1 -1.9158 298.9656 177.2852 445.2247 265.0531 1.5147 1.6828 3.5782 -4.9456 1.6164 14.5704 -2.2381 0.5704
Car -1 -1 3.3654 262.9200 177.7035 322.3999 214.3954 1.5653 3.6089 1.7406 -14.5733 1.8019 33.2240 2.9547 0.5537
Car -1 -1 -1.8259 730.5626 162.4967 908.2075 281.1359 1.6717 1.7741 4.2772 3.2565 1.5261 12.3054 -1.5741 0.5353
Car -1 -1 -2.0462 461.2479 179.3484 542.6636 222.3148 1.5367 1.7701 3.4475 -4.3299 1.8091 28.2982 -2.1972 0.5096
Car -1 -1 3.1852 150.5612 174.8065 228.5057 239.2409 1.5917 3.9005 1.6767 -11.6289 1.6521 20.0675 2.6655 0.4684
Car -1 -1 2.8820 524.7466 176.7336 570.1741 205.3075 1.5611 3.6596 1.7452 -3.7180 1.7980 41.9820 2.7937 0.4414
Car -1 -1 -2.3185 381.9142 182.0005 515.0706 241.2558 1.5110 1.5827 3.7555 -4.7057 1.7948 20.6401 -2.5405 0.4061
Car -1 -1 -0.4058 359.3297 173.4914 432.1742 211.7781 1.5596 3.6828 1.7250 -9.4148 1.5894 31.4207 -0.6950 0.3813
