Pedestrian -1 -1 -2.0696 468.6291 174.8993 486.4147 203.3209 1.7872 0.9336 0.6167 -8.4738 1.9195 45.9800 -2.2512 0.1979
Pedestrian -1 -1 -0.9182 1068.7408 163.4743 1141.9487 272.1553 1.7458 0.7652 0.6614 8.2140 1.5955 12.0573 -0.3321 0.1860
Pedestrian -1 -1 -1.9169 703.5161 180.5502 726.3406 220.0526 1.7290 0.8301 0.6607 4.6312 2.0766 32.1460 -1.7758 0.1633
Pedestrian -1 -1 3.2612 106.2497 161.3771 212.2358 375.0000 1.7412 0.8096 0.6830 -3.9581 1.6494 6.3034 2.7187 0.1554
Cyclist -1 -1 -1.2632 443.2789 168.2174 473.5884 196.9554 1.8247 1.7955 0.6238 -9.7348 1.5307 46.2115 -1.4700 0.3005
Cyclist -1 -1 3.4144 335.3676 171.3884 379.2610 242.6473 1.6759 1.7428 0.5733 -6.2756 1.6418 17.8543 3.0806 0.1995
Cyclist -1 -1 -1.6425 554.3536 171.1981 574.8662 191.0712 1.7548 1.7781 0.6428 -4.0590 1.6089 64.1466 -1.7058 0.1933
Cyclist -1 -1 2.6723 519.9007 170.8905 545.1146 202.6444 1.8604 2.0331 0.6537 -4.6961 1.7458 43.3021 2.5645 0.1906
Cyclist -1 -1 3.0630 480.2044 169.2636 500.6746 218.7799 1.8181 1.8380 0.6236 -4.6049 1.6867 27.4578 2.8979 0.1760
Cyclist -1 -1 -0.4210 649.7882 174.5845 687.4014 222.2904 1.7011 1.9576 0.6434 2.1144 1.7682 26.8300 -0.3439 0.1747
Cyclist -1 -1 -0.1848 706.6922 184.7701 722.9854 223.4955 1.6557 1.6096 0.4239 4.6242 2.2007 32.1609 -0.0441 0.1650
Cyclist -1 -1 -2.9473 878.5738 168.0494 920.8213 237.1468 1.6906 1.7388 0.6992 7.4252 1.5734 18.5720 -2.5731 0.1599
Cyclist -1 -1 -0.8616 1039.4365 163.7207 1169.7961 278.2697 1.7705 1.8546 0.5905 8.1862 1.6297 12.1224 -0.2796 0.1522
Cyclist -1 -1 -2.9170 464.4149 174.4211 482.0972 206.5154 1.7243 1.7505 0.5823 -7.5561 1.8129 39.7354 -3.1041 0.1483
Car -1 -1 -1.8630 726.5677 183.2701 913.8498 301.3805 1.5617 1.7410 4.2698 3.1980 1.7679 12.0889 -1.6116 0.8064
Car -1 -1 -1.7538 645.2175 174.3609 710.3318 217.6542 1.5952 1.8745 3.9557 2.5769 1.6600 28.7842 -1.6661 0.5517
Car -1 -1 -0.4782 902.0978 182.1846 1170.4814 307.5504 1.4829 4.0202 1.7015 5.9853 1.6498 10.8543 0.0134 0.2626
Car -1 -1 2.7867 702.9206 167.7498 752.7812 196.3161 1.6194 3.9529 1.6486 6.9288 1.3304 42.9999 2.9450 0.1922
Car -1 -1 -0.3687 730.0319 174.6890 814.3035 220.1592 1.5079 3.9790 1.6315 5.7350 1.5802 26.1868 -0.1560 0.1793
Car -1 -1 3.2664 0.0000 179.9419 242.3179 375.0000 1.5358 3.8613 1.6800 -4.9613 1.6318 7.6300 2.7052 0.1762
Car -1 -1 -0.2402 529.6407 177.2806 559.0943 196.7075 1.5581 3.5765 1.6612 -5.5754 1.9431 60.7227 -0.3317 0.1664
Car -1 -1 -0.2660 695.4795 174.7345 744.6421 205.7031 1.5261 3.7581 1.5958 5.6619 1.6300 37.7524 -0.1188 0.1656
