Pedestrian -1 -1 2.4974 742.2997 176.6136 764.7916 218.3784 1.7156 0.7312 0.6035 5.9602 1.8756 30.1798 2.6899 0.4672
Pedestrian -1 -1 1.2697 661.7797 181.6664 673.9553 204.9148 1.7127 0.7410 0.6660 4.2914 2.3760 53.8675 1.3482 0.2913
Pedestrian -1 -1 0.7804 867.8572 162.7295 921.4950 248.8132 1.7734 0.8435 0.6593 5.9964 1.5652 15.3355 1.1459 0.2819
Pedestrian -1 -1 2.1102 961.6545 165.6941 1015.7434 244.9361 1.7263 0.8583 0.6701 8.4775 1.5707 16.2579 2.5828 0.2485
Pedestrian -1 -1 -0.8254 1031.5175 170.2574 1073.5885 236.3539 1.7674 0.7423 0.6416 12.0516 1.6983 19.7367 -0.2844 0.2231
Pedestrian -1 -1 -0.8753 1050.2406 172.6927 1103.1746 246.2215 1.7049 0.8404 0.6484 11.0843 1.7015 17.2270 -0.3120 0.1981
Pedestrian -1 -1 -0.1803 1171.3157 174.8036 1214.8083 246.9929 1.7613 0.8578 0.7016 14.6232 1.8122 18.1740 0.4887 0.1812
Cyclist -1 -1 3.3087 158.6473 178.1477 171.3479 201.7776 1.7192 1.7496 0.5206 -33.2074 2.1211 53.8098 2.7578 0.2369
Cyclist -1 -1 -1.4176 654.6169 179.8534 707.8652 227.7659 1.7828 1.9353 0.7820 2.6918 2.0573 27.6422 -1.3224 0.2067
Cyclist -1 -1 -0.6502 732.2128 178.0770 770.6141 220.1788 1.6952 1.8602 0.5627 5.8682 1.9215 30.2460 -0.4611 0.2035
Cyclist -1 -1 0.3783 33.7071 188.7348 58.7151 220.0805 1.7294 1.7707 0.5176 -32.5742 2.6671 41.6621 -0.2824 0.1938
Cyclist -1 -1 1.2745 934.5882 165.2498 1038.2839 243.1427 1.6972 1.9233 0.7933 8.4022 1.5319 16.2745 1.7431 0.1927
Cyclist -1 -1 3.0112 694.2841 174.5822 708.5739 205.9017 1.7650 1.8081 0.5833 5.2365 1.8673 41.6643 3.1349 0.1887
Cyclist -1 -1 -2.0580 1127.9180 184.4436 1242.0000 266.5577 1.7024 1.8958 0.6749 12.3760 1.9613 15.5930 -1.3970 0.1832
Cyclist -1 -1 -0.6141 913.4394 191.2416 971.9831 257.0410 1.8193 1.7741 0.6659 9.7912 2.3890 21.4036 -0.1913 0.1825
Car -1 -1 3.7134 47.1324 195.6704 131.9615 229.9187 1.5298 3.2896 1.9780 -26.0306 2.7275 36.1707 3.0928 0.4172
Car -1 -1 -0.5832 615.2889 174.5446 656.1642 193.8185 1.5460 3.6716 1.6572 2.0922 1.6922 60.2242 -0.5490 0.3067
Car -1 -1 -0.7961 1061.3043 179.3945 1242.0000 258.8001 1.5875 3.9183 1.6322 12.7208 1.7591 16.8252 -0.1578 0.2864
Car -1 -1 -3.5896 916.3467 189.9656 1043.8527 253.8676 1.5689 3.8969 1.6940 10.4084 2.1071 20.7185 -3.1306 0.2754
Car -1 -1 1.3296 633.9087 177.5967 705.6161 206.8730 1.6444 3.8614 1.7356 3.4233 1.9290 42.0689 1.4096 0.2315
Car -1 -1 0.1192 134.7289 196.6469 178.3690 224.7221 1.4741 3.4002 1.8066 -27.0402 2.9580 43.0632 -0.4389 0.2226
Car -1 -1 3.4162 219.8815 189.2181 262.0727 211.6791 1.5247 3.3729 1.9399 -27.3389 2.7803 53.5043 2.9456 0.2206
Car -1 -1 3.3334 16.9405 183.7549 68.3701 212.7289 1.5745 3.9239 1.6788 -33.7219 2.2557 42.9378 2.6705 0.2076
Car -1 -1 0.5043 0.0000 195.2861 48.1799 235.4684 1.4698 3.5566 1.7592 -25.7572 2.4762 30.4423 -0.1938 0.2027
