Pedestrian -1 -1 -3.2466 908.6722 152.6216 936.3347 213.0067 1.8433 0.8330 0.7031 9.7006 1.2260 22.5236 -2.8450 0.4621
Pedestrian -1 -1 -1.2854 706.3557 174.0911 718.6179 198.0414 1.7335 0.7480 0.6029 7.4587 1.8250 52.6962 -1.1460 0.3506
Pedestrian -1 -1 2.5401 189.8404 182.0376 225.2581 234.5281 1.6485 0.8167 0.6522 -13.0390 1.9514 23.2973 2.0344 0.3293
Pedestrian -1 -1 2.6113 388.4484 160.1098 406.3112 196.8398 1.8878 0.7244 0.6093 -11.1039 1.2332 37.5525 2.3255 0.3144
Cyclist -1 -1 3.2019 476.4876 190.3166 490.2093 225.6373 1.7392 1.5617 0.6040 -6.5486 2.6580 37.1369 3.0279 0.3685
Cyclist -1 -1 3.4471 235.7928 184.9190 262.2056 228.4393 1.6822 1.7476 0.4511 -14.6782 2.1873 29.2838 2.9858 0.3176
Cyclist -1 -1 3.5250 0.0000 190.1998 38.4305 257.9933 1.6716 1.7226 0.3294 -15.7778 2.1523 19.1061 2.8414 0.3018
Cyclist -1 -1 0.1931 192.8614 179.9873 222.7198 231.9755 1.6090 1.5478 0.5542 -13.0604 1.8486 23.3754 -0.3119 0.2884
Cyclist -1 -1 0.2397 131.5891 189.2684 165.8336 247.4006 1.6907 1.7476 0.4892 -14.3471 2.2213 22.4001 -0.3249 0.2807
Cyclist -1 -1 -0.3585 869.4521 166.5629 899.6440 208.3969 1.7706 1.8621 0.6070 11.9143 1.5047 31.4672 -0.0001 0.2722
Car -1 -1 -2.6277 239.9868 190.5365 395.9322 245.8978 1.4524 1.5748 3.8604 -8.3405 1.9837 20.6269 -3.0080 0.5493
Car -1 -1 -2.6751 311.7830 187.1142 436.0709 231.4391 1.4963 1.6112 3.9860 -8.5616 2.0354 26.1608 -2.9889 0.5416
Car -1 -1 3.2572 362.7556 175.0879 393.0549 199.0609 1.6246 3.7778 1.6223 -16.4817 1.7899 51.2782 2.9474 0.5088
Car -1 -1 -1.3311 390.2278 184.4739 454.7342 224.5778 1.5140 1.7632 3.7751 -7.8147 2.0318 30.2339 -1.5824 0.4733
Car -1 -1 -2.7852 397.7115 180.5253 484.0152 214.3408 1.5525 1.7174 3.6733 -8.1366 1.9333 34.7008 -3.0143 0.4630
Car -1 -1 2.8842 294.3269 177.0253 345.0284 207.4917 1.5440 3.7289 1.6547 -15.8039 1.7819 39.0978 2.5022 0.3252
Car -1 -1 3.1201 211.8033 180.7248 259.2664 221.8018 1.5562 3.9747 1.6680 -15.8000 1.9105 30.2982 2.6427 0.3184
Car -1 -1 2.6791 461.5050 183.0666 509.9491 207.3261 1.5120 3.6301 1.7826 -8.4386 2.2290 48.6351 2.5077 0.2827
Car -1 -1 2.9129 446.8437 186.1376 493.0924 217.1788 1.4938 3.4621 1.6626 -7.5066 2.2344 38.2837 2.7201 0.2784
Car -1 -1 2.7157 490.3219 182.0173 531.7443 203.6200 1.5192 3.6373 1.7465 -7.5251 2.2364 54.4425 2.5786 0.2716
