Pedestrian -1 -1 2.6255 801.4144 152.3868 859.3546 251.5667 1.7746 0.8844 0.6770 4.0327 1.4088 13.4158 2.9107 0.3505
Pedestrian -1 -1 -0.4366 394.9156 173.2382 410.5811 202.0183 1.8594 0.7833 0.7207 -13.5787 1.8852 47.1606 -0.7158 0.2122
Pedestrian -1 -1 3.1538 378.7451 171.5032 399.7253 226.5404 1.7432 0.8018 0.6381 -7.1763 1.7008 23.3245 2.8580 0.1879
Cyclist -1 -1 3.3836 0.0000 188.4253 66.0556 341.8502 1.6920 1.8800 0.5112 -7.4867 1.9097 9.1102 2.7099 0.2550
Cyclist -1 -1 0.0757 475.9990 172.6075 485.2065 196.6077 1.7324 1.7510 0.5355 -9.5230 1.7149 52.9775 -0.1017 0.2338
Cyclist -1 -1 0.2451 28.1895 158.1818 99.6800 262.7537 1.6706 1.7786 0.5545 -9.4323 1.4366 12.4522 -0.3930 0.2181
Cyclist -1 -1 3.0304 508.6397 175.2205 521.2890 202.1839 1.7366 1.7320 0.6365 -6.3002 1.8959 47.5457 2.8990 0.2145
Cyclist -1 -1 -1.4607 625.5636 171.5270 646.8970 192.8653 1.8392 1.7959 0.5969 2.2571 1.7252 62.6131 -1.4252 0.2046
Cyclist -1 -1 -0.1294 395.2010 173.5011 408.9281 201.2552 1.7799 1.7807 0.6394 -13.6572 1.8235 47.2576 -0.4095 0.1824
Car -1 -1 1.7043 377.8004 191.4357 486.9620 276.6626 1.4856 1.7543 3.5893 -3.6670 1.9274 15.2639 1.4715 0.7631
Car -1 -1 1.2383 644.1520 176.0414 696.2635 199.4262 1.7255 3.5685 1.7662 4.5394 1.9741 54.8914 1.3199 0.5044
Car -1 -1 1.4520 418.3709 182.7765 492.9453 213.0620 1.4951 3.6576 1.6955 -8.1605 2.0362 37.9248 1.2411 0.4857
Car -1 -1 3.2660 0.0000 189.6671 48.6506 345.6594 1.5548 3.6788 1.7081 -8.7607 1.8260 9.6202 2.5411 0.3084
Car -1 -1 -0.3981 422.8164 168.5508 473.1007 195.3808 1.6194 3.9201 1.7152 -10.3210 1.3600 45.6417 -0.6196 0.2667
Car -1 -1 -3.1441 680.9904 182.4087 711.0446 209.9236 1.4770 3.5890 1.6597 4.9503 2.0573 41.9105 -3.0279 0.2433
