Pedestrian -1 -1 0.8001 756.1002 181.3826 781.8882 219.8502 1.6591 0.8787 0.6929 6.9832 2.0425 31.8763 1.0131 0.3501
Pedestrian -1 -1 2.6149 378.7224 171.3396 398.0610 207.4633 1.8272 0.7349 0.6692 -11.3987 1.7510 36.9889 2.3176 0.3298
Cyclist -1 -1 -3.7423 1153.6349 124.5344 1242.0000 242.3738 1.8682 1.9403 0.5995 10.2824 1.1025 12.4271 -3.0628 0.3743
Cyclist -1 -1 -0.3368 537.5754 180.2046 551.8953 202.3106 1.6130 1.6906 0.5395 -4.9281 2.1736 54.1114 -0.4277 0.3677
Cyclist -1 -1 -0.8341 59.7322 165.1235 115.7005 214.0572 1.8754 1.8435 0.5957 -20.3421 1.5795 28.0512 -1.4572 0.3656
Cyclist -1 -1 -3.2567 712.4608 177.8011 724.2493 204.5245 1.6415 1.7406 0.5343 6.7973 1.9600 45.5218 -3.1099 0.3561
Car -1 -1 1.4830 666.5951 178.7498 715.1483 217.5656 1.5114 1.6972 3.8234 3.3245 1.7776 30.6045 1.5896 0.6847
Car -1 -1 0.2660 332.9598 181.5274 481.7460 240.0121 1.5747 1.5442 3.7833 -5.7070 1.8301 20.4345 -0.0036 0.5633
Car -1 -1 3.3843 288.6799 183.3126 470.9923 250.9320 1.5281 1.5927 3.9420 -5.5159 1.7953 17.4957 3.0826 0.5136
Car -1 -1 0.1048 416.2232 169.8271 525.9567 220.1239 1.8319 1.7215 3.9164 -5.2213 1.7220 27.2969 -0.0830 0.4956
Car -1 -1 3.4184 226.2484 183.0676 445.6527 264.1573 1.5539 1.5707 3.9819 -5.6042 1.7797 14.9927 3.0658 0.4775
Car -1 -1 -1.6728 412.4391 181.1903 507.3390 229.0265 1.5290 3.0218 2.0945 -5.2868 1.8354 25.0246 -1.8795 0.4751
Car -1 -1 -1.4991 521.8161 177.5045 570.3533 196.5294 1.5320 3.8700 1.7130 -5.2577 1.9211 59.4232 -1.5873 0.4683
Car -1 -1 1.8704 152.0803 181.5209 377.9015 276.2014 1.4842 3.1407 1.9198 -5.9337 1.6508 12.6762 1.4401 0.4574
Car -1 -1 1.6561 498.5735 176.7703 557.0732 206.3111 1.7709 3.4451 1.6726 -5.0505 2.0169 44.3694 1.5430 0.3314
Car -1 -1 -0.3567 683.4027 176.3278 717.2859 195.3579 1.5358 3.5043 1.7114 7.5582 1.8381 60.8245 -0.2341 0.3233
