Pedestrian -1 -1 -0.2801 675.3184 179.1145 704.2520 227.8644 1.6659 0.8243 0.8075 2.7414 1.8895 25.2522 -0.1740 0.4757
Car -1 -1 -1.8653 718.8232 184.2574 835.9632 257.0450 1.4876 1.6542 3.8153 3.8229 1.7930 17.3297 -1.6527 0.8046
Car -1 -1 -1.6706 586.0742 181.4936 657.9564 241.9827 1.4951 1.6246 3.8492 0.2004 1.7635 20.3903 -1.6619 0.6983
Car -1 -1 -1.8436 689.1216 179.3759 770.4797 227.8699 1.4882 1.7256 3.9388 3.9603 1.7308 24.7492 -1.6875 0.6090
Car -1 -1 -1.7878 139.7699 175.3301 354.8170 338.1222 1.5804 1.6238 3.6838 -4.7148 1.6183 8.9994 -2.2589 0.5514
Car -1 -1 1.2056 431.9653 179.7428 523.1308 234.3994 1.5313 1.6888 3.4169 -4.2572 1.7654 22.5884 1.0208 0.5429
Car -1 -1 -2.0251 814.6557 102.1185 1242.0000 375.0000 1.8428 1.9362 4.3658 3.4373 1.3987 6.7144 -1.5704 0.5248
Car -1 -1 1.3032 343.5035 179.4179 469.4128 266.6342 1.5580 1.6537 3.5045 -4.4050 1.7133 15.1033 1.0234 0.4971
Car -1 -1 -1.7720 666.1040 171.1317 707.5378 199.2015 1.5643 1.7004 3.6315 4.3988 1.4687 42.0980 -1.6691 0.4418
Car -1 -1 -2.1993 498.0630 180.1925 565.5610 213.1201 1.5192 1.7070 3.3239 -3.9585 1.9030 35.8943 -2.3089 0.4324
Car -1 -1 -1.6879 263.0212 184.7794 395.8093 293.6569 1.4720 1.6587 3.6436 -4.9044 1.7069 12.1875 -2.0636 0.4089
Car -1 -1 3.6040 0.0000 183.1721 135.9780 281.2739 1.5726 3.9751 1.7185 -11.1755 1.8053 14.1268 2.9437 0.3599
