Pedestrian -1 -1 2.4849 789.3793 163.7832 808.8703 200.0087 1.7831 0.7474 0.6097 9.3898 1.3370 35.9769 2.7378 0.3911
Pedestrian -1 -1 -0.7016 798.2632 151.6984 834.1146 212.9391 1.8445 0.8368 0.6830 6.3075 1.2077 22.2522 -0.4293 0.3603
Pedestrian -1 -1 -1.6566 417.5283 177.8854 425.3069 198.2435 1.6510 0.5634 0.6443 -15.4740 2.0663 59.1074 -1.9119 0.2604
Pedestrian -1 -1 2.7973 129.5973 162.3443 151.7222 203.6872 1.9245 0.7152 0.6752 -22.2018 1.4356 34.0703 2.2232 0.2188
Pedestrian -1 -1 3.1793 563.7639 163.2035 576.0929 198.3873 1.8338 0.7811 0.6206 -2.1439 1.3312 38.0011 3.1229 0.1964
Cyclist -1 -1 2.5728 784.5060 165.9237 812.4617 201.7857 1.7546 1.6991 0.5179 9.4018 1.4159 36.1870 2.8246 0.3086
Cyclist -1 -1 -0.1945 781.8174 178.1547 799.8917 210.4280 1.6896 1.7480 0.6137 9.7167 1.9827 38.9512 0.0477 0.2293
Car -1 -1 -2.9538 449.3633 180.8703 496.8924 212.7327 1.5419 4.1616 1.7122 -7.1855 1.9881 38.0447 -3.1397 0.5610
Car -1 -1 -1.3889 673.5151 169.1921 735.5662 212.7550 1.5845 1.7115 4.1473 3.7629 1.4517 28.4779 -1.2594 0.5346
Car -1 -1 0.6879 0.0000 156.1301 354.5733 375.0000 1.6247 3.8162 1.6844 -4.0094 1.5257 6.2922 0.1390 0.4601
Car -1 -1 -0.3707 573.5159 180.3437 616.2498 204.8082 1.5059 3.7033 1.5804 -1.0709 2.0218 47.6557 -0.3936 0.2843
Car -1 -1 -0.8727 1160.3641 169.7270 1242.0000 200.7250 1.5473 2.9597 2.0602 30.9429 1.3916 37.6604 -0.1890 0.2562
Car -1 -1 2.9437 528.9445 180.1507 559.9089 200.8056 1.5247 3.7205 1.7209 -5.2131 2.1191 56.7196 2.8520 0.2404
Car -1 -1 -0.2379 274.3540 174.2365 351.8921 222.1047 1.5616 3.9137 1.6808 -10.6915 1.6152 25.7327 -0.6284 0.2037
Car -1 -1 -0.9946 948.8519 174.5600 994.2684 190.7858 1.4687 3.3721 1.7908 33.8347 1.6335 67.6182 -0.5327 0.2026
Car -1 -1 2.4900 907.3000 176.4989 994.0245 210.3934 1.4728 3.7839 1.7177 15.8301 1.6543 33.8208 2.9240 0.2013
Car -1 -1 -0.7016 1093.2668 170.8501 1156.5942 193.2118 1.5157 3.5269 1.7544 36.1069 1.3802 50.7353 -0.0860 0.1938
