Cyclist -1 -1 3.5145 4.1980 194.6812 30.3553 231.7707 1.7193 1.6758 0.4029 -29.0347 2.8140 35.3143 2.8299 0.3180
Car -1 -1 -1.7126 696.4406 178.6832 774.1515 238.0970 1.5869 1.7038 4.1042 3.6184 1.7797 21.7438 -1.5507 0.7478
Car -1 -1 -1.7284 721.3783 183.4334 830.8726 265.1311 1.5103 1.6635 4.1877 3.4776 1.7769 16.0221 -1.5195 0.7191
Car -1 -1 1.7317 483.9527 185.9270 534.1259 223.2798 1.4777 1.6066 3.7359 -4.4190 2.0876 31.7489 1.5940 0.7125
Car -1 -1 3.2183 507.8659 181.7393 546.9319 213.6867 1.5111 3.8418 1.7096 -4.2388 1.9931 37.1611 3.1050 0.4953
Car -1 -1 2.9659 671.0543 176.2771 703.8753 199.0291 1.5033 3.4311 1.6771 5.2988 1.7492 49.9757 3.0704 0.4775
Car -1 -1 -0.1551 1026.5597 175.0888 1230.2897 244.3161 1.5152 1.6254 3.7744 12.2654 1.5744 17.4414 0.4494 0.4614
Car -1 -1 -0.1436 1085.4534 160.1417 1242.0000 244.8127 1.5352 1.5035 3.7269 11.8947 1.3051 14.6675 0.5277 0.4545
Car -1 -1 0.7574 936.2722 167.1521 1073.8523 223.4966 1.5214 2.4276 2.5560 11.4165 1.3678 21.0778 1.2475 0.4486
Car -1 -1 3.3063 90.6565 183.6163 135.5083 211.4459 1.5616 4.0351 1.6208 -30.5005 2.2557 44.3352 2.7063 0.2935
Car -1 -1 3.3282 299.8801 180.6590 365.4656 226.0285 1.5300 3.8314 1.5996 -10.3502 1.8449 27.0529 2.9656 0.2834
Car -1 -1 -1.7162 751.2553 171.2361 825.0151 205.0755 1.8688 3.8409 1.7374 10.0070 1.7798 40.8877 -1.4784 0.2750
