Pedestrian -1 -1 1.0671 865.5120 136.3669 941.6616 256.1297 1.8600 0.9902 0.5401 4.6314 1.2937 11.5357 1.4395 0.2808
Pedestrian -1 -1 2.6261 835.3361 172.6225 859.7495 215.7155 1.6872 0.7656 0.6234 9.3970 1.6785 28.6854 2.9391 0.2767
Pedestrian -1 -1 1.8414 953.4911 168.6275 999.1120 239.1330 1.7190 0.8867 0.6398 9.1515 1.6163 18.1234 2.3018 0.2632
Pedestrian -1 -1 2.3713 955.7167 147.4288 1008.5114 231.3916 1.7979 0.7893 0.6756 8.1541 1.2538 15.9250 2.8367 0.2450
Cyclist -1 -1 -0.1115 900.6885 164.4869 926.8663 225.4079 1.7634 1.8450 0.5134 9.1322 1.5215 21.8399 0.2792 0.2546
Cyclist -1 -1 0.9937 988.4296 162.8237 1096.4044 242.3901 1.6667 1.9010 0.7432 9.2340 1.4570 15.5297 1.5213 0.2454
Car -1 -1 2.0686 45.7667 186.2515 152.0762 229.4668 1.5344 1.9564 3.5988 -20.2257 2.1027 28.6893 1.4587 0.6014
Car -1 -1 3.4373 278.2050 180.8506 322.7396 205.9772 1.5346 3.5455 1.7084 -20.1795 2.0775 47.0984 3.0342 0.5501
Car -1 -1 3.4114 232.8410 180.9924 282.8529 209.1031 1.5019 3.6780 1.6673 -20.2915 1.9941 41.6418 2.9602 0.4398
Car -1 -1 0.5305 161.2877 183.5107 241.7567 217.6060 1.5460 3.9612 1.7121 -20.2875 2.1070 35.9596 0.0198 0.4357
Car -1 -1 3.1747 315.0373 181.6448 343.3838 204.7916 1.5538 3.8524 1.7792 -20.2817 2.2153 52.1493 2.8052 0.3754
Car -1 -1 -1.4142 0.0000 188.6586 32.5107 243.1689 1.5289 2.1360 2.9540 -20.1264 2.0753 23.1071 -2.1252 0.3232
Car -1 -1 3.3140 347.1481 179.3039 377.1096 199.6018 1.5366 3.6293 1.6684 -19.8292 2.0705 57.7634 2.9845 0.2688
