Pedestrian -1 -1 0.0184 210.2973 148.5333 245.6808 235.7634 1.8471 0.8434 0.6662 -8.4051 1.3325 15.8022 -0.4637 0.2356
Pedestrian -1 -1 -0.5883 725.3774 161.2975 744.5123 196.8774 1.8776 0.7909 0.6830 6.6410 1.2681 38.5746 -0.4194 0.2175
Pedestrian -1 -1 1.5388 519.6460 169.2242 531.8235 191.5582 1.8962 1.0141 0.5977 -7.2216 1.5884 61.6272 1.4223 0.2160
Cyclist -1 -1 -1.2819 297.4002 181.0715 323.9768 204.6419 1.8794 1.8770 0.6409 -24.1750 2.5478 58.2348 -1.6741 0.2102
Car -1 -1 3.2936 320.6321 182.5730 354.9394 206.8631 1.4830 3.4333 1.6027 -17.8592 2.1463 47.3697 2.9346 0.6019
Car -1 -1 -2.8215 398.3661 185.4508 485.2930 217.7076 1.4937 1.6130 3.8111 -8.1941 2.1249 35.1516 -3.0494 0.5810
Car -1 -1 -1.0952 266.8948 180.8595 324.0365 200.6118 1.5635 3.8775 1.8277 -25.7107 2.2300 58.9939 -1.5048 0.4365
Car -1 -1 -3.1324 755.7605 177.0951 777.1219 195.3438 1.4852 3.1869 1.7279 13.2727 1.8560 61.2770 -2.9205 0.3759
Car -1 -1 -0.1439 666.5925 177.7030 697.7493 199.7150 1.5373 3.7906 1.7494 5.2516 1.9080 53.1745 -0.0464 0.3081
Car -1 -1 0.0470 362.3614 182.1899 385.6479 202.3764 1.5771 3.6696 1.6746 -19.6818 2.3822 60.2005 -0.2680 0.2575
