Pedestrian -1 -1 -0.6131 781.6891 134.8678 836.0982 243.7531 1.8079 0.7400 0.5800 3.3643 1.1776 12.4255 -0.3552 0.3458
Pedestrian -1 -1 0.5787 1133.3005 144.8204 1242.0000 349.6149 1.7334 0.8222 0.7583 5.4055 1.4965 6.5958 1.2429 0.2775
Pedestrian -1 -1 -1.1613 305.8398 181.3232 320.1910 206.4343 1.7497 0.7256 0.6776 -20.9569 2.3510 50.8512 -1.5507 0.2079
Cyclist -1 -1 -1.2738 687.0561 174.9450 717.4905 202.6064 1.7960 1.8927 0.6239 6.0571 1.9363 47.6187 -1.1485 0.3746
Cyclist -1 -1 2.0085 1137.7693 160.6674 1183.5135 194.9274 1.7623 1.8510 0.5664 28.9922 1.1358 38.0639 2.6555 0.3242
Cyclist -1 -1 2.7112 729.1716 173.9447 748.3833 199.3241 1.7763 1.8924 0.6143 9.1660 1.8561 51.5756 2.8857 0.3063
Cyclist -1 -1 3.2911 306.1521 183.3859 319.0962 207.2584 1.6298 1.6718 0.6016 -21.0087 2.3864 50.9211 2.9013 0.2842
Cyclist -1 -1 -0.5748 929.4025 168.0143 966.1400 208.2540 1.7968 1.9362 0.5612 15.4864 1.5810 33.2134 -0.1423 0.2827
Cyclist -1 -1 3.3188 421.8900 180.1365 438.3714 211.5945 1.7675 1.9809 0.5915 -10.4966 2.2021 42.0128 3.0750 0.2215
Cyclist -1 -1 -0.5838 1126.5172 130.7757 1242.0000 344.0842 1.7303 1.6931 0.4821 5.5403 1.3893 6.7140 0.0844 0.2177
Car -1 -1 1.9684 254.9308 191.5823 336.6929 233.5172 1.5239 1.7007 3.9657 -12.9865 2.3542 29.9844 1.5625 0.7517
Car -1 -1 3.0806 567.9655 177.4379 611.5974 213.8375 1.5420 3.6475 1.7588 -1.0152 1.7637 32.9380 3.0494 0.4891
Car -1 -1 -2.4185 1145.2969 185.5906 1242.0000 375.0000 1.4941 1.6103 3.8321 6.3554 1.6274 5.5933 -1.5959 0.3151
Car -1 -1 -0.4205 520.0717 183.7044 563.4157 206.7973 1.5373 3.8827 1.6719 -4.9957 2.3529 52.1058 -0.5161 0.2803
Car -1 -1 -0.3538 369.9700 185.0134 418.4565 210.9245 1.5442 4.0013 1.7542 -14.1594 2.3744 47.1186 -0.6446 0.2777
Car -1 -1 -0.8956 0.0000 194.8151 97.8683 227.3411 1.5882 3.8073 1.6960 -29.0100 2.7508 37.3006 -1.5534 0.2713
Car -1 -1 -0.1797 495.3542 177.0108 531.3878 201.7901 1.5450 3.9934 1.6765 -6.4823 1.8336 47.8670 -0.3140 0.2579
Car -1 -1 -0.3082 484.4514 189.0247 534.3773 217.6889 1.4806 3.9224 1.7532 -5.9151 2.4668 41.8379 -0.4484 0.1983
