Pedestrian -1 -1 1.1934 694.0515 144.5735 804.7328 323.5294 1.8043 0.9905 0.6255 1.4703 1.4438 7.5247 1.3804 0.7688
Pedestrian -1 -1 1.5077 57.1210 189.1493 99.0503 250.1416 1.6957 0.9306 0.7460 -15.2420 1.9541 20.4026 0.8751 0.4302
Pedestrian -1 -1 1.6827 1119.0023 192.5629 1224.0000 370.0000 1.6710 0.7281 0.7488 4.3543 1.7731 5.3571 2.3381 0.4218
Pedestrian -1 -1 2.7765 641.8456 162.4334 694.5029 261.1138 1.7465 0.8499 0.7056 1.1082 1.4284 13.0148 2.8611 0.3809
Pedestrian -1 -1 3.0177 254.0638 165.2352 305.1642 260.4990 1.7613 0.8976 0.7978 -6.3370 1.4807 13.6584 2.5939 0.3267
Pedestrian -1 -1 -0.2011 14.4158 170.8200 72.3032 260.9390 1.7546 0.8593 0.7704 -11.4307 1.5678 14.3331 -0.8618 0.2773
Pedestrian -1 -1 2.3610 832.4739 173.8294 877.1352 243.0787 1.6988 0.7228 0.7792 6.2604 1.5367 17.8342 2.6946 0.2708
Pedestrian -1 -1 1.7201 741.5099 163.4037 792.8925 254.7488 1.7846 0.9262 0.6711 3.2425 1.4522 14.2889 1.9401 0.2215
Pedestrian -1 -1 1.1276 972.4502 189.1479 1131.3335 370.0000 1.6525 0.7649 0.7235 3.2747 1.7243 5.3305 1.6541 0.2205
Pedestrian -1 -1 2.8311 517.4043 164.6948 567.5222 262.5959 1.7282 0.8735 0.6841 -1.2044 1.4508 13.0116 2.7428 0.2052
Pedestrian -1 -1 -0.8372 993.1571 163.7898 1069.0945 272.5930 1.7732 0.8774 0.6788 7.1972 1.5026 12.0394 -0.3084 0.1870
Pedestrian -1 -1 1.2870 556.3857 156.8704 612.8394 248.0348 1.8404 1.0525 0.5834 -0.4702 1.3650 14.7081 1.2576 0.1838
Pedestrian -1 -1 0.9644 811.9652 167.8689 871.8011 258.0005 1.7278 0.9428 0.6090 4.6350 1.4873 13.9757 1.2795 0.1785
Pedestrian -1 -1 -0.1134 91.0278 162.1454 138.9418 255.6936 1.7791 0.8380 0.6964 -9.7418 1.4316 13.9862 -0.7094 0.1640
Pedestrian -1 -1 2.7480 619.2414 159.4745 668.4593 250.0152 1.8027 0.8869 0.7293 0.7514 1.3857 14.6127 2.8000 0.1621
Pedestrian -1 -1 1.3688 291.5719 189.6987 326.4068 261.1671 1.8249 0.7295 0.6790 -7.8519 2.0756 18.6590 0.9779 0.1561
Cyclist -1 -1 1.5251 681.8685 160.2945 756.0797 230.7056 1.7510 1.8344 0.6836 2.8453 1.2501 18.0181 1.6808 0.2670
Cyclist -1 -1 -0.9980 1120.6178 146.4052 1224.0000 256.8941 1.7622 1.9167 0.5964 10.0919 1.2201 12.2753 -0.3209 0.2559
Cyclist -1 -1 -3.5041 860.0499 175.5819 938.4536 298.1456 1.6354 1.6880 0.4582 4.1848 1.5714 10.2765 -3.1265 0.2444
Cyclist -1 -1 0.0902 254.4673 163.0567 303.6756 260.6768 1.7714 1.7957 0.6981 -6.3671 1.4565 13.7878 -0.3319 0.2295
Cyclist -1 -1 1.7509 630.2665 160.7316 737.7305 257.3554 1.7042 1.8817 0.6951 1.4219 1.3571 13.0655 1.8585 0.2160
Cyclist -1 -1 0.7559 1087.4175 190.0151 1224.0000 370.0000 1.6455 1.7600 0.6245 5.4426 1.7409 6.5213 1.4292 0.1819
Cyclist -1 -1 1.9198 307.6113 176.0995 443.2081 288.1159 1.6952 1.8990 0.6995 -3.6178 1.6302 11.0856 1.6144 0.1702
Cyclist -1 -1 -0.0383 523.5740 161.9214 559.6597 265.2829 1.7664 1.8448 0.5883 -1.2345 1.4505 13.0305 -0.1287 0.1684
Cyclist -1 -1 3.5014 236.9446 187.2055 312.4696 305.9664 1.6131 1.7292 0.4256 -4.9418 1.7234 10.5741 3.0772 0.1638
Cyclist -1 -1 -0.4819 875.1887 159.8268 963.5282 272.5515 1.7744 1.8106 0.5818 5.2600 1.4507 12.0502 -0.0782 0.1638
Cyclist -1 -1 -0.7594 0.0000 166.7828 96.2717 257.9651 1.7929 1.8345 0.6050 -11.4274 1.5248 14.3347 -1.4198 0.1581
Car -1 -1 0.4092 19.9724 183.6932 125.4165 230.3130 1.5550 3.8775 1.6587 -19.4025 1.6830 25.9369 -0.2255 0.2293
Car -1 -1 -2.3183 1146.4457 184.8857 1224.0000 370.0000 1.5450 1.6769 3.9057 6.5303 1.5945 5.6887 -1.4901 0.2046
Car -1 -1 1.0546 635.7569 175.8001 720.3453 218.5518 1.5288 1.7830 3.3970 2.7136 1.3623 27.1930 1.1546 0.1795
Car -1 -1 0.1675 529.3787 164.0792 615.2798 230.2924 1.6392 4.1895 1.6937 -0.8250 1.2343 19.6845 0.1282 0.1773
