Pedestrian -1 -1 2.8249 684.9152 157.4418 705.6779 204.8775 1.8481 0.7720 0.6033 3.3281 1.2480 28.5475 2.9393 0.2267
Pedestrian -1 -1 -1.2647 762.1666 176.2718 778.6367 204.2446 1.7297 0.8077 0.7983 10.0391 1.9472 45.2935 -1.0484 0.2057
Cyclist -1 -1 -0.6504 1011.2400 157.1723 1069.0735 211.5656 1.6490 1.8032 0.5883 13.5153 1.1740 22.8023 -0.1213 0.2717
Cyclist -1 -1 -0.2155 847.9396 164.9697 877.7295 219.7912 1.7924 1.8603 0.5594 8.5370 1.5350 24.5444 0.1150 0.2251
Cyclist -1 -1 -0.6674 758.0836 178.4452 782.2919 205.8615 1.6714 1.6445 0.5852 9.9946 2.0289 45.2074 -0.4517 0.2243
Cyclist -1 -1 2.7660 736.3773 175.9999 751.2311 196.5427 1.6948 1.7961 0.6099 11.2355 1.9642 60.7530 2.9476 0.2175
Cyclist -1 -1 3.3629 237.5186 175.0759 254.8065 206.1734 1.8360 1.7841 0.5542 -22.0400 1.9736 43.6619 2.8976 0.2021
Car -1 -1 3.4047 322.2451 186.6225 406.9983 237.3139 1.4740 3.9635 1.6922 -8.1256 1.9732 24.1084 3.0825 0.7274
Car -1 -1 0.8496 52.0861 186.4069 294.3049 282.4337 1.5116 3.5163 2.0323 -8.2458 1.8106 13.9063 0.3224 0.6699
Car -1 -1 -1.4638 571.5756 181.8441 624.2405 225.3134 1.5492 1.6734 3.9975 -0.4524 1.9321 28.6335 -1.4802 0.5789
Car -1 -1 3.0890 447.8582 182.3487 478.3388 209.4531 1.4933 3.6373 1.5900 -8.8388 2.0865 43.0841 2.8874 0.4345
Car -1 -1 3.3474 396.7276 186.7359 452.8772 223.7929 1.5026 3.9217 1.6964 -8.3677 2.1714 32.7455 3.0987 0.2966
