Pedestrian -1 -1 1.2319 684.8976 165.9365 697.8759 189.0299 1.8883 0.9022 0.6326 6.6757 1.3230 59.4062 1.3429 0.2371
Pedestrian -1 -1 2.1410 687.5655 172.3430 703.0503 198.5394 1.7882 0.8247 0.6796 5.8558 1.7537 49.7744 2.2570 0.1840
Pedestrian -1 -1 2.3312 735.0035 164.4442 756.3283 202.8470 1.8570 0.8188 0.6307 6.6171 1.4507 35.4051 2.5140 0.1748
Pedestrian -1 -1 0.9951 334.9308 157.5660 471.4254 375.0000 1.7592 0.8491 0.6931 -1.7644 1.6443 5.9867 0.7187 0.1648
Pedestrian -1 -1 -0.3117 200.8497 153.5540 256.8413 262.6293 1.7757 0.8149 0.6239 -6.5284 1.4619 12.2519 -0.7926 0.1647
Pedestrian -1 -1 2.5359 419.1367 158.0733 479.6066 267.2928 1.7921 0.8253 0.6582 -2.8056 1.5499 12.3579 2.3164 0.1620
Pedestrian -1 -1 1.7474 444.0199 164.2864 490.5245 253.3358 1.7687 0.8236 0.6681 -2.9423 1.5989 14.6700 1.5521 0.1397
Cyclist -1 -1 2.5219 970.1498 148.9356 1097.0663 287.2527 1.8017 1.8347 0.5860 5.9413 1.4905 10.3400 3.0305 0.2428
Cyclist -1 -1 -1.0933 223.1106 137.0125 345.0175 247.5461 1.8357 1.8318 0.5969 -5.6035 1.2408 12.3319 -1.5122 0.1936
Cyclist -1 -1 -0.2485 731.0338 167.1040 755.3636 203.5265 1.7474 1.7327 0.7689 6.5026 1.4719 35.5052 -0.0693 0.1841
Cyclist -1 -1 2.6248 680.7581 168.3223 699.0243 190.7390 1.8268 1.9310 0.6304 6.5897 1.4579 59.8096 2.7337 0.1799
Cyclist -1 -1 -3.5686 1099.1632 118.3755 1242.0000 323.3778 1.7299 1.7640 0.8298 5.5736 1.2705 7.0377 -2.9193 0.1631
Cyclist -1 -1 2.6163 685.1500 168.1554 704.8256 191.4474 1.7639 1.8771 0.6500 6.5168 1.4084 55.6283 2.7320 0.1540
Cyclist -1 -1 2.7584 685.7888 174.9048 704.0497 200.1494 1.7054 1.8216 0.6127 5.8284 1.8502 49.8554 2.8736 0.1504
Cyclist -1 -1 3.2729 448.0547 164.2670 486.0778 255.0083 1.7449 1.8283 0.5301 -2.9588 1.5801 14.8007 3.0782 0.1453
Car -1 -1 0.0227 583.7443 176.8842 624.9179 216.0471 1.5488 3.9928 1.6529 -0.2415 1.7332 30.9529 0.0143 0.5918
Car -1 -1 3.5694 0.0000 143.6841 431.5112 375.0000 1.5563 3.7964 1.6844 -2.4600 1.4460 4.6612 3.1058 0.3972
Car -1 -1 2.5527 901.0621 164.5605 1231.7449 318.0933 1.5415 3.7834 1.6177 5.3426 1.4586 9.1900 3.0648 0.1554
