Pedestrian -1 -1 -2.0957 696.2871 145.6441 835.6223 371.1089 1.8202 0.9889 0.6619 1.2911 1.6009 6.2970 -1.9044 0.1632
Pedestrian -1 -1 2.1464 460.4028 175.1755 507.1006 251.4533 1.6960 0.8351 0.6498 -2.9382 1.7510 16.5305 1.9724 0.1501
Pedestrian -1 -1 2.7137 549.2016 158.9268 573.8050 209.0932 1.8291 0.7347 0.6658 -1.8469 1.3217 26.7865 2.6450 0.1457
Pedestrian -1 -1 -0.3109 637.8711 166.1797 668.8722 232.8421 1.7570 0.7143 0.6438 1.1152 1.5815 19.4417 -0.2553 0.1280
Cyclist -1 -1 -0.2667 718.8842 129.9591 841.3051 361.3719 1.7975 1.9027 0.5518 1.4144 1.4646 6.5690 -0.0653 0.3200
Cyclist -1 -1 2.5634 610.3376 163.8368 632.9274 191.9348 1.8462 1.9591 0.5268 0.7389 1.2541 48.3760 2.5782 0.3132
Cyclist -1 -1 3.1791 481.8843 186.2109 501.9064 262.0786 1.5970 1.6407 0.3878 -2.7099 1.9150 16.3190 3.0162 0.1735
Cyclist -1 -1 3.4125 0.0000 136.2585 127.1491 365.6039 1.7728 1.7870 0.5216 -4.9579 1.4902 6.5025 2.7804 0.1488
Cyclist -1 -1 2.5407 926.2510 166.3296 1159.0260 375.0000 1.7157 1.8469 0.6037 3.2651 1.6724 5.7746 3.0324 0.1487
Cyclist -1 -1 -0.3771 979.6445 0.0000 1242.0000 375.0000 1.7966 1.8529 0.4739 1.7172 1.2214 2.3942 0.1897 0.1474
Cyclist -1 -1 2.8161 728.5730 167.0375 818.1758 330.9978 1.6403 1.8133 0.3917 1.7344 1.5825 8.1396 3.0172 0.1458
Cyclist -1 -1 -0.3831 625.5726 158.1509 675.4872 223.0028 1.7633 1.8242 0.7912 1.0850 1.3639 20.6067 -0.3319 0.1346
Cyclist -1 -1 1.7087 541.5566 158.7416 585.4414 201.2886 1.8122 1.8030 0.7861 -2.0410 1.2115 31.1871 1.6435 0.1333
Cyclist -1 -1 2.7683 607.5189 176.1826 624.0189 199.4072 1.7447 1.8165 0.6475 0.4089 2.0053 55.4423 2.7752 0.1326
Car -1 -1 1.8533 190.5224 192.4662 496.7864 375.0000 1.5122 1.7600 3.8783 -2.3612 1.7661 7.3679 1.5522 0.7046
Car -1 -1 -0.6941 573.7377 173.7071 626.5655 196.5013 1.5741 3.7695 1.8107 -0.7686 1.6383 51.9942 -0.7092 0.2636
Car -1 -1 1.8876 583.2999 176.4862 625.1893 195.1436 1.4804 3.0232 1.7902 -0.4835 1.7848 59.0721 1.8790 0.2346
Car -1 -1 2.7486 577.1506 0.0000 1242.0000 375.0000 1.6473 3.9797 1.7202 0.8824 1.2886 3.5366 2.9724 0.2310
Car -1 -1 2.1296 576.3349 177.7761 635.3220 202.1913 1.4501 3.2617 1.7355 -0.2977 1.7689 45.0872 2.1225 0.1952
