Pedestrian -1 -1 2.7344 807.6017 165.7237 867.3447 258.8038 1.7476 0.9570 0.7896 4.3656 1.6141 14.0640 3.0286 0.6408
Pedestrian -1 -1 3.0677 530.9449 176.9629 552.4665 226.2290 1.6779 0.8421 0.6841 -2.4280 1.8240 25.1231 2.9717 0.5720
Pedestrian -1 -1 -0.1521 506.3316 152.9671 538.9311 227.6937 1.8657 0.9029 0.7011 -2.3016 1.3695 18.5411 -0.2746 0.4263
Cyclist -1 -1 -0.3339 800.5015 169.5077 864.7894 264.9188 1.7673 1.8007 0.6415 4.3157 1.7057 14.2766 -0.0470 0.3617
Cyclist -1 -1 3.2650 143.8475 184.5155 156.4051 206.3731 1.7126 1.7527 0.6453 -37.2739 2.6728 58.4545 2.6992 0.3485
Cyclist -1 -1 0.6115 1126.9042 125.4043 1242.0000 240.6929 1.7853 1.7322 0.6676 9.3348 1.0509 11.7454 1.2708 0.3382
Cyclist -1 -1 -0.1276 0.0000 165.6155 49.5686 272.7198 1.7950 1.8952 0.6149 -10.6866 1.6741 12.9674 -0.8069 0.2991
Cyclist -1 -1 -0.2874 844.6846 156.3116 897.0653 246.6205 1.8299 1.8434 0.5422 5.5393 1.4951 15.5511 0.0482 0.2905
Car -1 -1 1.5817 338.7034 188.8833 425.9218 267.6600 1.5005 1.7118 3.8795 -5.2778 1.9187 16.7008 1.2794 0.6632
Car -1 -1 -1.0453 0.0000 204.7322 274.4072 375.0000 1.4741 1.5691 3.7631 -3.6761 1.7655 4.6246 -1.6897 0.6522
Car -1 -1 -2.6520 175.7050 184.8091 310.7894 228.1114 1.5609 1.7062 4.2784 -13.9015 2.0304 27.4094 -3.1178 0.6513
Car -1 -1 -0.4497 626.8646 175.9065 717.6038 208.2036 1.6222 1.8842 4.4090 3.2548 1.7913 38.2222 -0.3659 0.5624
Car -1 -1 -2.5944 487.5703 179.9789 564.1541 215.9616 1.5751 4.1832 1.7379 -4.0086 1.9409 34.7412 -2.7089 0.4139
Car -1 -1 0.0289 317.1770 184.4578 341.8122 206.4767 1.6133 3.9093 1.7064 -22.2396 2.5683 57.2331 -0.3405 0.3400
Car -1 -1 1.4259 714.8204 174.8370 769.1363 197.0907 1.6719 3.8839 1.7129 10.0530 1.8267 55.2900 1.6044 0.2865
