Pedestrian -1 -1 0.1562 503.2255 170.6072 525.7443 220.4053 1.7347 0.8415 0.6691 -3.4217 1.6568 25.5600 0.0239 0.2458
Pedestrian -1 -1 2.3939 63.1592 166.5834 193.2299 356.0424 1.7133 0.8417 0.6420 -4.6707 1.6570 6.9367 1.8185 0.2339
Pedestrian -1 -1 -2.0647 726.6727 171.8302 745.0496 203.4525 1.7467 0.8016 0.6418 6.9897 1.6905 40.2831 -1.8946 0.2273
Cyclist -1 -1 -0.0436 549.7100 170.7002 563.0450 203.1452 1.7767 1.9182 0.6604 -3.0537 1.6591 40.5011 -0.1188 0.2736
Cyclist -1 -1 2.6748 723.0081 173.1954 744.7670 202.5275 1.6078 1.6792 0.4950 6.8984 1.6277 40.4434 2.8421 0.2724
Cyclist -1 -1 -0.4789 702.7218 169.4523 726.9302 198.8612 1.7062 1.7737 0.6761 6.1735 1.5092 42.8065 -0.3371 0.2090
Car -1 -1 -1.9631 779.9649 172.0667 1235.5540 375.0000 1.5986 1.6575 4.1553 2.7322 1.5944 6.2458 -1.5692 0.7136
Car -1 -1 -1.7212 665.6861 171.5975 733.2495 224.1441 1.5626 1.6106 3.6412 2.7602 1.5256 23.3018 -1.6054 0.7017
Car -1 -1 -1.0546 0.0000 0.0000 1242.0000 375.0000 1.5549 1.6573 3.9982 -2.3744 1.7401 1.8659 -1.8916 0.4601
Car -1 -1 3.3434 0.0000 164.7098 198.9138 355.0589 1.5779 4.0047 1.6847 -5.9099 1.5107 8.1505 2.7312 0.2974
Car -1 -1 -0.2978 655.0124 173.7807 723.3154 214.5646 1.5480 3.7760 1.7239 3.1147 1.5888 29.4948 -0.1942 0.2438
Car -1 -1 0.2648 649.6201 176.2765 681.6520 196.6349 1.6029 3.9145 1.6780 4.6107 1.8962 59.6458 0.3412 0.2355
Car -1 -1 2.5821 684.8999 175.0329 745.5245 203.5562 1.5448 3.5761 1.8100 5.9469 1.6762 41.3824 2.7234 0.2218
Car -1 -1 2.7518 619.4272 177.7682 663.6523 202.2902 1.5247 3.4689 1.7153 2.0070 1.8621 47.5548 2.7933 0.1988
