Pedestrian -1 -1 2.6272 765.2077 177.7543 851.2137 308.9318 1.6947 0.8604 0.8118 2.6421 1.7657 9.8783 2.8798 0.3465
Cyclist -1 -1 0.6381 298.9532 173.8303 319.0961 194.5732 1.7708 1.9450 0.5685 -26.1654 1.8574 62.7020 0.2440 0.3220
Cyclist -1 -1 -2.9961 542.2108 176.1693 551.1499 194.4283 1.7035 1.7382 0.6014 -6.0263 2.0228 68.5225 -3.0839 0.3040
Car -1 -1 -1.5376 518.3278 183.7506 738.7112 375.0000 1.5258 1.6440 3.8874 0.1813 1.6668 7.3200 -1.5159 0.6459
Car -1 -1 1.6450 378.5837 183.3173 409.2096 206.5600 1.5744 1.8773 3.5388 -15.7229 2.3646 52.5376 1.3552 0.5151
Car -1 -1 -2.5155 252.7833 188.5048 334.6043 217.8235 1.5092 1.6590 3.8878 -17.4054 2.3967 39.6713 -2.9269 0.4879
Car -1 -1 3.1691 426.9712 180.9393 452.5695 203.0651 1.5340 3.7317 1.7442 -12.6120 2.1562 53.4901 2.9383 0.4599
Car -1 -1 3.3918 332.8462 185.1537 372.5433 208.1266 1.5468 3.7373 1.8557 -18.7356 2.4772 52.6082 3.0509 0.4529
Car -1 -1 0.0371 952.6906 173.3280 1022.0769 197.1668 1.5224 1.6168 4.0179 24.9742 1.5553 47.8386 0.5154 0.4052
Car -1 -1 2.5939 692.5759 178.8421 739.7243 200.4357 1.5014 3.9228 1.6470 7.7916 1.9632 53.4728 2.7373 0.3908
Car -1 -1 -2.4591 128.2796 197.2855 228.7803 232.8218 1.6064 1.7038 4.0619 -21.1220 2.8413 35.3188 -2.9951 0.3470
Car -1 -1 -0.2947 629.1526 178.2577 664.7797 199.1387 1.5258 3.9423 1.6770 2.7978 1.9609 55.9318 -0.2455 0.2924
Car -1 -1 -0.7002 0.0000 200.0672 72.9662 231.1082 1.5236 3.7583 1.6343 -31.1138 3.0249 38.6260 -1.3751 0.2804
Car -1 -1 -2.6181 362.3918 177.7376 402.3647 196.5213 1.5962 3.7831 1.7443 -20.2933 2.0462 64.4054 -2.9225 0.2692
