Pedestrian -1 -1 -3.1846 933.1151 168.5791 941.8320 192.3617 1.8242 1.0526 0.5672 25.3589 1.4967 55.9362 -2.7612 0.3644
Cyclist -1 -1 -1.5786 608.0779 166.4861 641.8099 199.7914 1.7927 1.8158 0.7443 0.7724 1.4503 39.2177 -1.5596 0.2885
Cyclist -1 -1 -3.2554 719.6102 177.4846 730.2057 199.7110 1.7733 1.8943 0.6392 9.3532 2.1579 58.9224 -3.0992 0.2318
Cyclist -1 -1 0.5061 119.2654 183.4881 174.4529 250.1484 1.6121 1.7400 0.3977 -11.9607 1.8997 18.6080 -0.0589 0.2094
Cyclist -1 -1 2.6583 760.1268 173.3644 775.7899 192.3977 1.7252 1.8666 0.6078 14.5157 1.7733 66.4321 2.8722 0.2014
Cyclist -1 -1 -1.3400 1011.7601 163.0820 1041.3182 186.1502 1.8063 1.9474 0.6131 33.0962 1.0415 57.3858 -0.8193 0.1835
Car -1 -1 -1.7128 764.7868 167.7252 852.3344 234.6455 1.5979 1.6820 3.7804 5.1163 1.4758 19.1991 -1.4568 0.6342
Car -1 -1 -2.7357 360.2696 176.0830 496.2088 250.2989 1.6446 4.3968 1.7574 -4.5198 1.7381 18.5022 -2.9727 0.5689
Car -1 -1 1.0291 1039.8112 163.9133 1141.9076 197.4101 1.5056 3.5008 1.8129 22.1555 1.1041 33.4046 1.6104 0.5060
Car -1 -1 2.0441 1157.0990 172.5309 1242.0000 201.2102 1.5037 3.1725 2.1447 32.4721 1.4871 39.7123 2.7256 0.2435
Car -1 -1 -0.6637 1097.4851 169.7778 1165.3196 194.4063 1.5261 3.5025 1.7464 33.4885 1.3359 46.4949 -0.0428 0.2351
Car -1 -1 -3.3869 1115.3760 167.4828 1159.5627 189.7318 1.5682 3.5280 1.7952 38.5321 1.1900 52.8265 -2.7595 0.2283
Car -1 -1 0.1100 840.6124 178.6431 889.3017 214.4049 1.5371 4.0064 1.7406 11.9888 1.8270 33.9000 0.4467 0.2205
Car -1 -1 -2.7406 1127.6997 171.1584 1224.8607 203.0458 1.5133 1.7947 3.4012 28.2744 1.4332 36.1614 -2.0812 0.2156
