Pedestrian -1 -1 -0.5225 915.6760 134.3238 1019.8954 316.2951 1.8149 0.8318 0.6503 3.7047 1.4310 7.6361 -0.0867 0.3656
Pedestrian -1 -1 1.5813 711.8978 164.1953 760.4788 260.8119 1.7781 0.8857 0.6865 2.3414 1.6191 13.6915 1.7460 0.2594
Pedestrian -1 -1 2.2888 956.7123 136.9064 1000.8180 214.6031 1.8955 0.7480 0.6384 9.1796 1.0189 18.0674 2.7521 0.2193
Pedestrian -1 -1 3.0800 126.5159 140.4165 163.6339 228.1657 1.9180 0.6393 0.6665 -10.5068 1.2094 16.2232 2.5126 0.2074
Cyclist -1 -1 -3.0065 503.3105 166.3403 521.8207 210.9933 1.7956 1.8030 0.5241 -4.0698 1.5340 29.9134 -3.1410 0.2676
Cyclist -1 -1 -3.3942 871.4470 138.1682 957.3335 290.8346 1.8222 1.8378 0.5715 3.9224 1.4085 9.5568 -3.0163 0.2329
Car -1 -1 -2.9665 438.1497 186.6498 551.5541 270.7449 1.5046 4.1890 1.7059 -2.3959 1.8459 15.7161 -3.1162 0.6907
Car -1 -1 -1.5222 512.2529 178.0884 572.1521 228.8962 1.5679 1.8478 3.5967 -2.2690 1.7592 24.4788 -1.6144 0.6727
Car -1 -1 -1.6137 681.8427 172.1290 727.6303 214.3654 1.5916 1.6532 3.6520 3.7158 1.5646 29.0747 -1.4884 0.5838
Car -1 -1 -2.7215 0.0000 0.0000 1242.0000 375.0000 1.5487 1.6523 3.9160 2.7645 1.6368 1.6188 -1.7578 0.4091
Car -1 -1 -1.7807 698.3246 177.1803 809.8858 252.1190 1.5192 1.7691 3.5795 3.1393 1.6303 16.6475 -1.5984 0.3299
Car -1 -1 -1.3341 652.6501 174.7825 691.9809 200.4841 1.5699 1.6929 3.7532 4.0196 1.6999 46.4264 -1.2487 0.3298
