Pedestrian -1 -1 2.7207 809.2656 126.3578 859.3365 240.2706 1.8034 0.6280 0.5687 3.5973 1.0677 11.7691 3.0099 0.3940
Pedestrian -1 -1 -0.7763 992.9830 140.5590 1076.3029 268.4378 1.8303 0.8318 0.6891 6.2952 1.3684 10.8151 -0.2615 0.3214
Car -1 -1 1.7846 324.2720 194.8415 492.6470 321.8550 1.4835 1.6522 3.7500 -2.9015 1.8770 10.9909 1.5313 0.7815
Car -1 -1 3.3415 235.4112 193.4866 370.2108 287.4388 1.4526 3.6147 1.6687 -5.8042 1.9068 13.9336 2.9529 0.6559
Car -1 -1 -0.1291 652.4493 170.5562 782.8903 225.6974 1.6696 1.5517 3.8727 3.2611 1.6004 22.6428 0.0114 0.6459
Car -1 -1 -0.5071 755.3345 163.0519 1155.2312 313.5533 1.6205 1.6583 4.1307 3.9782 1.5153 8.7883 -0.0955 0.6294
Car -1 -1 -1.0677 0.0000 202.4678 337.8813 375.0000 1.4590 1.5920 3.7348 -2.9978 1.7111 4.2004 -1.6589 0.5674
Car -1 -1 1.6142 523.6044 176.6662 564.1140 214.7236 1.5689 1.6316 3.6264 -2.9185 1.7479 31.9619 1.5233 0.5285
Car -1 -1 -0.3398 702.7931 175.8276 913.5079 259.7878 1.6059 1.5788 3.8655 3.9291 1.6713 14.8190 -0.0865 0.5193
Car -1 -1 0.2090 451.2525 168.4926 548.2058 238.5098 1.7688 3.7010 1.9358 -3.0046 1.6589 20.1316 0.0620 0.3899
