Pedestrian -1 -1 -0.4872 763.1870 165.4997 794.0035 216.8831 1.8157 0.9245 0.7326 6.0326 1.5562 26.0352 -0.2626 0.4319
Pedestrian -1 -1 -2.2047 845.1434 170.7983 859.7601 196.5960 1.7193 0.7214 0.5899 16.2578 1.5826 48.4757 -1.8833 0.3011
Pedestrian -1 -1 2.0112 1072.3846 153.7595 1104.8961 207.5153 1.8570 0.7396 0.6737 16.8135 1.1978 25.4146 2.5901 0.2861
Pedestrian -1 -1 2.4427 791.8401 165.6335 817.5872 210.1578 1.7993 0.7678 0.6880 7.9565 1.5078 29.6490 2.7019 0.2334
Pedestrian -1 -1 -0.6976 847.6993 153.0227 882.2232 208.7685 1.8761 0.9345 0.6763 8.7251 1.2090 24.8371 -0.3638 0.2150
Pedestrian -1 -1 -0.9321 1031.7379 144.9376 1098.7542 243.8118 1.7956 0.8395 0.6640 8.5275 1.2890 13.6140 -0.3826 0.1812
Cyclist -1 -1 -0.2454 766.8686 166.4596 796.0954 218.2093 1.8157 1.8295 0.5976 6.1732 1.5917 26.2337 -0.0174 0.2696
Cyclist -1 -1 2.6381 841.6096 172.9981 862.4495 197.8539 1.6375 1.7241 0.5595 16.2082 1.6477 48.4416 2.9588 0.2448
Cyclist -1 -1 -0.5528 783.9182 177.2393 805.2593 202.2628 1.6350 1.6630 0.5970 12.3253 1.9345 48.3349 -0.3050 0.2128
Cyclist -1 -1 -0.4191 736.3362 177.0873 758.7916 207.9162 1.7081 1.7908 0.5746 7.8026 1.9556 41.1706 -0.2336 0.1914
Cyclist -1 -1 -0.4464 973.6760 175.5875 997.7487 205.7270 1.6970 1.7037 0.5436 21.6344 1.8584 41.6387 0.0295 0.1841
Cyclist -1 -1 -0.7295 831.8563 155.0549 882.4744 208.6579 1.7843 1.7769 0.6244 8.4805 1.1922 24.9552 -0.4059 0.1780
Car -1 -1 2.0461 65.1016 189.3185 199.3452 251.0307 1.5129 1.7930 3.3945 -13.4003 2.0196 20.4126 1.4709 0.6923
Car -1 -1 0.3980 268.1438 176.8904 371.4938 233.0569 1.6677 4.0935 1.6869 -9.4662 1.8127 23.7834 0.0226 0.4172
Car -1 -1 0.2190 8.0162 197.8930 59.3545 224.0803 1.5019 3.8106 1.8516 -37.9355 3.2259 47.5477 -0.4519 0.3058
Car -1 -1 1.6313 215.0114 178.1506 262.5078 196.4906 1.5553 3.6229 1.7237 -32.6843 2.0335 63.5781 1.1579 0.2081
Car -1 -1 -0.1395 199.0873 188.2437 232.0415 210.1549 1.5385 4.0355 1.6931 -30.5390 2.7737 55.7682 -0.6387 0.2019
Car -1 -1 -0.7242 648.2328 179.3312 694.9533 199.0235 1.5186 3.8257 1.6939 4.9814 2.0671 59.0206 -0.6409 0.1969
