Pedestrian -1 -1 0.8853 932.6615 155.4935 1021.6100 290.1248 1.7352 0.8266 0.6642 4.9512 1.4146 9.5216 1.3530 0.7001
Pedestrian -1 -1 1.4443 56.9580 186.1751 99.9661 247.5463 1.7117 0.9154 0.7336 -15.2309 1.8818 20.4039 0.8121 0.3727
Pedestrian -1 -1 1.5673 1128.0883 194.6067 1224.0000 370.0000 1.6826 0.7093 0.7496 4.3600 1.8015 5.3546 2.2236 0.3662
Pedestrian -1 -1 2.9355 10.2414 170.8847 73.1742 261.9934 1.7648 0.9272 0.8322 -11.4441 1.5802 14.3082 2.2734 0.3250
Pedestrian -1 -1 2.6323 641.5532 162.8772 697.7270 261.5411 1.7414 0.8565 0.6982 1.1363 1.4320 13.0081 2.7191 0.2993
Pedestrian -1 -1 2.3930 832.7643 173.4686 878.0732 243.3912 1.7143 0.7408 0.7813 6.2723 1.5435 17.8264 2.7274 0.2753
Pedestrian -1 -1 2.8051 516.7841 163.8193 568.0462 262.4754 1.7391 0.8875 0.6841 -1.2046 1.4467 13.0038 2.7168 0.2556
Pedestrian -1 -1 1.1435 974.5909 189.5549 1131.7045 370.0000 1.6521 0.7609 0.7120 3.2803 1.7271 5.3237 1.6712 0.2125
Pedestrian -1 -1 -0.1178 256.8737 163.9770 304.4448 258.4467 1.7551 0.8498 0.7480 -6.3297 1.4498 13.6878 -0.5403 0.2111
Pedestrian -1 -1 2.1815 1159.3634 147.4044 1224.0000 254.8184 1.7648 0.8339 0.6394 10.1139 1.2227 12.0998 2.8665 0.1840
Pedestrian -1 -1 0.7700 1041.9906 196.7292 1117.4794 288.0673 1.6677 0.8937 0.8105 9.0586 1.9924 13.5739 1.3491 0.1814
Pedestrian -1 -1 1.5445 513.0745 163.0172 560.2305 251.0434 1.8088 0.9689 0.6261 -1.4878 1.4512 14.8932 1.4487 0.1757
Pedestrian -1 -1 1.2886 77.1129 200.3758 113.2829 258.8766 1.7451 0.7514 0.6911 -15.8539 2.3779 21.9414 0.6711 0.1661
Pedestrian -1 -1 3.0238 619.1954 160.9745 651.3032 234.4686 1.8059 0.8775 0.7088 0.7166 1.3277 17.8334 3.0650 0.1597
Cyclist -1 -1 1.7980 629.0242 165.0426 739.7255 261.6831 1.6939 1.9146 0.7447 1.4254 1.4246 13.0542 1.9059 0.2685
Cyclist -1 -1 -2.0817 1018.4203 192.8402 1133.0693 286.0673 1.7307 1.7288 0.6823 8.9972 1.9771 13.6210 -1.5073 0.2387
Cyclist -1 -1 -0.7927 0.0000 168.8646 96.4530 259.7302 1.7852 1.7917 0.6617 -11.4340 1.5583 14.3194 -1.4539 0.2244
Cyclist -1 -1 0.7292 1091.1433 185.8999 1224.0000 370.0000 1.6122 1.7198 0.5914 5.4450 1.6672 6.5377 1.4016 0.2125
Cyclist -1 -1 0.8721 868.5823 153.8210 1019.6805 282.4584 1.6894 1.9431 0.6575 4.6745 1.3407 9.8538 1.3045 0.2097
Cyclist -1 -1 1.4914 681.7688 163.0405 758.3232 232.7666 1.7410 1.8809 0.6364 2.8779 1.3066 18.0396 1.6486 0.1963
Cyclist -1 -1 3.0513 619.9778 160.2401 650.6979 234.8181 1.7992 1.7867 0.6155 0.7147 1.3121 17.9604 3.0922 0.1865
Cyclist -1 -1 -1.0011 1122.3866 146.3879 1224.0000 255.5348 1.7445 1.8411 0.5852 10.0736 1.2009 12.2616 -0.3243 0.1806
Cyclist -1 -1 -0.5098 875.7480 157.5654 966.4769 270.8867 1.7777 1.7957 0.5847 5.2717 1.4196 12.0103 -0.1042 0.1785
Cyclist -1 -1 -0.0077 260.0612 162.7853 299.3185 259.4549 1.7489 1.7781 0.6524 -6.3593 1.4301 13.7309 -0.4308 0.1699
Cyclist -1 -1 2.0166 273.0385 175.6568 410.7869 287.8791 1.6968 1.9350 0.6648 -4.1595 1.6252 11.1116 1.6694 0.1651
Car -1 -1 3.0557 0.0000 181.1944 39.8634 217.7955 1.5387 3.8641 1.7118 -26.7655 1.5732 31.7683 2.3621 0.2864
Car -1 -1 -2.1907 1168.8557 180.9720 1224.0000 370.0000 1.5499 1.6765 3.9966 6.2993 1.5566 5.3452 -1.3510 0.2172
Car -1 -1 0.1964 32.4619 186.9525 112.9504 232.0676 1.4914 3.6116 1.6586 -19.4335 1.7477 25.9233 -0.4393 0.1751
Car -1 -1 -0.6052 559.8974 172.9130 607.3026 194.9013 1.5474 3.6780 1.6718 -1.5922 1.0148 51.7299 -0.6341 0.1746
