Pedestrian -1 -1 -1.0162 1147.4200 131.0444 1242.0000 337.3132 1.8432 0.8997 0.7145 5.8655 1.4700 6.9881 -0.3390 0.6371
Pedestrian -1 -1 2.0602 185.1083 136.7384 241.9043 233.3321 1.9160 0.8456 0.5533 -8.0583 1.2000 14.5890 1.5630 0.2481
Pedestrian -1 -1 2.0135 399.9036 172.5479 424.1668 207.9458 1.8379 1.0463 0.6609 -10.4254 1.8223 37.8761 1.7463 0.2479
Pedestrian -1 -1 -0.4557 611.7485 175.3913 646.0803 237.1624 1.6932 0.8062 0.6795 0.4801 1.7668 20.3251 -0.4334 0.2476
Cyclist -1 -1 0.1898 402.3348 174.0876 419.8649 208.7254 1.7711 1.7378 0.5686 -10.4587 1.8377 37.8437 -0.0784 0.3071
Cyclist -1 -1 -2.6124 342.2068 181.7100 364.8910 207.2998 1.7179 1.8363 0.6439 -17.8113 2.3446 50.0650 -2.9528 0.2449
Car -1 -1 -1.5847 551.7372 176.9428 633.6516 255.5219 1.5607 1.6538 3.8016 -0.4814 1.6653 16.4644 -1.6145 0.7669
Car -1 -1 -1.7369 696.8060 174.4661 805.2627 255.5255 1.5437 1.6654 3.7224 2.8751 1.5833 15.6826 -1.5598 0.7157
Car -1 -1 -1.6846 663.4989 173.2935 736.1115 231.1216 1.5766 1.7033 3.7974 2.5462 1.5913 21.5974 -1.5695 0.6099
Car -1 -1 -1.6895 564.2011 174.6702 636.3074 233.4175 1.6091 1.7409 3.5728 -0.4230 1.6690 21.7668 -1.7095 0.5286
Car -1 -1 1.6025 346.1327 181.2151 397.0276 203.8947 1.5286 3.3555 1.7614 -16.8087 2.1343 50.9196 1.2848 0.4628
Car -1 -1 -1.7920 634.5162 177.2258 700.6884 222.0451 1.5306 1.6500 3.8303 2.0349 1.7071 27.0475 -1.7184 0.4286
Car -1 -1 -2.2877 623.8556 175.8693 697.3854 209.4337 1.5519 2.6460 2.4489 2.4402 1.7078 35.4518 -2.2201 0.3180
Car -1 -1 2.9453 519.6961 176.1840 551.4285 198.0304 1.5443 3.6836 1.6539 -5.5922 1.8014 53.6179 2.8415 0.2567
