Pedestrian -1 -1 1.7327 1174.3071 147.1608 1242.0000 271.5878 1.8159 0.8198 0.6941 9.1926 1.4413 11.0644 2.4125 0.4468
Pedestrian -1 -1 0.7263 967.0902 185.2964 1010.4628 244.9935 1.7438 0.8627 0.7879 11.4004 2.1294 21.8147 1.2015 0.2691
Pedestrian -1 -1 2.6244 863.7103 150.8562 896.5041 212.8521 1.8496 0.8472 0.5911 8.1781 1.1936 21.9899 2.9757 0.2434
Pedestrian -1 -1 -0.6594 902.2958 158.8689 987.0328 296.1628 1.7176 0.7880 0.6629 4.3293 1.5430 9.4861 -0.2439 0.2127
Pedestrian -1 -1 0.5355 1071.1079 155.3970 1161.2510 295.2948 1.7560 0.8847 0.6179 6.6226 1.5372 9.5225 1.1281 0.1816
Cyclist -1 -1 3.0898 521.0453 163.6307 535.1116 200.2594 1.8366 1.9511 0.6175 -4.2687 1.3745 37.1891 2.9759 0.2426
Cyclist -1 -1 1.3476 1025.5922 152.9126 1177.8179 271.5469 1.7685 1.8784 0.6819 7.6493 1.4716 11.3997 1.9262 0.2093
Cyclist -1 -1 -0.4476 722.4796 158.5125 751.0153 198.7368 1.8296 1.9256 0.5298 5.8844 1.1776 33.8146 -0.2772 0.1807
Cyclist -1 -1 -3.1896 895.0224 159.4944 920.0811 206.4957 1.7373 1.7386 0.7932 11.3310 1.2438 27.6184 -2.8044 0.1799
Cyclist -1 -1 -0.6429 934.2112 152.8575 1048.8101 280.3841 1.7513 1.7526 0.5577 5.6035 1.4771 10.8178 -0.1768 0.1786
Car -1 -1 -3.0125 814.2776 167.1877 908.3845 217.5498 1.6119 2.2484 2.7880 8.5912 1.4309 24.7171 -2.6822 0.4835
Car -1 -1 -0.1294 651.6355 167.6533 684.6496 192.5603 1.5701 3.3449 1.7265 3.7351 1.2426 47.1955 -0.0512 0.3674
Car -1 -1 1.2871 798.7509 161.2370 915.7226 208.7881 1.8058 4.0146 1.7466 9.5952 1.3650 28.3491 1.6099 0.2702
Car -1 -1 2.8561 624.0556 177.3230 658.5266 197.0606 1.5026 3.0668 1.9513 2.4361 1.8694 57.4330 2.8979 0.2429
Car -1 -1 -0.1628 691.2126 170.5100 735.5262 203.3484 1.6367 3.9887 1.6673 5.3432 1.5202 37.9727 -0.0245 0.2021
Car -1 -1 0.1809 684.0428 172.4536 717.8986 194.0784 1.5680 3.4413 1.9425 6.8448 1.5393 54.2481 0.3054 0.1950
Car -1 -1 -0.6820 961.1909 175.7635 1242.0000 375.0000 1.5086 3.8235 1.6697 5.2736 1.5456 7.1233 -0.0651 0.1800
Car -1 -1 2.2039 213.0556 179.8892 340.1935 232.0781 1.6450 3.5900 1.6677 -11.2056 1.8933 24.2389 1.7747 0.1765
