Pedestrian -1 -1 -2.9488 797.1636 197.3068 891.9006 361.5176 1.5662 0.9533 0.7903 2.4491 1.7046 7.5493 -2.6464 0.3975
Cyclist -1 -1 0.0386 114.8989 165.4470 138.4636 219.8395 1.7927 1.9594 0.5906 -16.5423 1.1423 24.6785 -0.5471 0.3165
Car -1 -1 1.7115 443.3283 181.8096 502.5737 225.1633 1.5061 1.6795 3.5772 -4.9887 1.3889 26.7915 1.5288 0.7207
Car -1 -1 -1.3477 358.9029 188.4987 466.4753 261.2977 1.4931 1.6203 3.7044 -4.4626 1.5795 16.7870 -1.6040 0.7179
Car -1 -1 0.3697 109.9696 190.7355 275.0263 276.7461 1.4844 3.6052 1.6601 -8.2350 1.6118 14.5454 -0.1378 0.6587
Car -1 -1 3.0776 492.3292 181.1683 529.3965 212.4501 1.4909 3.4611 1.6209 -4.9395 1.2991 36.1139 2.9423 0.6485
Car -1 -1 -1.3368 317.1792 180.9756 394.0816 229.9789 1.5687 1.6628 3.8474 -8.7046 1.4341 25.0038 -1.6688 0.6016
Car -1 -1 2.1279 0.0000 203.1948 292.0109 376.0000 1.4995 1.8334 3.5881 -4.1822 1.6891 5.6922 1.5162 0.5915
Car -1 -1 -2.6396 561.2553 178.1371 624.0696 209.0418 1.5751 2.8973 2.2422 -0.8035 1.2155 38.4365 -2.6608 0.5314
Car -1 -1 3.4631 135.1082 167.3895 244.1847 227.5634 1.6569 3.8471 1.7129 -12.5944 1.1672 21.8440 2.9452 0.3728
Car -1 -1 2.8140 463.5419 178.7580 500.0968 199.4439 1.5313 3.7039 1.6602 -9.7249 1.0544 55.2336 2.6402 0.3294
Car -1 -1 2.9630 425.6139 178.6454 463.8972 204.6145 1.5254 3.6189 1.6772 -10.0872 1.1406 44.2137 2.7397 0.3125
