Pedestrian -1 -1 0.2587 266.6988 181.7792 308.7294 249.4086 1.7006 0.9098 0.7914 -8.4267 1.9398 18.7881 -0.1582 0.7618
Pedestrian -1 -1 2.5355 386.9889 183.0607 405.8185 215.0157 1.6900 0.7296 0.6810 -11.5719 2.2486 38.9674 2.2483 0.2424
Pedestrian -1 -1 3.3314 253.7686 172.6015 285.9506 232.9195 1.7878 0.7987 0.7434 -10.3432 1.7807 21.8621 2.8938 0.2137
Pedestrian -1 -1 3.3079 289.6423 174.2367 318.0779 233.5282 1.7940 0.7638 0.6912 -9.5007 1.8380 22.3014 2.9091 0.1858
Pedestrian -1 -1 -0.1006 82.4409 172.5472 118.9637 250.3835 1.7255 0.6912 0.6176 -11.6685 1.7190 16.4557 -0.7100 0.1700
Pedestrian -1 -1 2.1720 1197.5015 132.7179 1242.0000 223.6392 1.8950 0.7803 0.6774 13.2380 1.0589 15.5029 2.8693 0.1599
Cyclist -1 -1 -0.2336 641.3893 177.1895 653.4866 198.3666 1.6359 1.7120 0.5706 2.9256 1.9841 56.9930 -0.1830 0.2258
Cyclist -1 -1 0.1426 405.3354 172.8626 420.6819 204.4204 1.7888 1.8272 0.6050 -11.4484 1.7897 41.8413 -0.1232 0.1875
Cyclist -1 -1 0.2281 253.4485 172.6855 289.9746 233.7862 1.7825 1.8162 0.6091 -10.3374 1.7780 21.9982 -0.2069 0.1705
Cyclist -1 -1 -3.1951 672.8890 175.8259 685.2255 204.7000 1.7800 1.8322 0.6743 4.3243 1.9720 45.5970 -3.1017 0.1398
Cyclist -1 -1 -1.0037 255.2584 182.7801 330.5525 250.7196 1.7193 1.7534 0.5958 -8.3090 1.9844 18.8128 -1.4149 0.1379
Cyclist -1 -1 -3.4518 849.3973 168.4294 871.3816 200.6851 1.7474 1.8006 0.6246 13.8295 1.5080 39.9911 -3.1216 0.1374
Cyclist -1 -1 2.5279 1012.6967 161.6992 1046.9498 195.8668 1.7708 1.8515 0.6126 22.2536 1.1931 38.3429 3.0502 0.1358
Cyclist -1 -1 -1.8897 636.9272 166.0127 668.9673 197.4569 1.8825 1.8289 0.6449 2.5689 1.4733 43.7414 -1.8319 0.1353
Cyclist -1 -1 -2.2550 100.4259 175.6340 173.3577 233.7635 1.7095 1.7841 0.7897 -14.6199 1.7995 22.2797 -2.8304 0.1344
Car -1 -1 1.2747 1116.8213 169.3689 1234.3899 206.8523 1.5504 3.6588 1.7447 24.3809 1.4066 31.3037 1.9316 0.3124
Car -1 -1 2.5526 625.5074 177.7628 665.5216 196.3065 1.5368 3.7281 1.6942 3.0427 1.9789 62.9035 2.6003 0.2447
Car -1 -1 2.7822 629.6754 180.2454 669.7230 201.7765 1.5550 4.0319 1.7797 2.9987 2.1494 55.8004 2.8351 0.2168
Car -1 -1 0.2856 446.1838 178.5793 494.1548 207.2340 1.5564 4.0284 1.6789 -8.1307 1.9074 42.1062 0.0956 0.1800
Car -1 -1 1.3303 670.3394 175.2400 732.5419 198.9477 1.4808 3.6695 1.6555 5.8113 1.6377 46.3087 1.4539 0.1729
Car -1 -1 -1.0803 1103.4819 175.2948 1237.7827 217.1678 1.4501 3.6465 1.6586 20.9875 1.5493 27.2212 -0.4291 0.1653
