Pedestrian -1 -1 1.6310 483.3660 161.3559 574.9010 314.1202 1.7618 1.0548 0.6118 -0.9394 1.5427 8.4784 1.5265 0.8246
Pedestrian -1 -1 1.6245 518.8345 160.0811 571.4290 259.6935 1.7839 0.9296 0.6758 -1.1324 1.4199 13.0087 1.5415 0.4930
Pedestrian -1 -1 1.5865 55.7254 196.6772 97.2261 260.8848 1.7690 0.9404 0.7807 -15.2422 2.2501 20.3635 0.9528 0.4436
Pedestrian -1 -1 -0.2152 835.8577 174.7259 873.5449 244.4417 1.7109 0.8319 0.7288 6.2394 1.5708 17.8024 0.1179 0.3340
Pedestrian -1 -1 -1.6262 1128.7816 191.4232 1224.0000 370.0000 1.6813 0.6781 0.7280 4.3522 1.7733 5.3494 -0.9704 0.3041
Pedestrian -1 -1 2.6290 641.0979 161.4185 697.6773 261.2413 1.7621 0.8464 0.7110 1.1320 1.4269 13.0083 2.7155 0.2961
Pedestrian -1 -1 2.9623 252.0559 166.7375 305.8154 261.2453 1.7463 0.8890 0.8026 -6.3466 1.4936 13.6533 2.5378 0.2686
Pedestrian -1 -1 3.0184 14.2261 173.4060 69.6960 262.1736 1.7284 0.8393 0.7909 -11.4644 1.5919 14.3384 2.3565 0.2646
Pedestrian -1 -1 1.1181 969.2693 186.0385 1130.6713 370.0000 1.6465 0.7960 0.6999 3.2666 1.6931 5.3391 1.6428 0.2526
Pedestrian -1 -1 1.2769 992.3882 166.7527 1066.8668 272.2162 1.7378 0.9382 0.6439 7.1829 1.5129 12.0669 1.8039 0.1960
Pedestrian -1 -1 1.7969 1151.4613 137.4096 1224.0000 246.2486 1.8054 0.8764 0.6822 10.0914 1.0923 12.2788 2.4739 0.1880
Pedestrian -1 -1 -1.6578 739.5621 164.0645 791.2731 255.1925 1.7902 0.9590 0.6743 3.1849 1.4690 14.2812 -1.4414 0.1725
Pedestrian -1 -1 1.7184 290.5388 189.0829 325.4373 259.8190 1.8113 0.7423 0.7677 -7.8716 2.0453 18.6746 1.3269 0.1717
Cyclist -1 -1 -0.2047 482.9393 163.3769 533.8903 266.0448 1.7391 1.7532 0.5744 -1.8320 1.4507 12.8937 -0.3407 0.2993
Cyclist -1 -1 -0.4186 854.3046 173.3616 940.9780 296.8473 1.6575 1.7853 0.4649 4.2004 1.5634 10.3875 -0.0433 0.2377
Cyclist -1 -1 -0.5110 642.5177 162.9320 721.2786 263.9487 1.7550 1.8879 0.6136 1.3588 1.4514 13.2668 -0.4096 0.2368
Cyclist -1 -1 1.4687 684.7791 160.6946 761.2130 231.3732 1.7660 1.8663 0.6249 2.9527 1.2727 18.0288 1.6300 0.2361
Cyclist -1 -1 0.4004 0.0000 174.3084 66.7752 266.6408 1.7396 1.8517 0.6081 -11.7060 1.6246 14.2897 -0.2734 0.2244
Cyclist -1 -1 -0.0022 257.4351 166.4008 299.3783 262.2097 1.7300 1.7617 0.6957 -6.3674 1.4771 13.7078 -0.4265 0.1914
Cyclist -1 -1 -1.6485 578.1204 156.6803 652.4279 228.5373 1.7713 1.8263 0.6238 0.2080 1.1858 17.7943 -1.6352 0.1895
Cyclist -1 -1 -1.0872 277.8187 202.7428 354.8343 274.3702 1.8220 1.7537 0.7232 -7.6617 2.4264 18.7083 -1.4689 0.1795
Cyclist -1 -1 1.8845 311.0898 177.1727 447.8699 286.6738 1.6602 1.9172 0.7143 -3.5500 1.6114 11.0850 1.5845 0.1649
Car -1 -1 0.0250 51.0679 188.2825 111.4820 234.0107 1.5217 3.6579 1.6798 -19.3381 1.8333 26.1808 -0.6038 0.2871
Car -1 -1 -0.9043 1144.9468 187.8309 1224.0000 370.0000 1.5020 1.5771 3.8756 7.4200 1.5812 6.5327 -0.0778 0.2004
