Pedestrian -1 -1 1.7112 968.3831 168.4507 1004.4456 228.4338 1.7384 0.8715 0.6477 11.1318 1.6112 21.4244 2.1843 0.2352
Pedestrian -1 -1 2.9847 141.0276 175.1554 167.2776 223.9238 1.8065 0.8359 0.7209 -17.3115 1.8958 27.3283 2.4243 0.1965
Cyclist -1 -1 0.1322 141.4324 176.8365 169.6270 226.1978 1.8086 1.8942 0.6634 -17.4063 1.9668 27.5951 -0.4264 0.3933
Cyclist -1 -1 -1.5036 560.0587 165.1303 731.0779 333.4041 1.7197 1.7707 0.6290 0.3352 1.6411 7.7780 -1.4641 0.3546
Cyclist -1 -1 0.4726 216.2390 172.9290 238.7335 198.9841 1.7905 1.9777 0.5519 -26.8295 1.7963 50.5804 -0.0131 0.2001
Cyclist -1 -1 2.7811 767.9525 165.5520 791.6719 201.7257 1.8208 1.9048 0.5505 8.7264 1.4536 37.2971 3.0088 0.1970
Cyclist -1 -1 -0.2961 807.3975 162.6196 834.4592 200.1615 1.7571 1.7605 0.7601 10.0761 1.2784 34.6538 -0.0157 0.1914
Cyclist -1 -1 -0.0768 534.2488 176.6814 551.4058 217.3156 1.7499 1.8742 0.6175 -3.0513 1.9265 32.2305 -0.1711 0.1800
Car -1 -1 3.5461 161.3635 183.7484 287.7309 245.4558 1.5590 4.0766 1.7654 -11.1193 1.9092 21.0680 3.0653 0.6887
Car -1 -1 -1.6244 561.1609 186.9565 722.0240 338.2942 1.4713 1.6597 4.0742 0.2027 1.6970 9.4615 -1.6054 0.4174
Car -1 -1 3.2244 397.7665 183.7932 420.9423 202.1781 1.4961 3.4838 1.6603 -17.4562 2.4770 62.8016 2.9541 0.3219
Car -1 -1 1.4964 300.5260 181.2971 348.4809 200.5827 1.5124 3.5613 1.6508 -23.5385 2.2260 59.4295 1.1205 0.2582
Car -1 -1 -1.5018 584.1251 174.0559 646.6885 229.5524 1.6178 1.7526 3.4622 0.1977 1.6593 22.9018 -1.4941 0.2150
Car -1 -1 -0.9964 177.6114 180.4569 240.4720 203.2437 1.5541 3.5339 1.6624 -28.2252 2.0997 50.7929 -1.5016 0.2083
