Pedestrian -1 -1 1.0258 856.1203 145.3475 975.4539 306.1777 1.8429 1.1433 0.6508 3.6707 1.4418 8.5038 1.4216 0.8447
Pedestrian -1 -1 1.3226 54.7596 191.1993 102.0920 252.5594 1.6993 0.9374 0.7781 -15.2251 2.0189 20.3979 0.6903 0.3864
Pedestrian -1 -1 1.5036 1125.2385 185.8832 1224.0000 370.0000 1.6583 0.7273 0.6889 4.3490 1.7044 5.3384 2.1601 0.3771
Pedestrian -1 -1 2.3966 832.4478 172.3490 877.5885 242.1762 1.7129 0.7458 0.7722 6.2653 1.5146 17.8355 2.7304 0.3377
Pedestrian -1 -1 2.5895 640.5361 163.1539 697.9094 262.1738 1.7478 0.8507 0.7093 1.1301 1.4432 13.0143 2.6758 0.2937
Pedestrian -1 -1 2.9995 252.7510 167.6465 305.5503 261.5638 1.7359 0.8964 0.8135 -6.3464 1.5000 13.6603 2.5751 0.2915
Pedestrian -1 -1 3.0324 13.9540 174.4786 69.2267 262.6648 1.7161 0.8340 0.7982 -11.4665 1.6006 14.3313 2.3701 0.2399
Pedestrian -1 -1 2.8501 516.7748 163.8099 566.9414 262.1573 1.7332 0.8757 0.6954 -1.2140 1.4407 12.9914 2.7610 0.2390
Pedestrian -1 -1 1.1215 972.2239 188.2883 1130.6349 370.0000 1.6433 0.7712 0.7024 3.2733 1.7080 5.3313 1.6477 0.2322
Pedestrian -1 -1 1.3908 994.7906 167.1218 1064.4437 273.5430 1.7455 0.9082 0.6548 7.1745 1.5277 12.0542 1.9177 0.2097
Pedestrian -1 -1 2.1914 1158.0568 146.7294 1224.0000 255.4707 1.7870 0.8454 0.6710 10.1171 1.2337 12.1103 2.8762 0.1804
Pedestrian -1 -1 0.9546 811.2706 167.7700 871.3112 258.3694 1.7357 0.9493 0.6074 4.6222 1.4934 13.9716 1.2690 0.1705
Pedestrian -1 -1 -0.8244 728.9538 150.4627 784.4438 244.9426 1.8377 0.8462 0.7002 3.0207 1.2551 14.2954 -0.6188 0.1618
Cyclist -1 -1 0.0321 254.0202 168.5069 300.5138 264.1086 1.7266 1.7474 0.7484 -6.3710 1.5117 13.7152 -0.3922 0.2302
Cyclist -1 -1 -0.0694 520.3385 161.9883 560.6901 265.9695 1.7734 1.8444 0.6092 -1.2554 1.4593 13.0130 -0.1615 0.2213
Cyclist -1 -1 -0.8160 0.0000 170.7045 97.8376 260.4398 1.7708 1.8374 0.5948 -11.4170 1.5791 14.3302 -1.4763 0.2187
Cyclist -1 -1 -0.4812 643.4149 161.9117 719.7221 262.8828 1.7531 1.8779 0.6117 1.3520 1.4320 13.2565 -0.3803 0.2164
Cyclist -1 -1 1.4284 682.5622 162.9966 759.0740 232.6589 1.7432 1.8520 0.6271 2.8972 1.3068 18.0167 1.5868 0.2120
Cyclist -1 -1 -0.9940 1121.2861 147.1214 1224.0000 256.3358 1.7486 1.8670 0.5776 10.0837 1.2158 12.2923 -0.3180 0.2030
Cyclist -1 -1 1.8983 307.1848 175.5865 448.1537 285.0220 1.6562 1.9705 0.7506 -3.5802 1.5835 11.0955 1.5962 0.1864
Cyclist -1 -1 -0.3835 840.6100 176.5024 911.2612 288.7041 1.6558 1.7369 0.4125 4.2447 1.5985 11.3039 -0.0319 0.1762
Cyclist -1 -1 0.8232 1082.6803 187.7508 1224.0000 370.0000 1.6191 1.7406 0.6376 5.4026 1.6914 6.4962 1.4947 0.1754
Cyclist -1 -1 -1.5597 557.0233 150.0335 632.5499 222.6262 1.7960 1.8688 0.6342 -0.2913 1.0438 17.8076 -1.5738 0.1751
Car -1 -1 -2.2679 1149.5295 183.5771 1224.0000 370.0000 1.5468 1.6790 3.9088 6.5342 1.5824 5.7404 -1.4436 0.2605
Car -1 -1 0.0487 48.6785 188.6990 111.7959 234.2531 1.5119 3.6178 1.6732 -19.3438 1.8394 26.1412 -0.5810 0.2342
Car -1 -1 -2.1522 931.9627 205.7018 1122.4285 271.5486 1.5244 3.8853 1.7070 10.6474 2.2039 18.0563 -1.6259 0.1770
Car -1 -1 2.4920 555.6568 172.5984 605.2487 194.7340 1.5558 3.7748 1.6833 -1.8206 1.0017 51.6858 2.4587 0.1567
