Pedestrian -1 -1 0.3901 0.0000 197.2444 23.7630 232.8134 1.7415 0.6670 0.7393 -30.1659 2.9847 36.3380 -0.2993 0.2321
Pedestrian -1 -1 -1.6806 306.0396 175.5754 319.4256 198.8074 1.8221 0.9195 0.6171 -23.5900 2.0400 57.1940 -2.0704 0.2178
Pedestrian -1 -1 -1.3560 711.3293 170.8735 733.6187 205.1167 1.7991 1.0630 0.6309 5.9500 1.6954 38.3909 -1.2039 0.1948
Cyclist -1 -1 -0.4365 710.3062 172.7570 733.8054 206.2620 1.7414 1.6867 0.5715 5.9138 1.7367 38.3877 -0.2853 0.5459
Cyclist -1 -1 3.2490 393.5558 181.1531 402.6114 199.9202 1.7001 1.8064 0.6185 -19.7326 2.4836 67.1393 2.9639 0.3249
Cyclist -1 -1 0.5469 0.0000 195.5150 29.9953 232.8456 1.7728 1.7558 0.7147 -30.1854 2.9421 36.2984 -0.1434 0.2723
Cyclist -1 -1 -0.0356 307.5885 176.5130 316.5243 199.3788 1.7726 1.7991 0.5917 -23.6393 2.0677 57.1744 -0.4263 0.2591
Cyclist -1 -1 -0.4623 785.7639 176.1325 803.5410 198.1704 1.6627 1.7892 0.5880 14.2068 1.9202 55.6511 -0.2141 0.2441
Cyclist -1 -1 0.6643 1037.4698 162.5410 1098.2310 214.2250 1.7539 1.8851 0.8071 15.9351 1.4043 25.1837 1.2228 0.2308
Car -1 -1 2.1506 66.4748 195.4488 192.9385 249.6648 1.5847 1.6766 4.0010 -16.3506 2.4231 24.7567 1.5715 0.6223
Car -1 -1 1.8397 306.0226 186.1596 358.7126 216.5745 1.5533 1.8430 3.6636 -15.5235 2.3346 40.4312 1.4750 0.5350
Car -1 -1 -0.0968 411.5657 182.5905 439.4349 203.9301 1.4871 3.7604 1.6706 -13.9161 2.2466 54.2033 -0.3473 0.5252
Car -1 -1 0.1536 98.0372 183.8697 137.7500 209.1340 1.5015 3.5427 1.5844 -31.7010 2.2416 46.5102 -0.4421 0.2167
Car -1 -1 3.0316 471.6530 176.8256 497.7829 197.6854 1.5800 3.7500 1.6449 -10.0295 1.9078 57.4535 2.8592 0.2076
Car -1 -1 0.1272 0.0000 190.9757 45.7278 223.5901 1.5141 3.6620 1.6465 -30.8089 2.5112 37.6956 -0.5547 0.1899
