Pedestrian -1 -1 3.3634 0.0000 158.0744 50.5807 265.9120 1.7684 0.7584 0.6918 -10.1333 1.5264 12.3221 2.6857 0.3540
Pedestrian -1 -1 3.0562 64.2667 157.6796 97.8945 227.1828 1.8525 0.7327 0.6847 -14.5135 1.4484 19.7293 2.4282 0.2693
Pedestrian -1 -1 -1.9193 855.0209 159.9026 943.6097 300.6478 1.7225 0.8371 0.7453 3.6150 1.5643 9.2060 -1.5570 0.2282
Pedestrian -1 -1 3.3984 211.2870 158.7950 241.1673 222.6762 1.8392 0.8461 0.5792 -11.3401 1.4348 21.2485 2.9131 0.2247
Pedestrian -1 -1 1.4403 19.8735 188.6862 65.1709 249.1552 1.7346 0.9855 0.7070 -17.0396 2.2223 21.6075 0.7784 0.2166
Pedestrian -1 -1 -0.6650 891.0458 159.2681 997.0628 316.9636 1.7103 0.8445 0.7429 3.7773 1.5633 8.3244 -0.2533 0.1755
Cyclist -1 -1 -0.4246 890.5790 159.0629 1019.4009 323.9167 1.7505 1.8514 0.6385 3.9696 1.6044 8.5863 -0.0056 0.2265
Cyclist -1 -1 -1.0835 5.4138 191.9281 86.2372 255.2175 1.8325 1.8010 0.6912 -16.9728 2.4191 21.6800 -1.7420 0.1995
Cyclist -1 -1 -2.6528 238.0930 181.5165 284.2677 234.4237 1.7165 1.9391 0.5770 -11.9603 2.0253 24.7080 -3.0998 0.1942
Cyclist -1 -1 -0.7026 0.0000 160.1727 86.5808 264.1715 1.7141 1.7635 0.6407 -10.0621 1.5054 12.3753 -1.3749 0.1840
Cyclist -1 -1 3.3883 95.7249 200.7814 169.5448 330.7527 1.6318 1.6931 0.4650 -6.8310 2.0652 10.3092 2.8146 0.1752
Car -1 -1 3.0382 386.4895 172.7691 439.1161 214.0328 1.6095 4.0714 1.7179 -8.3946 1.6066 30.3500 2.7702 0.5250
Car -1 -1 0.2016 439.5757 179.8028 506.5129 206.1764 1.5249 1.7980 3.6453 -8.1803 1.9496 43.1309 0.0148 0.4106
Car -1 -1 -1.3323 434.4777 169.9802 494.9702 192.2150 1.6529 4.1748 1.8405 -10.9935 1.4397 54.6407 -1.5302 0.3906
Car -1 -1 1.7121 441.8647 174.9925 499.4547 198.9478 1.5477 3.5142 1.9215 -9.2293 1.6930 47.8463 1.5222 0.3603
Car -1 -1 -2.2547 883.2388 163.9001 1239.8197 307.6689 1.6028 3.6244 1.6670 5.5349 1.5034 9.1438 -1.7252 0.3574
Car -1 -1 1.7921 442.7415 174.7162 525.3785 206.2331 1.5252 3.7499 1.8701 -6.2846 1.6213 36.0622 1.6203 0.1930
