Pedestrian -1 -1 3.3379 3.7775 139.4834 117.5506 351.9717 1.7428 0.6897 0.6687 -4.8714 1.4695 6.3692 2.7048 0.5387
Car -1 -1 -1.8279 632.4028 175.5459 701.3502 219.5619 1.5792 1.6830 4.1203 2.1015 1.6934 28.3301 -1.7552 0.7033
Car -1 -1 3.4487 0.5693 180.4631 377.5263 375.0000 1.5731 4.0989 1.7382 -3.5333 1.6693 6.9237 2.9914 0.6861
Car -1 -1 -1.7608 666.3721 179.0892 779.0302 260.1830 1.4989 1.6318 4.0135 2.2483 1.6525 15.6940 -1.6221 0.6858
Car -1 -1 3.0238 502.1554 175.3851 556.4514 218.7118 1.6189 3.8600 1.7348 -3.3800 1.7293 29.2789 2.9093 0.5665
Car -1 -1 1.9219 176.4769 186.1923 343.3299 247.1151 1.4922 3.5926 1.7987 -9.2410 1.8671 19.1965 1.4782 0.4816
Car -1 -1 -0.8097 0.0000 199.6179 304.3122 375.0000 1.4922 1.6234 3.8675 -2.7003 1.6561 2.4571 -1.5895 0.3760
Car -1 -1 -1.6429 623.8870 175.1405 655.7116 201.5729 1.5647 1.7030 3.7734 1.7834 1.7136 44.9557 -1.6040 0.3706
Car -1 -1 -1.3071 337.5479 176.1986 451.3260 217.7591 1.6378 4.1451 1.7463 -8.7835 1.7792 29.5010 -1.5945 0.3407
Car -1 -1 -1.2408 365.9520 168.7183 422.2432 191.9856 1.7612 3.7966 1.7318 -16.6195 1.4485 55.5551 -1.5304 0.2716
