Pedestrian -1 -1 0.4796 910.8909 193.5961 938.3958 235.9666 1.7733 0.8483 0.7954 13.6246 2.6912 31.3362 0.8854 0.2527
Pedestrian -1 -1 -0.6499 648.3079 163.7136 671.2936 206.8170 1.8152 0.8419 0.5924 2.0888 1.4307 30.8983 -0.5835 0.2198
Cyclist -1 -1 -3.4998 909.8461 192.5742 939.8430 235.6578 1.7852 1.5513 0.6890 13.6498 2.6657 31.4097 -3.0941 0.5361
Cyclist -1 -1 2.4811 843.5772 181.6450 875.5646 221.3687 1.6538 1.6374 0.3777 10.7505 2.0450 31.2416 2.8090 0.4648
Cyclist -1 -1 -3.3038 768.4778 179.3588 779.6176 200.2268 1.7314 1.8242 0.6332 13.9242 2.2934 61.3704 -3.0822 0.2593
Cyclist -1 -1 -2.9203 504.0426 178.8027 517.0524 200.2058 1.7927 2.0669 0.6729 -8.5701 2.3137 62.0803 -3.0573 0.2335
Cyclist -1 -1 -2.2901 972.4798 175.0052 996.7095 197.5517 1.8850 1.8368 0.6636 31.6293 2.0687 60.9679 -1.8139 0.2283
Cyclist -1 -1 -0.5132 801.9723 180.4995 817.9072 200.1700 1.7678 1.6871 0.6687 18.3842 2.4817 66.4405 -0.2449 0.2127
Car -1 -1 -1.5898 558.2620 182.1851 613.4875 235.0620 1.5446 1.6691 3.8149 -0.8820 1.8769 23.7150 -1.6274 0.6146
Car -1 -1 -0.6248 938.1842 190.4662 1012.1064 218.8393 1.6595 1.8517 3.7302 22.6685 2.7859 44.9172 -0.1607 0.4629
Car -1 -1 0.1975 399.0494 182.8718 474.1872 234.4534 1.5055 3.5981 1.7060 -5.6205 1.8589 23.5941 -0.0344 0.4095
Car -1 -1 3.1945 31.2851 181.0616 67.9681 207.0757 1.5368 3.7409 1.6385 -35.6245 2.0820 45.8921 2.5371 0.3813
Car -1 -1 2.8211 810.4303 180.9101 842.6790 199.5129 1.5345 3.6203 1.6269 18.8295 2.2581 62.9392 3.1100 0.3689
Car -1 -1 -0.3853 783.5173 181.6267 816.1163 198.5941 1.5090 3.7564 1.6819 17.8787 2.3623 68.1781 -0.1304 0.2860
Car -1 -1 -0.2658 499.0684 182.3768 527.6985 200.2231 1.4600 3.4456 1.6250 -8.4776 2.3165 62.9606 -0.3995 0.2745
Car -1 -1 -0.6387 851.8574 182.3256 937.5929 219.6382 1.4824 3.6797 1.6061 12.3611 1.9245 31.6595 -0.2702 0.2402
Car -1 -1 1.1363 879.8480 190.6463 937.6955 212.1147 1.5879 3.7806 1.6744 23.0576 2.9875 55.8166 1.5256 0.2364
Car -1 -1 -0.7149 751.4775 182.4044 803.4544 203.8284 1.5446 4.0289 1.7100 12.9558 2.3170 56.1418 -0.4898 0.2349
Car -1 -1 -0.2811 923.5183 175.3100 964.9037 199.1110 1.5797 3.6709 1.6459 23.1801 1.7576 50.2244 0.1486 0.2210
Car -1 -1 0.4017 213.8417 149.7838 453.1960 290.0027 1.7312 4.4555 1.7636 -3.9817 1.4467 11.1869 0.0666 0.2198
