Cyclist -1 -1 3.6557 0.0000 179.6553 115.5458 329.0660 1.7109 1.8452 0.5892 -7.1627 1.6484 9.1816 3.0072 0.4408
Cyclist -1 -1 -0.2892 513.2066 179.3362 534.9627 212.1554 1.7421 1.9683 0.6410 -4.6025 1.4312 39.1860 -0.4058 0.3397
Cyclist -1 -1 -0.3502 604.1622 184.0927 616.6876 203.5260 1.7757 1.7142 0.6069 0.2334 1.6742 66.5907 -0.3473 0.2973
Cyclist -1 -1 3.3772 306.9328 173.7433 325.3653 206.2343 1.7844 1.8660 0.5389 -16.4216 1.1555 40.4388 2.9934 0.2802
Car -1 -1 1.8856 175.2712 191.0434 300.2849 259.7847 1.4630 1.7138 3.3317 -8.8348 1.6194 17.3718 1.4210 0.7154
Car -1 -1 -1.0515 0.0000 193.2212 184.5041 329.2250 1.5288 1.7125 3.7264 -7.8666 1.6660 10.2609 -1.6933 0.6593
Car -1 -1 -1.8378 317.5969 190.2440 464.2905 268.3091 1.5084 2.4706 2.7686 -4.9122 1.6340 15.9517 -2.1322 0.6505
Car -1 -1 0.2347 244.8683 180.0289 324.0649 227.5488 1.5779 3.7042 1.7689 -11.5565 1.4068 25.8474 -0.1821 0.5517
Car -1 -1 -2.8073 560.6351 179.7694 613.5182 208.3519 1.5478 3.2886 2.0357 -1.1553 1.2540 40.7982 -2.8359 0.5271
Car -1 -1 3.2864 394.7684 180.9182 447.4330 217.4057 1.5972 4.2631 1.7841 -8.6982 1.4102 33.6783 3.0352 0.4214
Car -1 -1 0.1291 349.4419 177.9449 409.9844 221.0192 1.5069 3.6598 1.7081 -8.5531 1.2537 27.0948 -0.1742 0.3766
Car -1 -1 -2.9605 500.0861 180.3499 541.5253 208.2543 1.5041 3.8703 1.6605 -4.9005 1.2430 40.7270 -3.0799 0.3558
Car -1 -1 3.4138 335.8766 180.2691 387.3141 210.0153 1.5301 3.5575 1.7291 -13.2512 1.2768 38.7975 3.0864 0.3520
Car -1 -1 0.1695 456.1785 170.9454 517.6586 215.8727 1.6493 4.1340 1.7199 -4.7337 1.1265 28.4571 0.0059 0.2870
