Pedestrian -1 -1 2.7939 761.7801 172.5390 796.8974 233.8800 1.6964 0.7771 0.7420 4.7286 1.6880 20.3827 3.0179 0.6863
Pedestrian -1 -1 -0.0495 515.6943 172.7838 536.7935 222.4006 1.7612 0.7868 0.7175 -3.0737 1.7591 26.0568 -0.1664 0.4342
Pedestrian -1 -1 2.1787 1093.6632 150.9886 1174.7921 290.2043 1.7976 0.5978 0.6962 6.9972 1.5156 9.7147 2.7880 0.4235
Pedestrian -1 -1 2.5649 844.7361 150.5238 888.3886 232.8161 1.8755 0.7325 0.6684 5.9445 1.3669 16.8777 2.8975 0.2772
Cyclist -1 -1 -2.9259 528.3937 174.2583 548.3038 212.9743 1.7144 1.7116 0.5518 -3.2952 1.7805 32.8941 -3.0255 0.5870
Cyclist -1 -1 -1.6344 600.7083 174.3094 624.4844 198.2050 1.8043 1.7698 0.6665 0.1667 1.9162 54.9123 -1.6319 0.4280
Car -1 -1 -1.7258 672.2468 179.8123 741.0351 232.0924 1.5034 1.6068 3.6668 2.9620 1.7444 23.0970 -1.6006 0.7399
Car -1 -1 -1.6821 658.6030 176.9854 712.2918 221.6511 1.5888 1.6282 3.8525 2.8096 1.7603 27.9574 -1.5836 0.6353
Car -1 -1 -0.5449 811.9838 165.3384 1242.0000 375.0000 1.5684 1.5727 3.5956 3.5010 1.5197 5.4931 -0.0024 0.6113
Car -1 -1 3.3234 167.9187 186.3271 336.6409 306.9957 1.5135 3.8612 1.6870 -5.5586 1.7693 11.5937 2.8846 0.4959
Car -1 -1 3.3281 324.9372 156.9119 515.1799 314.6202 1.7178 4.1129 1.7113 -2.3977 1.5446 9.9495 3.0966 0.4036
Car -1 -1 2.9884 546.8257 175.9133 572.1225 193.9857 1.5679 3.6909 1.7350 -4.6182 1.8534 65.2603 2.9177 0.3935
Car -1 -1 -1.8006 644.4655 174.6175 700.3961 210.2993 1.5457 1.7067 4.0061 2.7936 1.6333 33.5692 -1.7189 0.3898
Car -1 -1 -0.8664 0.0000 191.7785 304.9250 375.0000 1.5374 1.6388 3.8498 -2.3819 1.6432 2.0216 -1.6702 0.3062
