Pedestrian -1 -1 1.1196 665.3847 200.3151 687.2297 237.4766 1.7420 0.7883 0.7963 3.1829 3.0974 35.0889 1.2083 0.2903
Cyclist -1 -1 -2.1185 943.4352 193.9702 1016.8625 262.8153 1.8225 1.7032 0.6448 10.0628 2.4119 19.7308 -1.6540 0.2929
Cyclist -1 -1 -1.8929 524.2152 170.0048 547.1432 192.0252 1.8531 1.8409 0.6128 -6.3428 1.6137 61.3746 -1.9957 0.2811
Cyclist -1 -1 1.6424 729.9490 167.3172 769.5515 204.4528 1.8068 1.8804 0.6783 6.8742 1.5378 35.6733 1.8307 0.2684
Cyclist -1 -1 3.1884 455.1486 198.2022 467.7349 236.0242 1.7297 1.6391 0.5229 -7.2347 2.9891 34.9849 2.9852 0.2345
Car -1 -1 -3.2804 1009.1554 178.8819 1242.0000 254.4558 1.5168 1.6811 4.1015 11.4145 1.6682 16.4082 -2.6816 0.5960
Car -1 -1 -1.9897 1163.9200 182.0868 1242.0000 375.0000 1.5071 1.6358 3.9083 5.6355 1.6016 5.2333 -1.1957 0.3869
Car -1 -1 -1.7499 604.4430 185.7226 650.7881 219.5334 1.5998 1.7100 4.1635 0.8293 2.3169 37.9953 -1.7290 0.3771
Car -1 -1 -2.0679 695.3375 201.4414 781.0771 239.1336 1.5374 3.4830 1.6199 5.7692 2.8883 32.7602 -1.8962 0.3494
Car -1 -1 -0.7067 238.8745 189.6080 327.8366 226.0537 1.6106 3.9863 1.7782 -15.9131 2.4634 35.0573 -1.1303 0.3455
Car -1 -1 -0.1285 663.4609 188.7023 707.4346 222.0143 1.5268 4.0790 1.7216 3.7804 2.3872 37.0933 -0.0285 0.3323
Car -1 -1 -1.0977 310.2343 191.2102 410.3626 228.6334 1.6138 4.0376 1.7178 -11.5470 2.4919 33.3625 -1.4289 0.3136
Car -1 -1 3.1819 483.0417 182.2244 513.3122 208.4857 1.5117 3.9227 1.7107 -6.9696 2.1236 45.0369 3.0287 0.2934
Car -1 -1 -0.2640 517.8010 175.2712 547.4684 194.3029 1.5926 3.6406 1.6750 -6.7929 1.8103 62.8833 -0.3715 0.2477
Car -1 -1 -0.7338 621.7761 178.9311 668.4824 198.7822 1.5345 3.8024 1.7041 2.8195 2.0489 59.0145 -0.6867 0.2321
