Pedestrian -1 -1 -0.2082 727.4977 142.8733 766.8135 233.4018 1.8495 0.8447 0.6455 2.8222 1.2373 15.1694 -0.0284 0.3619
Pedestrian -1 -1 1.7623 0.0000 212.3699 72.3654 340.9568 1.7610 0.8706 0.8147 -8.7103 2.3830 10.7856 1.0948 0.3301
Cyclist -1 -1 -2.6090 388.1418 179.9694 410.1118 205.3551 1.7075 1.8157 0.6270 -14.6372 2.2106 50.0226 -2.8926 0.5505
Cyclist -1 -1 0.2556 370.8920 176.0039 390.1313 205.4229 1.7431 1.8230 0.6755 -13.9761 1.9390 43.8748 -0.0514 0.3375
Car -1 -1 3.2554 374.6183 181.6001 458.3719 246.7971 1.6068 3.9280 1.8350 -5.4015 1.8797 20.4103 2.9993 0.7029
Car -1 -1 1.6286 480.3270 179.6045 549.6201 239.6614 1.6227 1.8581 4.1167 -2.8539 1.8495 22.0871 1.5009 0.6463
Car -1 -1 1.3600 643.4105 173.9096 694.2762 205.7561 1.6051 1.9897 3.5259 3.0358 1.6643 38.3668 1.4379 0.5316
Car -1 -1 -0.5420 831.4127 166.7429 1154.9342 286.2093 1.6137 1.6699 3.9785 5.4985 1.5315 10.7355 -0.0805 0.5165
Car -1 -1 3.1141 600.5046 179.2141 625.4783 202.0396 1.4909 3.5911 1.6226 0.1471 1.9476 49.9534 3.1165 0.5095
Car -1 -1 -2.8655 1111.9645 167.9002 1242.0000 218.9029 1.5197 1.7604 3.5567 18.6711 1.3725 23.4530 -2.1995 0.4104
Car -1 -1 2.7211 442.4649 177.3882 480.6883 197.7951 1.5596 3.5970 1.6841 -11.9733 1.9365 57.9602 2.5179 0.3766
Car -1 -1 -0.3870 798.6788 158.7752 916.0068 197.4898 1.5111 1.9601 4.0600 9.9225 0.9619 29.2666 -0.0635 0.3732
Car -1 -1 -2.1557 1137.5344 143.6963 1242.0000 192.4610 1.6325 1.8337 3.4324 20.9958 0.6567 25.9434 -1.4808 0.3592
Car -1 -1 -2.4381 408.3621 176.8638 498.1181 217.9492 1.5278 2.4168 2.5445 -6.2748 1.6975 28.8180 -2.6510 0.3440
Car -1 -1 1.6432 304.2726 172.4432 366.1082 198.2407 1.6954 3.7899 1.7569 -18.5581 1.6688 48.8000 1.2813 0.3312
