Pedestrian -1 -1 -2.2214 709.4763 173.8361 737.2411 221.0132 1.7466 0.8215 0.6280 4.2294 1.7847 27.2029 -2.0695 0.3047
Pedestrian -1 -1 0.9149 551.4355 192.2685 567.4633 221.3382 1.8261 0.7566 0.7073 -3.2914 3.0923 46.5268 0.8439 0.2290
Pedestrian -1 -1 2.3240 790.5004 154.8322 825.5389 218.1641 1.8538 0.7832 0.6442 5.8835 1.3266 21.6197 2.5857 0.2180
Pedestrian -1 -1 0.6970 662.2988 182.3900 675.6979 204.4738 1.7648 0.8102 0.7385 4.7745 2.5479 58.6784 0.7773 0.2052
Pedestrian -1 -1 1.4756 543.0392 182.8967 561.9554 216.2715 1.6692 0.9024 0.6338 -2.9663 2.1860 36.7102 1.3950 0.1967
Pedestrian -1 -1 0.9001 502.6168 175.6721 523.8702 219.5906 1.7579 0.6553 0.5533 -3.9788 1.8746 29.3603 0.7660 0.1966
Pedestrian -1 -1 1.6493 670.9016 176.4356 682.7650 201.4135 1.6973 0.7646 0.6334 4.5589 1.9454 49.5133 1.7401 0.1916
Pedestrian -1 -1 2.4609 741.4009 171.4422 776.5927 231.8424 1.7670 0.8315 0.6540 4.4145 1.7261 21.6263 2.6588 0.1831
Pedestrian -1 -1 1.7771 282.7611 160.8482 364.9349 300.5633 1.7498 0.8787 0.6682 -3.7743 1.5998 9.4356 1.4054 0.1748
Pedestrian -1 -1 -0.1532 703.0121 176.0038 721.9679 218.1611 1.7433 0.7927 0.6721 4.2573 1.8777 30.2959 -0.0156 0.1591
Cyclist -1 -1 -0.2297 562.8002 188.0475 577.3315 212.8911 1.8104 1.6444 0.7400 -3.0533 2.9785 54.5617 -0.2860 0.2157
Cyclist -1 -1 -0.4558 687.8120 176.0373 715.3065 213.7522 1.7026 1.8485 0.5059 4.2209 1.8559 33.6886 -0.3329 0.2129
Cyclist -1 -1 -0.3297 660.6659 182.2964 675.4073 204.4779 1.7539 1.8437 0.6324 4.7014 2.5371 58.8479 -0.2509 0.1837
Cyclist -1 -1 -2.8349 377.5355 168.3066 437.9166 263.4527 1.7345 1.8424 0.6029 -3.9618 1.6520 14.0826 -3.1050 0.1820
Cyclist -1 -1 3.1215 544.5854 177.7843 556.0433 212.6151 1.7093 1.8453 0.5394 -3.0739 1.9663 36.6191 3.0378 0.1747
Cyclist -1 -1 2.7705 667.6940 176.6377 685.5125 201.6428 1.6736 1.8161 0.5965 4.5333 1.9388 49.5346 2.8607 0.1665
Car -1 -1 -1.6845 655.9435 188.7090 703.8243 225.1120 1.5001 1.7713 3.6487 3.1143 2.2701 33.1790 -1.5925 0.3498
Car -1 -1 -2.3275 609.4775 188.8353 660.3199 210.7275 1.5336 1.9260 3.6458 1.8627 2.8070 55.4712 -2.2948 0.2375
Car -1 -1 -0.1494 845.3522 171.4482 1079.2472 364.9036 1.5816 3.5069 1.5962 3.4439 1.5705 7.7932 0.2517 0.2330
Car -1 -1 2.7439 644.9257 174.1618 677.6116 192.7689 1.6577 3.4431 1.8060 4.6736 1.7820 66.4700 2.8134 0.2073
Car -1 -1 -0.1661 545.0280 181.7623 575.0427 203.6991 1.5884 4.0320 1.6800 -3.9508 2.3087 56.1516 -0.2365 0.2004
