Pedestrian -1 -1 1.8252 175.0743 190.3650 190.9600 214.4740 1.7038 0.8511 0.6441 -30.8178 2.9774 52.0352 1.2925 0.4368
Pedestrian -1 -1 -0.4335 876.5128 182.7927 1045.3069 375.0000 1.5911 0.8988 0.8998 2.6883 1.6770 5.7469 -0.0169 0.4099
Pedestrian -1 -1 -1.5665 648.9870 177.0729 655.3872 196.1805 1.6521 0.5539 0.6506 3.6558 2.0222 62.8773 -1.5091 0.3449
Pedestrian -1 -1 -0.8226 774.2736 130.8095 844.0883 253.9189 1.8482 0.8563 0.6330 3.0747 1.2174 11.3608 -0.5655 0.3372
Pedestrian -1 -1 -1.9926 258.8647 192.5414 275.1030 220.9942 1.7387 0.6925 0.7053 -21.5513 2.9876 45.2638 -2.4350 0.3087
Pedestrian -1 -1 -0.2275 489.1609 175.6146 507.1198 211.1110 1.8157 0.9393 0.7303 -5.8650 1.9620 37.5665 -0.3818 0.2237
Pedestrian -1 -1 1.6332 270.5663 200.7672 288.4358 238.0567 1.7166 0.7299 0.7248 -15.7837 3.0654 34.3838 1.2054 0.2206
Cyclist -1 -1 2.7431 644.5326 177.5795 659.6039 197.6624 1.7097 1.8616 0.6358 3.6361 2.1282 62.8687 2.8002 0.2834
Cyclist -1 -1 2.0473 480.5166 176.0782 518.6273 210.9762 1.7842 1.8495 0.7004 -5.7952 1.9555 37.6285 1.8950 0.2164
Cyclist -1 -1 -3.4186 1214.7341 165.2477 1240.5754 193.3045 1.7299 1.7959 0.7682 38.8701 1.2613 45.4628 -2.7146 0.2158
Car -1 -1 -1.6093 571.7769 185.4879 677.2041 284.4638 1.4853 1.6605 3.8450 0.1168 1.7522 13.2700 -1.6021 0.6775
Car -1 -1 3.4767 273.9136 192.5582 340.3832 227.9750 1.5586 4.0695 1.8254 -15.1179 2.6032 36.1541 3.0828 0.6421
Car -1 -1 -3.6440 1010.4317 190.5212 1177.5206 244.1173 1.6114 1.8044 4.1592 15.5619 2.2119 23.4485 -3.0646 0.5936
Car -1 -1 -1.6057 391.2550 192.8675 422.3247 221.4382 1.5139 1.6578 4.0347 -12.3068 2.7798 43.4491 -1.8806 0.4473
Car -1 -1 -1.0798 185.5668 199.2188 264.9846 235.5885 1.5152 1.8079 3.7391 -18.4129 2.8503 34.6500 -1.5654 0.2750
Car -1 -1 2.1082 952.2262 174.4091 1019.1714 197.1962 1.5303 3.8541 1.6963 26.3799 1.6447 50.8215 2.5842 0.2508
Car -1 -1 -0.0603 485.8768 179.9477 520.6419 210.4469 1.5303 3.7682 1.6350 -5.8684 1.9354 39.1503 -0.2086 0.2481
Car -1 -1 -0.1440 295.7769 179.6293 324.6189 201.7244 1.6809 3.7010 1.6324 -24.2015 2.2460 58.1284 -0.5372 0.2454
Car -1 -1 -3.4491 978.2079 172.5150 1016.7205 192.0493 1.5706 3.9681 1.6919 32.2030 1.5437 60.1135 -2.9597 0.2270
