Pedestrian -1 -1 2.7947 555.7845 156.3006 644.3901 323.4241 1.7403 0.9194 0.7179 -0.1242 1.4900 7.9143 2.7815 0.7811
Pedestrian -1 -1 2.3867 831.8896 174.8622 877.3076 243.4260 1.6827 0.7707 0.7592 6.2611 1.5460 17.8547 2.7199 0.4538
Pedestrian -1 -1 1.3911 55.1945 190.5104 101.7162 252.0502 1.7059 0.9588 0.7766 -15.2339 2.0052 20.4092 0.7588 0.4409
Pedestrian -1 -1 -1.6455 1128.4232 192.9833 1224.0000 370.0000 1.6883 0.6806 0.7485 4.3625 1.7935 5.3535 -0.9889 0.3161
Pedestrian -1 -1 2.9626 252.9665 164.7141 306.7754 259.5131 1.7537 0.9035 0.8032 -6.3385 1.4633 13.6745 2.5392 0.3041
Pedestrian -1 -1 2.8373 517.5634 164.2291 569.4962 263.1779 1.7411 0.8958 0.7142 -1.1832 1.4564 12.9861 2.7504 0.3019
Pedestrian -1 -1 2.7072 641.1564 162.4052 696.5566 260.6622 1.7356 0.8370 0.7277 1.1206 1.4176 13.0018 2.7929 0.2725
Pedestrian -1 -1 2.9724 12.6877 173.8038 70.7307 262.5757 1.7257 0.8443 0.7963 -11.4526 1.5971 14.3184 2.3103 0.2382
Pedestrian -1 -1 1.1089 974.5559 189.5256 1132.3860 370.0000 1.6475 0.7634 0.6979 3.2868 1.7220 5.3270 1.6372 0.2198
Pedestrian -1 -1 -0.8299 994.0962 167.5818 1069.8557 275.4470 1.7592 0.8716 0.6819 7.2141 1.5501 12.0434 -0.3003 0.1787
Pedestrian -1 -1 2.1108 1158.8478 147.6113 1224.0000 255.7137 1.7715 0.8353 0.6618 10.0999 1.2342 12.0865 2.7957 0.1742
Pedestrian -1 -1 2.6724 817.6534 167.2285 868.2557 258.3425 1.7373 0.8775 0.6110 4.6427 1.4859 13.9571 2.9883 0.1731
Pedestrian -1 -1 -0.4978 679.3237 156.3779 731.0711 248.2289 1.8121 0.8750 0.7160 2.0007 1.3378 14.4798 -0.3616 0.1579
Pedestrian -1 -1 2.9182 617.6210 161.5593 652.3747 235.0174 1.8023 0.8800 0.6965 0.7107 1.3392 17.8380 2.9590 0.1552
Cyclist -1 -1 0.0315 253.6759 166.0981 300.8384 262.8629 1.7476 1.7606 0.7611 -6.3743 1.4891 13.7235 -0.3928 0.2317
Cyclist -1 -1 3.0782 620.7772 161.0272 649.6801 235.4450 1.7938 1.7992 0.6146 0.7120 1.3260 17.9443 3.1190 0.2187
Cyclist -1 -1 1.7408 625.2500 163.3013 736.9406 259.3292 1.6874 1.9510 0.7647 1.3699 1.3868 13.0511 1.8447 0.2163
Cyclist -1 -1 -0.8293 0.0000 171.1004 97.6768 261.2662 1.7765 1.8404 0.6313 -11.4310 1.5929 14.3138 -1.4907 0.1940
Cyclist -1 -1 -0.0670 521.5770 162.6680 562.2986 266.8521 1.7764 1.8096 0.6216 -1.2272 1.4740 12.9928 -0.1571 0.1929
Cyclist -1 -1 1.4163 681.8188 162.7190 758.7847 232.5435 1.7484 1.8589 0.6339 2.8848 1.3047 18.0193 1.5740 0.1897
Cyclist -1 -1 -0.9718 1123.3888 146.5569 1224.0000 256.5287 1.7527 1.8760 0.5967 10.0920 1.2134 12.2480 -0.2936 0.1824
Cyclist -1 -1 2.6351 824.5243 170.0533 882.0834 239.8731 1.6769 1.7133 0.6077 6.2090 1.4276 17.8729 2.9656 0.1727
Cyclist -1 -1 -0.5222 874.2470 156.5654 966.2854 269.8220 1.7760 1.8086 0.5839 5.2584 1.4023 12.0147 -0.1176 0.1662
Cyclist -1 -1 1.8620 308.9986 177.8510 446.9184 288.2261 1.6745 1.9341 0.7266 -3.5739 1.6359 11.0949 1.5602 0.1656
Cyclist -1 -1 -0.3953 850.8807 172.8985 933.6337 294.5800 1.6708 1.8348 0.4542 4.2192 1.5681 10.6262 -0.0259 0.1606
Car -1 -1 -2.2247 1153.4907 183.1755 1224.0000 370.0000 1.5445 1.6782 3.9113 6.5113 1.5758 5.7414 -1.4022 0.2734
Car -1 -1 0.1580 38.0183 188.0033 115.0849 234.0637 1.5208 3.6876 1.6860 -19.3704 1.8200 26.0241 -0.4745 0.2323
Car -1 -1 0.3497 344.1542 170.6985 468.3869 244.6006 1.5513 3.7471 1.6184 -4.5973 1.3472 16.7750 0.0888 0.1666
Car -1 -1 2.4991 555.6685 172.9004 605.2441 195.0554 1.5561 3.7928 1.6841 -1.8203 1.0236 51.6620 2.4658 0.1557
Car -1 -1 1.0383 921.6520 199.0443 1109.1653 264.6568 1.5442 3.8018 1.7008 10.3187 2.0418 18.0220 1.5521 0.1479
