Pedestrian -1 -1 3.0585 362.9011 142.8920 426.4758 299.9072 1.8160 0.9578 0.6752 -2.7286 1.4698 8.9112 2.7687 0.5312
Pedestrian -1 -1 1.6984 293.4943 142.6325 409.8228 345.4012 1.8523 0.9909 0.5719 -2.5217 1.5766 6.9710 1.3622 0.5267
Pedestrian -1 -1 -0.3499 602.8207 170.8127 625.4966 214.2135 1.7697 0.8480 0.6904 0.1266 1.6868 29.9345 -0.3464 0.4591
Pedestrian -1 -1 1.7865 310.7005 168.7303 336.3498 207.5283 1.8493 1.0449 0.5982 -13.8373 1.6531 34.7687 1.4101 0.3322
Pedestrian -1 -1 -1.1436 961.9603 162.6815 982.8427 197.9895 1.7979 0.7853 0.6012 18.6634 1.2803 37.2331 -0.6824 0.2386
Pedestrian -1 -1 -1.3902 1031.6086 150.3656 1064.0759 206.1606 1.8292 0.8410 0.5826 14.6094 1.0923 24.1491 -0.8518 0.1947
Pedestrian -1 -1 0.9419 1109.3143 173.8104 1169.3569 253.9621 1.7225 0.7165 0.8267 11.6213 1.7446 15.9298 1.5627 0.1792
Pedestrian -1 -1 2.4121 273.4074 182.6561 300.8517 223.7466 1.6879 0.7535 0.7410 -13.6258 2.1074 30.3630 1.9931 0.1765
Pedestrian -1 -1 -0.5383 81.1222 174.8035 99.5487 205.4674 1.8401 0.6749 0.6547 -31.5687 1.9600 43.7864 -1.1602 0.1654
Pedestrian -1 -1 -2.1956 591.1176 172.1680 601.2172 193.1626 1.7323 0.5301 0.6993 -1.1738 1.6761 59.9713 -2.2155 0.1536
Pedestrian -1 -1 -1.1409 966.1233 154.9333 1001.3260 209.9288 1.8327 0.8907 0.6156 12.6855 1.2359 24.5826 -0.6697 0.1506
Cyclist -1 -1 -3.5715 1109.5972 171.8031 1165.0970 245.7540 1.5653 1.5098 0.3870 11.6508 1.5434 16.0477 -2.9527 0.1924
Cyclist -1 -1 3.2214 315.5126 172.2506 330.8408 209.1662 1.7361 1.7079 0.5517 -13.8749 1.7081 34.8281 2.8446 0.1699
Cyclist -1 -1 2.9380 603.8217 172.0943 626.3264 215.5609 1.7514 1.7589 0.5869 0.1568 1.7211 29.9895 2.9425 0.1570
Cyclist -1 -1 3.2078 277.9321 181.7873 296.5368 221.5318 1.6028 1.7267 0.6007 -13.6389 1.9912 30.4208 2.7892 0.1550
Cyclist -1 -1 0.1345 153.7583 179.0343 184.4488 229.0930 1.5116 1.5613 0.6200 -13.9813 1.7147 22.8321 -0.4100 0.1517
Car -1 -1 1.2272 1023.5613 179.3669 1095.1650 215.5280 1.5086 1.7788 3.0749 20.0521 1.8166 32.3934 1.7770 0.3702
Car -1 -1 2.1193 240.5505 176.1062 286.8828 192.6093 1.4948 3.4776 1.7277 -32.0552 1.8009 66.7955 1.6732 0.2839
Car -1 -1 -0.4336 703.0416 178.3056 741.4662 197.4587 1.5212 3.7289 1.7734 9.3487 1.9940 60.4999 -0.2815 0.2319
Car -1 -1 2.0584 243.7347 180.4502 295.4090 198.5565 1.5369 3.6878 1.7617 -29.7297 2.2110 63.0242 1.6191 0.1922
Car -1 -1 -0.0559 218.8995 175.1510 247.9638 198.0911 1.5501 3.6597 1.6270 -26.7423 1.7195 51.1384 -0.5358 0.1882
Car -1 -1 1.9618 9.0264 182.0755 69.5520 207.2223 1.5444 2.1990 2.7976 -37.2684 2.1686 47.1629 1.2957 0.1620
Car -1 -1 -0.0166 119.8874 182.6068 153.0377 209.5932 1.5267 3.9578 1.6446 -29.2225 2.1561 44.4348 -0.5958 0.1612
Car -1 -1 -2.4527 165.8787 180.8358 221.7750 202.9473 1.5256 3.5986 1.6473 -30.5779 2.1343 53.0738 -2.9734 0.1493
Car -1 -1 2.8455 341.3679 182.3153 386.9227 207.7346 1.5316 3.9929 1.7289 -16.1430 2.1785 47.1796 2.5172 0.1474
