Pedestrian -1 -1 -1.2768 1127.0388 143.2723 1175.9840 214.4992 1.8523 0.8898 0.6922 14.4524 1.0834 19.3252 -0.6421 0.4924
Pedestrian -1 -1 2.1256 1060.4562 155.5123 1098.0786 213.8642 1.8066 0.7667 0.6590 14.7954 1.2701 22.8251 2.6945 0.4343
Cyclist -1 -1 3.0416 491.0316 177.8618 516.6890 235.4581 1.7274 1.7526 0.6241 -3.4029 1.8919 22.7242 2.8940 0.5401
Car -1 -1 1.4834 631.2496 179.6002 680.9570 219.1815 1.5550 1.7754 3.9446 1.8743 1.8641 31.0211 1.5425 0.6836
Car -1 -1 -0.4406 771.7261 188.2074 975.4029 264.0585 1.4854 1.5474 3.8150 5.5280 1.8361 15.4889 -0.1048 0.6588
Car -1 -1 -0.6752 988.5914 188.9854 1242.0000 355.7483 1.5077 1.5404 3.7934 6.1558 1.6921 7.4510 -0.0049 0.6461
Car -1 -1 -0.2967 754.7571 179.8509 924.6321 245.4612 1.5295 1.5650 3.6848 5.5171 1.7099 17.7704 -0.0012 0.5829
Car -1 -1 -0.5174 819.2427 188.2586 1076.7081 282.9407 1.5028 1.5459 3.8644 5.8052 1.7953 12.7221 -0.0991 0.5766
Car -1 -1 1.8498 344.3848 179.5982 468.1520 228.0435 1.6088 3.7984 1.7987 -7.0637 1.8526 25.1256 1.5780 0.5622
Car -1 -1 -2.2561 130.5972 161.3300 346.9206 275.5956 1.9342 2.3233 3.0203 -7.1302 1.7395 13.8861 -2.7232 0.5139
Car -1 -1 -0.6030 913.3990 181.1569 1242.0000 301.7036 1.5198 1.5440 3.8265 6.4198 1.6462 10.0799 -0.0499 0.4906
Car -1 -1 0.9492 33.2593 172.4657 296.0329 292.1601 1.6225 2.2122 2.9971 -7.0066 1.6176 11.3876 0.4077 0.4599
Car -1 -1 1.6657 377.2306 174.7831 441.9887 206.9134 1.6707 3.1952 1.8912 -10.7774 1.7782 38.8682 1.3966 0.4457
