Pedestrian -1 -1 -3.4165 831.6329 166.0368 909.9103 311.7700 1.7226 0.7740 0.7177 3.1526 1.6424 8.9317 -3.0887 0.2954
Cyclist -1 -1 3.0683 589.8024 176.4605 599.4537 199.3224 1.7268 1.8112 0.6116 -1.2188 2.0103 55.7207 3.0461 0.3445
Cyclist -1 -1 -1.0983 1151.9541 138.5650 1242.0000 263.7288 1.7078 1.7566 0.6148 9.1833 1.2403 10.7706 -0.4060 0.3184
Cyclist -1 -1 -0.1053 17.6482 152.9130 105.7686 307.2580 1.7248 1.7939 0.7003 -6.8880 1.5023 8.9563 -0.7468 0.2274
Car -1 -1 1.9387 0.0000 189.9072 330.7745 375.0000 1.5461 1.6139 3.6831 -3.7191 1.7389 6.1953 1.4160 0.7851
Car -1 -1 3.1878 464.3092 177.4423 495.7592 203.3208 1.5431 3.5503 1.7921 -8.1987 1.8451 45.5636 3.0104 0.5129
Car -1 -1 -2.6285 842.5573 173.4674 921.2672 203.1848 1.5107 1.7269 3.5559 14.4940 1.5455 38.6701 -2.2728 0.3511
Car -1 -1 -0.2039 587.8198 174.1832 616.0151 192.8245 1.5949 3.6991 1.7838 -0.7694 1.7169 64.0145 -0.2162 0.3500
Car -1 -1 -2.9257 842.1893 173.4129 931.3503 206.2757 1.4900 1.5740 3.7268 13.1525 1.5183 34.4447 -2.5642 0.3129
Car -1 -1 -2.6112 843.9998 172.8148 913.1962 200.3658 1.5900 1.9151 3.4151 16.1514 1.5881 43.5659 -2.2588 0.3114
Car -1 -1 -0.0161 26.2457 183.1370 105.7851 246.1109 1.5259 3.7727 1.6410 -15.2235 1.8415 20.1260 -0.6575 0.2637
Car -1 -1 -2.0852 841.7363 160.9360 904.1529 183.0343 1.5448 3.7717 1.8619 18.7760 0.7120 51.6691 -1.7386 0.2482
Car -1 -1 1.8804 645.1915 174.0440 722.0046 204.2665 1.4823 3.5907 1.6274 3.7348 1.5460 36.9612 1.9798 0.2448
