Pedestrian -1 -1 1.9549 1030.6653 168.0761 1080.2581 237.2544 1.6777 0.8394 0.7243 11.2344 1.3780 17.6944 2.5140 0.5380
Pedestrian -1 -1 0.8458 709.4810 152.8361 773.1838 264.2261 1.8316 0.9019 0.5996 2.2902 1.3783 12.1101 1.0297 0.5012
Pedestrian -1 -1 -0.2587 452.2401 155.7068 489.4817 231.5173 1.8150 0.8535 0.7103 -3.3574 1.2230 17.4603 -0.4434 0.4513
Pedestrian -1 -1 1.3885 587.8345 160.8711 647.7454 284.8635 1.7975 0.7688 0.8174 0.1330 1.5146 10.7127 1.4023 0.2169
Pedestrian -1 -1 1.7004 447.7436 176.8474 476.7042 227.1877 1.6290 0.8604 0.6023 -4.7101 1.5123 23.2034 1.5044 0.1853
Cyclist -1 -1 -3.1149 595.4013 163.8954 630.2208 276.4916 1.5825 1.6441 0.4899 0.0925 1.3508 10.7629 -3.1046 0.3133
Cyclist -1 -1 -0.3392 877.8217 173.1889 905.8215 210.3149 1.7152 1.8397 0.6518 13.5941 1.3789 33.5931 0.0436 0.3117
Cyclist -1 -1 -2.3492 70.0970 160.2808 165.2227 232.7560 1.7451 1.8334 0.9775 -12.4039 1.2599 18.0155 -2.9421 0.2067
Cyclist -1 -1 0.1325 448.4857 157.9197 481.2202 234.2537 1.7721 1.7167 0.5583 -3.4443 1.2495 17.2821 -0.0588 0.1638
Cyclist -1 -1 -2.3299 1049.3970 178.6338 1090.5292 215.7913 1.9341 1.8121 0.7280 24.5267 1.8384 37.3186 -1.7509 0.1541
Cyclist -1 -1 0.4216 80.5651 167.6837 133.7077 224.4855 1.7397 1.7884 0.7099 -15.9085 1.3487 22.5940 -0.1835 0.1538
Cyclist -1 -1 -0.7888 1015.7959 165.8915 1093.8734 238.2494 1.7312 1.7445 0.5881 11.2654 1.3833 17.8283 -0.2317 0.1508
Car -1 -1 -0.7508 743.0972 160.0973 892.0218 223.3652 1.7474 1.7294 4.2562 6.3740 1.1855 21.2457 -0.4617 0.5391
Car -1 -1 -0.7952 1047.1809 168.8682 1122.5682 195.6409 1.6270 3.9126 1.6747 30.4824 0.9215 45.0482 -0.2020 0.2177
Car -1 -1 0.8212 96.0105 177.0392 172.3996 203.3626 1.5706 3.8479 1.7002 -29.3817 1.3655 44.2518 0.2400 0.2098
Car -1 -1 2.2118 0.0000 181.1492 91.0104 211.0601 1.5083 3.5679 1.7233 -29.0362 1.5442 36.5924 1.5470 0.1862
