Cyclist -1 -1 -0.0473 356.2564 179.0187 366.6140 203.6815 1.7175 1.7520 0.6131 -17.4968 1.2871 50.9852 -0.3767 0.4218
Car -1 -1 1.7387 431.9034 182.0990 498.5294 230.5018 1.4863 1.5797 3.6354 -4.6972 1.3917 23.9063 1.5464 0.6994
Car -1 -1 -1.3350 297.0827 187.9340 435.0251 275.7852 1.5223 1.7393 3.9503 -4.7679 1.5864 14.6130 -1.6454 0.6976
Car -1 -1 -1.0960 17.3287 181.6992 237.0456 283.7601 1.5826 1.7838 3.6784 -8.4887 1.5292 13.0572 -1.6633 0.6725
Car -1 -1 -0.9150 0.0000 208.0371 248.8450 376.0000 1.4899 1.6463 4.0308 -4.2220 1.7086 4.8036 -1.6088 0.6434
Car -1 -1 3.2747 458.4522 177.4829 507.3325 214.9818 1.5672 3.7557 1.6527 -5.5198 1.2451 31.9465 3.1047 0.6202
Car -1 -1 -1.2426 165.3766 179.6930 269.1182 234.2966 1.5891 1.8494 3.4768 -12.2855 1.4295 22.7817 -1.7325 0.6128
Car -1 -1 -0.1434 568.6578 179.0257 612.8146 210.9244 1.5064 3.6355 1.6902 -0.9320 1.2152 35.8772 -0.1696 0.6122
Car -1 -1 3.3441 364.7602 179.2686 422.5815 215.8613 1.5145 3.8383 1.7012 -9.4067 1.2695 31.7321 3.0579 0.5150
Car -1 -1 -1.0634 262.9196 183.5276 382.2627 238.7238 1.5079 1.6426 3.8929 -8.4922 1.4629 21.6752 -1.4330 0.4744
Car -1 -1 -0.0953 432.0036 173.8005 467.8511 201.8761 1.5858 3.6353 1.7332 -9.4158 0.9422 42.5949 -0.3118 0.3795
