Pedestrian -1 -1 3.0435 366.5323 172.9168 429.3379 297.6334 1.6984 1.0189 0.7758 -3.1374 1.6997 10.4416 2.7576 0.8248
Pedestrian -1 -1 3.2289 222.7574 165.7954 316.6984 353.3381 1.7401 0.9638 0.7667 -3.4494 1.6750 7.2746 2.7993 0.7919
Pedestrian -1 -1 3.0265 429.4158 180.7698 469.7002 259.8240 1.6719 0.9253 0.7662 -3.6021 1.8532 15.9323 2.8068 0.7844
Pedestrian -1 -1 2.4987 389.4856 174.4352 446.7803 265.7944 1.7049 0.8667 0.6957 -3.7806 1.7372 14.0225 2.2393 0.6197
Pedestrian -1 -1 2.7488 551.9774 180.0331 571.0908 215.8386 1.6706 0.7965 0.6523 -2.3502 2.0179 34.3659 2.6804 0.5386
Pedestrian -1 -1 3.3119 310.1216 174.2997 371.2053 297.4483 1.7069 0.8480 0.6958 -3.9497 1.7293 10.4897 2.9593 0.5048
Pedestrian -1 -1 1.6543 136.8159 178.8092 204.3519 302.7905 1.6693 0.7638 0.5923 -6.2394 1.7574 10.1879 1.1160 0.3754
Pedestrian -1 -1 2.6004 748.3608 173.3262 800.1526 251.5994 1.6675 0.7998 0.8136 3.5574 1.6786 15.8837 2.8158 0.3457
Pedestrian -1 -1 2.9727 358.6303 156.3000 389.4648 231.9399 1.8260 0.6828 0.6202 -5.8943 1.4267 17.8621 2.6579 0.3457
Pedestrian -1 -1 1.8518 766.5568 176.6936 808.2648 248.4240 1.7401 0.8596 0.6907 4.3969 1.8393 18.0676 2.0858 0.3278
Pedestrian -1 -1 -0.9471 1091.4240 150.9634 1168.6534 265.7318 1.8283 0.8161 0.6490 8.5720 1.4799 11.9842 -0.3383 0.2936
Pedestrian -1 -1 2.1593 416.2374 177.3054 441.4467 219.2368 1.6750 0.7928 0.6026 -7.4027 1.8588 29.3252 1.9137 0.2874
Pedestrian -1 -1 2.6281 706.7310 164.0575 735.3482 218.6608 1.8154 0.7581 0.6714 3.7151 1.5233 24.4602 2.7764 0.2711
Pedestrian -1 -1 1.7882 567.2914 169.6878 577.7652 193.0362 1.8528 0.7199 0.6161 -3.0152 1.6019 57.6165 1.7358 0.2457
Cyclist -1 -1 3.1672 342.9219 201.1339 369.6105 307.7132 1.6106 1.6122 0.3794 -4.3160 2.1202 12.1648 2.8322 0.3834
Cyclist -1 -1 -2.9599 484.2170 182.6714 498.4969 209.6100 1.7312 1.7879 0.6243 -7.9022 2.3959 47.9228 -3.1229 0.3080
Cyclist -1 -1 -0.6984 729.1782 170.0190 805.9624 251.2642 1.6853 1.7694 0.6606 3.3896 1.6269 15.9001 -0.4931 0.2815
Cyclist -1 -1 -0.2487 550.1612 179.4869 570.8459 215.3660 1.6508 1.7440 0.5704 -2.4129 1.9763 34.4511 -0.3187 0.2737
Cyclist -1 -1 2.9556 419.1224 178.1933 444.8503 220.0383 1.6278 1.7757 0.6958 -7.2734 1.8517 29.2604 2.7136 0.2550
Car -1 -1 -0.1212 472.1372 181.1549 503.6618 205.1571 1.5292 3.8199 1.6769 -8.4361 2.1225 49.4689 -0.2896 0.4231
Car -1 -1 2.7659 580.7399 182.2699 628.4995 210.3155 1.5332 3.5845 1.6177 -0.3973 2.1168 42.7265 2.7561 0.4040
Car -1 -1 -0.1680 574.4443 181.7590 606.5385 205.3196 1.4653 3.4953 1.5715 -1.3671 2.0830 48.1509 -0.1967 0.3827
Car -1 -1 2.9232 682.4557 176.5002 744.2064 218.1885 1.5798 3.9723 1.6760 4.1370 1.7409 29.7471 3.0594 0.2776
Car -1 -1 3.0817 136.2316 179.1329 193.9332 224.6557 1.5827 3.4833 1.6732 -17.0497 1.8391 27.5161 2.5311 0.2449
