Pedestrian -1 -1 -1.1878 702.7784 169.0606 713.6702 192.2702 1.7609 0.6410 0.6189 7.4851 1.4735 55.1677 -1.0540 0.3103
Pedestrian -1 -1 2.4946 403.9443 162.0957 420.3091 197.1085 1.9184 0.6294 0.6204 -10.9965 1.3293 39.9684 2.2275 0.2326
Cyclist -1 -1 3.0380 313.4140 182.8757 329.1046 216.5449 1.6932 1.8425 0.5769 -15.1714 2.2318 37.7990 2.6584 0.2719
Cyclist -1 -1 0.0883 239.7659 186.9956 260.8515 236.3648 1.7170 1.8452 0.5312 -13.2891 2.2574 26.5956 -0.3714 0.2268
Car -1 -1 -2.7657 282.9494 189.5834 414.9328 237.8570 1.4444 1.5733 3.6365 -8.3085 1.9981 23.0182 -3.1089 0.4550
Car -1 -1 3.1068 451.4647 175.8234 486.0807 207.0296 1.5424 3.7401 1.6569 -7.5242 1.7076 38.0517 2.9125 0.4355
Car -1 -1 -2.7212 341.0177 183.5737 449.0657 224.7433 1.5382 1.7044 3.7379 -8.5241 1.9800 28.6174 -3.0087 0.4331
Car -1 -1 2.7995 513.4278 182.6163 547.3924 202.4256 1.5187 3.5993 1.6567 -6.5887 2.3474 59.2456 2.6887 0.3851
Car -1 -1 2.9291 397.4774 181.2882 455.1479 218.6275 1.5218 3.8060 1.7439 -8.3521 1.9259 32.4414 2.6786 0.3593
Car -1 -1 -0.4510 777.5455 175.0655 842.8760 206.9838 1.4852 3.7715 1.6306 9.8341 1.6016 35.8527 -0.1859 0.2579
