Pedestrian -1 -1 1.4058 555.5886 157.5522 632.1837 303.5897 1.7889 0.8838 0.6520 -0.2041 1.5095 9.0579 1.3858 0.4218
Pedestrian -1 -1 1.3730 54.3300 190.7449 100.5689 252.1008 1.7003 0.9444 0.7514 -15.2495 2.0061 20.3919 0.7398 0.4143
Pedestrian -1 -1 2.4762 831.8348 173.1846 875.4416 241.8139 1.6862 0.7112 0.7593 6.2268 1.5080 17.8267 2.8083 0.3079
Pedestrian -1 -1 -1.7001 1123.5270 190.4674 1224.0000 370.0000 1.6830 0.6826 0.7297 4.3432 1.7671 5.3496 -1.0452 0.3038
Pedestrian -1 -1 3.0869 13.8972 173.5700 68.6274 262.9449 1.7365 0.8672 0.8301 -11.4749 1.6035 14.3319 2.4243 0.3028
Pedestrian -1 -1 2.8246 515.3512 164.7128 569.0703 263.5712 1.7360 0.8965 0.7384 -1.2058 1.4604 12.9684 2.7359 0.2873
Pedestrian -1 -1 2.6488 640.7765 163.3790 696.3100 261.8766 1.7410 0.8276 0.7089 1.1170 1.4401 13.0132 2.7341 0.2483
Pedestrian -1 -1 1.1450 972.7606 186.8884 1129.1049 370.0000 1.6399 0.7701 0.6908 3.2706 1.6933 5.3325 1.6708 0.2474
Pedestrian -1 -1 2.9450 253.5708 167.1560 306.7844 260.3598 1.7273 0.8704 0.7862 -6.3349 1.4816 13.6811 2.5220 0.2399
Pedestrian -1 -1 1.3676 606.0304 173.9576 658.8417 259.6095 1.7275 0.9724 0.7027 0.5186 1.5972 14.6827 1.4037 0.2011
Pedestrian -1 -1 -0.8713 994.3737 164.9019 1070.5854 273.6564 1.7698 0.8767 0.6801 7.2139 1.5176 12.0277 -0.3411 0.1942
Pedestrian -1 -1 2.9813 557.8105 158.4996 590.6341 232.4402 1.8054 0.8441 0.6965 -0.8179 1.2698 17.7430 2.9379 0.1758
Pedestrian -1 -1 2.7588 819.4432 169.1262 867.3094 258.5605 1.7093 0.8573 0.6140 4.6509 1.4936 13.9565 3.0753 0.1683
Pedestrian -1 -1 -1.8799 734.8655 163.7997 794.1407 254.6806 1.7892 1.0170 0.6481 3.1704 1.4621 14.2855 -1.6645 0.1645
Pedestrian -1 -1 -0.6500 834.4944 151.4757 896.7522 254.4927 1.7627 0.8653 0.6460 4.5895 1.2677 12.6032 -0.3070 0.1611
Pedestrian -1 -1 -0.0500 89.7045 167.5871 135.2689 260.3696 1.7551 0.8491 0.7028 -9.7466 1.5125 13.9206 -0.6484 0.1584
Cyclist -1 -1 -0.9823 0.0000 171.5553 97.3543 261.9413 1.7817 1.7942 0.6245 -11.4626 1.6071 14.3108 -1.6451 0.2405
Cyclist -1 -1 -0.0956 518.1181 164.2041 562.4661 268.1272 1.7661 1.8141 0.6351 -1.2563 1.4908 12.9612 -0.1882 0.2399
Cyclist -1 -1 -0.5293 640.8989 164.3680 719.6599 264.2412 1.7417 1.8719 0.6001 1.3331 1.4620 13.3013 -0.4300 0.2366
Cyclist -1 -1 -1.0231 1120.2388 145.6501 1224.0000 255.2164 1.7514 1.8810 0.6056 10.0861 1.1960 12.2847 -0.3466 0.2083
Cyclist -1 -1 -1.7016 581.6921 157.0049 656.7907 229.0707 1.7694 1.8202 0.6266 0.3095 1.1941 17.7677 -1.6826 0.2058
Cyclist -1 -1 1.4716 682.4419 163.3444 759.0645 233.1812 1.7452 1.8730 0.6357 2.8965 1.3181 18.0369 1.6298 0.1980
Cyclist -1 -1 1.7073 586.8314 177.6483 678.1782 264.5798 1.7525 1.8249 0.7408 0.5469 1.6966 14.7718 1.7451 0.1934
Cyclist -1 -1 1.8893 308.5432 176.6973 449.5601 286.2260 1.6543 1.9642 0.7645 -3.5502 1.5985 11.0740 1.5890 0.1921
Cyclist -1 -1 -0.0078 259.1045 166.8106 301.0159 261.7951 1.7175 1.7835 0.6968 -6.3537 1.4716 13.7352 -0.4305 0.1829
Cyclist -1 -1 -0.3840 837.8011 154.3061 910.8843 264.1687 1.7790 1.8121 0.5330 4.6190 1.3565 12.3585 -0.0329 0.1758
Cyclist -1 -1 -2.0669 1019.9389 190.3222 1134.4401 283.5195 1.7281 1.7205 0.6736 9.0068 1.9243 13.5947 -1.4911 0.1713
Cyclist -1 -1 -0.4283 851.5437 171.4320 944.8442 295.2276 1.6523 1.8478 0.5159 4.1946 1.5330 10.3683 -0.0528 0.1611
Car -1 -1 0.0740 45.2157 189.1368 111.5149 234.8364 1.5119 3.6258 1.6740 -19.3897 1.8567 26.1164 -0.5573 0.2549
Car -1 -1 -2.1812 1167.4795 180.4301 1224.0000 370.0000 1.5530 1.6840 3.9915 6.2809 1.5544 5.3535 -1.3437 0.1884
