Pedestrian -1 -1 2.3963 697.3065 172.2887 728.6403 218.1313 1.7784 0.9192 0.8243 4.0367 1.7568 28.6010 2.5344 0.3756
Pedestrian -1 -1 3.4067 152.3084 177.3740 183.8662 236.4943 1.7305 0.7671 0.6264 -13.2933 1.8693 21.6422 2.8611 0.2937
Pedestrian -1 -1 2.1052 425.1205 162.8309 447.3014 197.5531 1.8507 0.9720 0.6410 -9.4046 1.3168 38.9040 1.8692 0.2809
Pedestrian -1 -1 2.9951 87.0225 176.4666 145.4754 286.8049 1.7093 0.7902 0.6811 -8.0841 1.7710 11.7302 2.4020 0.2664
Pedestrian -1 -1 -0.3751 751.4754 161.3887 785.0182 227.6449 1.7750 0.7006 0.6840 4.2732 1.4682 19.7296 -0.1656 0.2542
Pedestrian -1 -1 2.4963 950.8101 154.4993 1064.1405 323.5996 1.7532 0.8334 0.7352 4.2983 1.5633 7.9498 2.9756 0.2534
Cyclist -1 -1 3.3180 427.8653 162.2567 444.1931 197.0495 1.8369 1.8519 0.5421 -9.4368 1.2777 39.0309 3.0821 0.3662
Cyclist -1 -1 -0.2971 696.3380 172.5572 729.3749 218.3331 1.7570 1.7969 0.8003 4.0223 1.7460 28.6429 -0.1597 0.2648
Car -1 -1 3.2229 490.6510 179.1057 535.9177 218.6360 1.5973 3.8688 1.6639 -4.2349 1.8899 31.7515 3.0908 0.6315
Car -1 -1 1.5391 318.9726 182.9425 438.1618 233.0736 1.5340 3.6637 1.7969 -7.7612 1.8920 24.1213 1.2305 0.6201
Car -1 -1 1.7975 324.8787 166.9890 423.6396 207.4941 1.6583 3.6814 1.7215 -9.9549 1.4185 30.5532 1.4848 0.3601
Car -1 -1 -0.0920 491.5665 177.0002 515.0704 196.0000 1.5448 3.6121 1.6525 -9.1358 1.9096 61.4647 -0.2392 0.3564
Car -1 -1 -0.1016 286.2669 180.2331 328.1307 212.2282 1.5037 3.6870 1.6055 -15.5324 1.9013 36.8346 -0.4984 0.2890
Car -1 -1 -1.9082 672.1577 173.1632 742.5923 205.0367 1.7520 3.5994 1.6799 5.4592 1.7704 40.8717 -1.7769 0.2597
Car -1 -1 3.2472 413.4673 178.7930 465.9113 219.8410 1.5122 4.0261 1.6489 -6.8786 1.7709 29.2845 3.0181 0.2214
