Pedestrian -1 -1 0.0159 342.7840 171.3853 362.3405 217.3814 1.7832 0.7019 0.7144 -10.0835 1.2481 28.3111 -0.3236 0.2252
Cyclist -1 -1 3.2840 367.5871 177.0112 387.1142 214.4420 1.7417 1.8886 0.6280 -11.0559 1.3611 34.4289 2.9752 0.3197
Cyclist -1 -1 -0.5002 580.5139 171.4502 614.8826 209.6102 1.6881 1.9102 0.7398 -0.5088 1.0803 32.8100 -0.5160 0.2920
Cyclist -1 -1 3.2789 340.5431 173.6953 362.8534 218.2318 1.7011 1.7097 0.5989 -10.1240 1.2622 28.3515 2.9386 0.2020
Car -1 -1 -1.7579 482.8965 167.7925 534.0105 203.0486 1.6819 1.8864 3.7720 -5.1100 0.8519 36.3780 -1.8967 0.5370
Car -1 -1 -0.3309 393.7931 168.8904 444.4346 198.4910 1.5862 3.4859 1.7149 -10.6766 0.7125 40.4428 -0.5876 0.5315
Car -1 -1 1.8020 226.3242 179.9695 302.6732 206.7659 1.5223 3.6898 1.9649 -20.0988 1.2254 42.1810 1.3595 0.3636
Car -1 -1 1.6266 437.3812 178.9274 488.9330 202.0805 1.5120 3.2815 1.9255 -9.6611 1.1025 48.1257 1.4291 0.3290
Car -1 -1 -1.4509 92.7013 179.2579 173.6648 206.7486 1.4849 3.6119 1.7559 -26.6211 1.1642 40.4130 -2.0306 0.2985
Car -1 -1 2.9348 309.1982 174.8769 342.5179 196.2422 1.6150 3.7914 1.6915 -22.1543 0.8346 56.3845 2.5618 0.2205
Car -1 -1 -2.2787 423.6479 178.4467 485.8897 204.9061 1.4978 2.3851 2.7458 -9.0612 1.1158 42.4707 -2.4879 0.2074
Car -1 -1 -1.2718 489.5936 177.2726 569.2193 206.4218 1.5363 3.9586 1.7918 -4.2676 1.1188 39.1388 -1.3800 0.1926
Car -1 -1 -1.3256 441.6222 176.2391 492.7591 197.0005 1.5570 3.4891 1.8565 -10.7279 0.8849 54.9244 -1.5180 0.1864
