Pedestrian -1 -1 2.6804 862.3604 168.8498 889.4031 213.5513 1.7451 0.8482 0.6996 10.4999 1.5891 28.6257 3.0281 0.4280
Pedestrian -1 -1 -0.3885 656.1019 174.5305 672.6262 207.9005 1.7179 0.6650 0.6546 2.7940 1.8066 37.6016 -0.3155 0.2974
Pedestrian -1 -1 2.4095 649.0191 180.0052 673.7211 222.6908 1.6823 0.6873 0.7179 2.0284 1.9759 29.0911 2.4776 0.2253
Pedestrian -1 -1 0.4064 330.7493 169.7224 355.8250 216.6084 1.8336 0.7691 0.6844 -10.6153 1.7115 28.6175 0.0538 0.1947
Cyclist -1 -1 3.2107 538.0348 182.5871 553.8208 221.9587 1.5384 1.5995 0.5340 -2.6435 1.9461 29.3934 3.1211 0.2893
Cyclist -1 -1 -3.3827 861.5719 170.5262 887.4048 214.8550 1.7099 1.7071 0.5643 10.4663 1.6205 28.7081 -3.0369 0.2331
Car -1 -1 1.6518 555.5457 180.3796 608.3094 226.0671 1.5183 1.6398 3.7444 -1.0080 1.8150 26.5085 1.6135 0.7251
Car -1 -1 1.1443 306.9295 193.8991 560.6934 342.1109 1.4728 2.3746 2.5039 -2.3866 1.7968 9.3741 0.9004 0.7086
Car -1 -1 1.8479 198.6535 172.9558 328.9373 232.3293 1.9504 3.7198 1.7018 -11.8652 1.9545 24.8482 1.4062 0.5324
Car -1 -1 2.8118 352.5381 180.8257 388.7330 200.7583 1.5394 3.7207 1.7114 -19.7277 2.2173 59.3201 2.4917 0.3699
Car -1 -1 -3.2516 687.9883 177.9863 715.6097 199.2098 1.5164 3.8096 1.6469 6.8572 1.9173 54.3925 -3.1273 0.2818
Car -1 -1 2.6982 863.3646 173.3939 920.8295 201.1568 1.5218 3.4036 1.7671 16.0796 1.5544 41.3795 3.0660 0.2591
Car -1 -1 0.8573 753.9315 176.1383 796.3976 193.2006 1.5153 3.3842 1.9082 15.1665 1.8251 66.3438 1.0807 0.2386
Car -1 -1 -0.4918 693.5024 177.0039 726.7609 193.5282 1.5070 3.1665 1.8475 9.4636 1.9118 68.5136 -0.3555 0.2014
