Pedestrian -1 -1 2.3894 350.3145 184.8970 376.5484 224.2189 1.6459 0.7920 0.7206 -10.6373 2.1724 31.0127 2.0611 0.3989
Pedestrian -1 -1 -0.6766 798.1265 153.5637 834.3389 214.6579 1.8394 0.8489 0.6932 6.3070 1.2590 22.2476 -0.4043 0.3690
Pedestrian -1 -1 2.6017 789.8067 163.3360 808.4177 199.9672 1.8031 0.7156 0.6152 9.3800 1.3349 35.9428 2.8546 0.3500
Pedestrian -1 -1 -2.0589 417.0873 176.4280 426.5003 197.1379 1.6813 0.4792 0.6894 -15.4493 1.9766 59.1330 -2.3137 0.3119
Pedestrian -1 -1 2.3553 610.3455 169.9692 622.8242 193.6062 1.8661 0.7718 0.6331 0.4992 1.6387 57.4573 2.3636 0.2523
Cyclist -1 -1 0.3096 280.2076 178.8965 294.2480 201.4503 1.8011 1.7294 0.5461 -26.4018 2.3029 58.9829 -0.1099 0.2702
Cyclist -1 -1 0.1455 115.4195 165.4074 136.7968 204.0305 1.8685 2.0105 0.5950 -24.1264 1.5086 35.9388 -0.4425 0.2508
Cyclist -1 -1 -0.1467 415.7850 178.2330 426.6712 199.6299 1.7133 1.7187 0.6183 -15.5027 2.1614 59.1429 -0.4023 0.2441
Car -1 -1 -0.8360 0.0000 173.7738 400.6582 375.0000 1.6529 1.8618 3.8004 -3.6975 1.6640 6.3260 -1.3476 0.5669
Car -1 -1 3.3222 437.3853 181.5492 482.0971 213.3100 1.4935 3.5215 1.6167 -7.6214 1.9574 36.6800 3.1183 0.5334
Car -1 -1 3.1720 521.3260 181.1490 546.1938 202.7236 1.5075 3.3508 1.7339 -5.6488 2.1427 53.4837 3.0668 0.4563
Car -1 -1 -0.2945 727.9118 173.9951 761.5317 193.9987 1.5474 3.6122 1.6671 10.7501 1.6423 57.9157 -0.1123 0.3873
Car -1 -1 -1.0867 158.9802 182.3900 299.6497 234.5650 1.4580 3.2549 1.7219 -11.2278 1.7520 21.3469 -1.5661 0.3689
Car -1 -1 2.8305 666.0612 172.1458 704.6680 194.9082 1.5681 3.6632 1.7016 5.3260 1.5197 51.6723 2.9323 0.3209
Car -1 -1 -0.3557 573.2571 180.4675 615.8357 205.0893 1.5168 3.7346 1.6094 -1.0956 2.0424 47.7377 -0.3790 0.2688
