Pedestrian -1 -1 2.5227 737.7133 160.6894 776.3661 227.3003 1.7763 0.8577 0.6603 3.9738 1.4523 19.7649 2.7175 0.2602
Cyclist -1 -1 -0.3553 667.9270 183.9912 685.5656 211.6144 1.7276 1.7537 0.5598 4.2873 2.4643 46.7840 -0.2652 0.2098
Cyclist -1 -1 3.4539 0.0000 148.4276 94.9268 332.9310 1.7389 1.8351 0.5241 -6.2033 1.5090 7.7495 2.7954 0.2060
Cyclist -1 -1 -1.4371 439.3809 182.6926 471.9292 213.6533 1.8216 1.8281 0.6809 -9.2485 2.4155 43.1191 -1.6476 0.2032
Car -1 -1 1.6757 454.5078 186.2583 521.1913 243.4265 1.4796 1.5677 3.6973 -3.5912 1.9136 21.4509 1.5111 0.7528
Car -1 -1 1.2995 643.7324 175.8575 688.4531 196.2796 1.6892 3.4353 1.7623 4.7212 1.9494 61.2281 1.3757 0.4878
Car -1 -1 1.6653 38.6268 186.9234 256.6982 273.2871 1.4977 3.5325 1.6621 -9.1395 1.8114 14.5355 1.1119 0.4643
Car -1 -1 -0.0329 445.6822 180.3962 475.0090 206.8069 1.5281 3.6494 1.6613 -9.3651 2.0178 44.8385 -0.2381 0.3626
Car -1 -1 -1.0691 0.0000 0.0000 1242.0000 375.0000 1.5514 1.7099 3.9963 -2.4054 1.6801 1.8770 -1.9099 0.2617
Car -1 -1 2.9172 674.2516 174.8928 721.8289 206.6608 1.6066 3.9152 1.6947 4.6355 1.7223 38.7854 3.0348 0.2411
Car -1 -1 -0.0669 668.3972 182.1743 695.9412 204.8545 1.4170 3.4855 1.5949 4.7669 2.0641 48.2962 0.0304 0.2386
Car -1 -1 -0.4264 447.6337 168.0289 492.1882 191.5907 1.6262 3.8872 1.6847 -10.1328 1.2935 51.8676 -0.6186 0.2363
Car -1 -1 0.3641 533.9678 181.1541 573.8156 203.7896 1.5215 3.6140 1.6831 -4.0239 2.1417 51.9129 0.2867 0.2185
Car -1 -1 -0.6979 885.6163 137.8980 1242.0000 362.3493 1.6160 4.1429 1.6756 4.6400 1.3647 7.3676 -0.1543 0.1998
