Pedestrian -1 -1 3.3521 274.2022 173.8232 321.9665 260.6026 1.7146 0.8787 0.7246 -6.3059 1.5843 14.4651 2.9506 0.5873
Pedestrian -1 -1 0.9001 975.1981 136.7495 1072.5995 275.6896 1.8674 1.0684 0.5376 5.7752 1.2811 9.8448 1.4185 0.5683
Pedestrian -1 -1 2.4635 560.5405 172.9247 575.6244 200.1370 1.7373 0.7411 0.6516 -2.3845 1.2550 45.6285 2.4133 0.4164
Pedestrian -1 -1 -0.5818 788.2299 166.3875 807.5677 200.4877 1.7995 0.6934 0.7355 10.2861 1.0562 37.7500 -0.3163 0.3679
Pedestrian -1 -1 2.9525 127.9998 124.7475 197.5040 266.6667 1.8656 0.8826 0.6761 -6.2128 1.1344 9.8438 2.4062 0.2804
Pedestrian -1 -1 0.9633 1140.7623 168.0138 1207.6182 254.1760 1.6884 0.8202 0.6505 11.3759 1.4454 14.1989 1.6294 0.2263
Pedestrian -1 -1 1.6634 541.5715 173.4816 552.7631 203.2721 1.7832 0.6120 0.6840 -3.4925 1.3645 42.6645 1.5840 0.2125
Pedestrian -1 -1 0.8683 506.6837 165.6457 521.1385 187.5745 1.8706 1.1033 0.6084 -7.8282 0.6047 60.9198 0.7430 0.2085
Cyclist -1 -1 -1.0726 962.3563 152.0880 1052.0138 222.4960 1.7354 1.8284 0.8874 10.4167 1.0367 18.4317 -0.5638 0.4816
Cyclist -1 -1 -0.9235 477.0899 163.9264 511.9549 198.1675 1.8318 1.8647 0.6501 -6.0383 0.9466 38.5486 -1.0758 0.3684
Cyclist -1 -1 -1.6032 771.6025 160.4236 804.1558 192.4501 1.8171 1.7901 0.5853 10.4817 0.6794 40.5921 -1.3507 0.3546
Cyclist -1 -1 2.8010 559.5732 172.7222 575.8424 198.7386 1.6494 1.6436 0.5321 -2.4183 1.1576 45.6813 2.7501 0.2029
Car -1 -1 -0.9435 0.0000 213.5107 308.9252 370.0000 1.5270 1.6478 4.0595 -3.0111 1.7809 3.3188 -1.6330 0.6170
Car -1 -1 -3.5772 874.6741 161.3177 1013.4371 210.7025 1.5829 1.5692 3.8475 11.1398 0.9696 23.4502 -3.1372 0.5594
Car -1 -1 -0.4391 464.7255 181.2423 516.9016 206.7572 1.5156 3.9923 1.6881 -7.1921 1.5656 44.2420 -0.5976 0.2840
Car -1 -1 3.3900 318.0585 184.4613 358.8703 206.9082 1.5044 3.9257 1.7879 -18.8432 1.7981 50.1502 3.0342 0.2211
Car -1 -1 -0.0134 75.7319 193.1687 124.0766 229.2881 1.4827 3.7703 1.7234 -23.2238 2.1025 32.4752 -0.6281 0.2088
