Pedestrian -1 -1 0.1403 413.0160 172.2781 435.3912 218.7400 1.8307 0.9409 0.7449 -7.4860 1.8084 28.9361 -0.1112 0.5458
Pedestrian -1 -1 2.7458 739.8235 163.6694 760.6106 203.6358 1.8766 0.8465 0.6974 6.6345 1.4457 34.3626 2.9345 0.4469
Pedestrian -1 -1 1.9761 748.9470 190.2782 791.2368 245.5962 1.7960 1.1622 0.8575 5.4013 2.4056 24.5414 2.1892 0.2424
Pedestrian -1 -1 1.6107 42.8552 192.1585 69.7169 231.5466 1.6957 0.9217 0.6565 -24.6793 2.5697 32.1170 0.9594 0.2383
Pedestrian -1 -1 1.8803 40.5207 198.2243 64.5196 230.4595 1.6923 0.8432 0.7435 -30.2742 3.0865 39.1447 1.2251 0.2311
Pedestrian -1 -1 -0.2600 40.3245 166.5178 82.0385 239.4059 1.7873 0.8144 0.6533 -13.8930 1.6323 18.1987 -0.9051 0.2298
Pedestrian -1 -1 1.5644 447.4962 167.5694 460.1722 193.5898 1.8660 0.8902 0.5578 -11.3078 1.4873 52.1086 1.3514 0.2224
Cyclist -1 -1 -1.4363 435.7312 175.4221 478.7061 213.3664 1.8237 1.9714 0.7153 -7.4721 1.9508 35.1647 -1.6447 0.3310
Cyclist -1 -1 2.5001 789.9440 162.6136 816.3766 192.7582 1.8754 2.0062 0.5240 12.2456 1.2387 45.9158 2.7588 0.2970
Cyclist -1 -1 0.3177 380.0846 174.4540 407.4539 214.9167 1.7057 1.7331 0.6289 -9.4223 1.7775 31.3569 0.0277 0.2744
Cyclist -1 -1 0.2858 0.9659 183.1434 64.9080 265.4611 1.7270 1.8627 0.6214 -13.0930 1.9747 16.3602 -0.3813 0.2635
Cyclist -1 -1 0.5745 37.1956 197.2601 69.2435 231.0462 1.7400 1.6238 0.5882 -30.2628 3.0943 39.1926 -0.0799 0.2464
Cyclist -1 -1 2.8337 773.3726 172.3900 816.8723 231.2591 1.7074 1.8972 0.7255 5.5437 1.6943 21.8941 3.0777 0.2424
Cyclist -1 -1 0.5400 224.6816 172.5600 275.7768 230.7659 1.7574 1.8297 0.5775 -11.3435 1.7489 22.7180 0.0813 0.2418
Cyclist -1 -1 -0.6251 916.6351 177.6295 1011.5493 281.3147 1.7223 1.7473 0.6078 6.2673 1.8146 12.9815 -0.1852 0.2211
Cyclist -1 -1 0.4781 199.4944 166.7884 252.6752 233.5008 1.7909 1.7932 0.5504 -10.7987 1.6284 20.2655 -0.0064 0.2180
Car -1 -1 1.6892 460.6599 189.3430 530.0638 247.4397 1.4562 1.5675 3.6068 -3.2883 1.9772 20.9518 1.5346 0.7818
Car -1 -1 2.9073 649.4512 177.6897 690.4155 205.7714 1.5284 3.4912 1.5840 3.3883 1.8209 41.7505 2.9872 0.3832
Car -1 -1 3.0240 655.3524 174.3980 683.9889 195.9384 1.5530 3.8749 1.6938 4.4237 1.6737 54.2682 3.1045 0.3638
Car -1 -1 -0.0223 399.1847 185.5866 434.1263 216.9119 1.4897 3.9951 1.6947 -10.3188 2.2026 38.2178 -0.2847 0.3544
Car -1 -1 2.6833 624.7964 180.8157 661.8320 199.9817 1.5114 3.7005 1.6327 2.7402 2.2028 60.5999 2.7278 0.3035
Car -1 -1 3.0248 460.3842 182.1568 501.9004 213.3857 1.5063 3.8709 1.7150 -6.8968 2.0257 38.1530 2.8467 0.3023
Car -1 -1 0.3245 451.1621 181.3467 493.1392 205.4570 1.4899 3.7431 1.6303 -9.1385 2.0777 47.9357 0.1367 0.2413
Car -1 -1 3.2736 41.2593 190.8615 97.3519 226.9523 1.4912 3.6767 1.6207 -25.2971 2.3853 33.8067 2.6348 0.2276
Car -1 -1 -3.0412 642.9138 175.1645 666.2803 193.6909 1.6028 4.0117 1.7141 4.0316 1.8183 65.0668 -2.9800 0.2238
