Pedestrian -1 -1 3.0370 361.9977 144.6705 426.8730 302.3259 1.8249 0.9769 0.6709 -2.7373 1.4990 8.9290 2.7468 0.5769
Pedestrian -1 -1 1.7060 291.0431 142.4253 412.0301 345.9239 1.8613 1.0323 0.5640 -2.5237 1.5834 6.9763 1.3697 0.5201
Pedestrian -1 -1 -0.4640 601.4707 168.6479 626.1302 212.7401 1.7969 0.8719 0.7069 0.1122 1.6258 29.9493 -0.4610 0.3521
Pedestrian -1 -1 3.1123 53.1161 162.8204 77.8546 220.9218 1.8253 0.7618 0.6146 -17.5230 1.5104 23.1540 2.4698 0.2707
Pedestrian -1 -1 1.9650 958.1338 168.5053 979.7869 203.8729 1.8009 0.7960 0.6972 18.5029 1.5798 37.2661 2.4223 0.2433
Pedestrian -1 -1 1.9771 310.9224 168.9984 336.2018 207.7480 1.8505 0.9671 0.6180 -13.8408 1.6667 34.7779 1.6007 0.2405
Pedestrian -1 -1 0.9874 1109.1804 172.0884 1168.8516 252.1346 1.7216 0.7219 0.8300 11.6239 1.7055 15.9439 1.6080 0.2008
Pedestrian -1 -1 -1.7639 1198.8953 167.0470 1224.8579 205.2302 1.7768 0.8232 0.6792 28.3724 1.5070 34.0680 -1.0741 0.1951
Pedestrian -1 -1 -1.2899 1033.1353 150.1358 1066.0597 206.5898 1.8450 0.7952 0.6398 14.6301 1.1029 24.0873 -0.7497 0.1831
Pedestrian -1 -1 -0.9114 966.5327 155.7044 1002.2231 211.0039 1.8413 0.8955 0.6035 12.6907 1.2706 24.5556 -0.4396 0.1751
Pedestrian -1 -1 1.4345 186.8578 169.1278 213.3922 213.0827 1.8586 0.9152 0.6418 -17.6743 1.7014 31.0396 0.9203 0.1725
Pedestrian -1 -1 -1.9435 591.5926 171.2150 600.9882 192.6859 1.7723 0.5705 0.6840 -1.1643 1.6374 59.9816 -1.9632 0.1714
Pedestrian -1 -1 -0.5688 81.2895 174.6098 99.6084 205.1149 1.8317 0.6767 0.6391 -31.5660 1.9396 43.7923 -1.1906 0.1692
Cyclist -1 -1 -3.5385 1109.9626 170.2715 1163.7188 244.9838 1.5827 1.5260 0.3914 11.6561 1.5283 16.0696 -2.9202 0.2293
Cyclist -1 -1 3.3267 41.2123 167.7558 78.2818 225.7468 1.7888 1.8331 0.6143 -17.7239 1.6319 23.2107 2.6799 0.2127
Cyclist -1 -1 -0.6044 591.0449 169.9104 627.3283 214.1437 1.7885 1.7308 0.6382 -0.0887 1.6698 30.0636 -0.6079 0.1923
Cyclist -1 -1 -1.0614 952.8422 167.3712 990.6583 202.1484 1.7527 1.6821 0.5598 18.6074 1.4767 37.2132 -0.6013 0.1777
Car -1 -1 -3.1806 611.1743 177.9727 839.8027 268.0223 1.5511 1.5896 3.9957 2.0400 1.6546 13.5415 -3.0354 0.6398
Car -1 -1 -0.4193 703.5779 177.9299 740.8317 197.0260 1.5203 3.5940 1.7670 9.3398 1.9598 60.4534 -0.2671 0.2648
Car -1 -1 -1.0709 236.7282 176.8913 284.5138 193.3873 1.4977 3.5728 1.7891 -32.4220 1.8783 66.9710 -1.5204 0.2538
Car -1 -1 -0.0479 218.8758 175.3475 247.5483 198.3723 1.5541 3.6535 1.6302 -26.7467 1.7380 51.1171 -0.5281 0.2466
Car -1 -1 2.0670 243.1639 178.3448 297.4608 197.3301 1.6173 3.8799 1.8609 -29.7012 2.1058 63.1063 1.6285 0.2234
Car -1 -1 -1.4878 8.8740 179.6888 103.6567 211.1077 1.5942 3.9460 1.8403 -30.0339 1.9837 39.2429 -2.1379 0.1969
