Cyclist -1 -1 2.1437 36.9393 179.4330 95.2015 220.7093 1.7775 1.9547 0.7377 -23.8796 2.0704 31.6438 1.5011 0.5615
Car -1 -1 -1.6221 594.8647 176.1047 639.1725 217.7600 1.5661 1.5950 3.7045 0.1875 1.7070 29.3062 -1.6164 0.6702
Car -1 -1 -0.7272 698.7807 169.5072 838.3968 234.4201 1.6807 1.6715 3.6594 4.4339 1.5944 20.3089 -0.5160 0.4643
Car -1 -1 -1.0532 806.9970 175.0672 1064.6036 310.7067 1.4808 1.4877 3.7851 4.4015 1.5161 9.6553 -0.6378 0.4574
Car -1 -1 0.0422 498.8708 180.5331 528.0822 204.7003 1.5234 3.7778 1.7967 -6.5042 2.0629 48.6893 -0.0903 0.4302
Car -1 -1 -2.1076 991.9067 166.1971 1064.8418 189.5699 1.6195 4.0711 1.8753 29.4765 1.1586 50.9616 -1.5859 0.4110
Car -1 -1 -1.0898 986.6506 138.1454 1242.0000 375.0000 1.6368 1.5751 3.8907 5.2243 1.4134 6.1447 -0.4091 0.4092
Car -1 -1 -1.3442 760.2515 166.7549 896.3298 269.9606 1.6005 1.6083 3.6598 4.0474 1.5063 13.1751 -1.0533 0.3985
Car -1 -1 -0.6204 682.9073 178.7274 792.1733 220.8427 1.4868 1.5526 3.9277 4.8219 1.7233 27.4545 -0.4491 0.3587
Car -1 -1 -0.7068 722.0103 180.7454 900.9696 253.9525 1.5115 1.5379 3.9693 4.6534 1.7122 16.7707 -0.4416 0.3244
Car -1 -1 3.2746 478.7629 178.2444 503.9541 196.2570 1.5592 3.6959 1.7811 -10.7497 2.0626 65.4512 3.1121 0.3228
Car -1 -1 -1.2709 665.5751 174.5976 715.4041 205.4167 1.5487 1.6963 3.4506 4.2896 1.6464 38.3922 -1.1610 0.3171
