Pedestrian -1 -1 -0.9549 1083.2180 83.2025 1242.0000 375.0000 1.8156 0.8743 0.6741 3.2776 1.3738 4.0756 -0.3126 0.4199
Pedestrian -1 -1 -0.3709 506.8099 174.8452 523.4261 206.2313 1.8228 0.8496 0.7106 -5.6271 1.9420 42.5140 -0.5022 0.3448
Pedestrian -1 -1 -2.6552 260.0754 147.3484 298.4418 222.8501 1.8175 0.8734 0.5109 -8.2064 1.2039 17.8177 -3.0814 0.3225
Pedestrian -1 -1 0.8698 256.2314 195.5691 279.4785 227.5869 1.6560 0.8270 0.7634 -18.3426 2.8888 38.6103 0.4286 0.3066
Pedestrian -1 -1 1.2725 901.2603 184.0660 917.1584 211.6601 1.7394 0.7586 0.7250 19.1220 2.4638 46.1964 1.6621 0.2644
Pedestrian -1 -1 1.1442 329.6045 189.3854 342.4502 208.4797 1.6983 0.8573 0.7588 -24.9808 3.2180 65.7359 0.7820 0.2598
Pedestrian -1 -1 0.9707 293.7804 191.7500 312.7923 217.9258 1.6715 0.8568 0.7870 -20.2098 2.9302 47.4725 0.5698 0.2568
Pedestrian -1 -1 -1.2947 50.0997 197.0757 93.4658 256.2382 1.6516 0.8393 0.7508 -15.7338 2.3753 21.0473 -1.9308 0.2467
Pedestrian -1 -1 2.1704 732.1426 180.8817 775.7383 250.8807 1.6994 0.8019 0.7383 3.5787 1.9082 18.1843 2.3607 0.2295
Pedestrian -1 -1 1.0426 562.6594 190.1086 581.0849 219.1047 1.7165 0.8067 0.8413 -2.3581 2.7821 43.9669 0.9887 0.2269
Pedestrian -1 -1 -0.0433 145.9119 183.6344 157.7323 208.6888 1.6805 0.6102 0.6557 -31.2786 2.4226 49.2070 -0.6073 0.2204
Pedestrian -1 -1 1.3967 322.3129 193.2331 335.0688 215.9000 1.7676 0.8289 0.7859 -22.5629 3.4162 57.8039 1.0257 0.2193
Cyclist -1 -1 -2.0738 1079.3438 177.7260 1131.9678 219.6415 1.8980 1.8760 0.7369 22.7727 2.1258 33.2298 -1.4777 0.3142
Cyclist -1 -1 -1.2800 554.8054 189.4146 585.8070 220.9037 1.8721 1.7563 0.7224 -2.4524 2.8960 44.0347 -1.3360 0.2730
Cyclist -1 -1 -0.9319 1004.0807 158.5799 1047.8911 198.1010 1.8144 1.8510 0.5065 19.5834 1.1594 34.0722 -0.4142 0.2655
Cyclist -1 -1 2.5965 43.2453 191.8115 102.6838 256.0473 1.8131 1.7751 0.5778 -15.9237 2.3897 21.3249 1.9608 0.2383
Cyclist -1 -1 -0.4866 727.1133 181.7993 779.7842 252.7264 1.6874 1.6096 0.6150 3.5532 1.9245 18.2390 -0.2982 0.2141
Cyclist -1 -1 0.1216 259.7243 194.6820 275.8140 227.8106 1.6840 1.6544 0.5818 -18.3869 2.8820 38.7073 -0.3196 0.1844
Cyclist -1 -1 3.2971 213.0925 178.8263 223.8334 198.4510 1.8094 1.8704 0.6076 -36.9685 2.3816 68.1040 2.8012 0.1809
Car -1 -1 -0.2164 600.2671 183.6182 639.5312 209.7409 1.5072 3.1923 1.7868 0.5448 2.2021 44.8100 -0.2049 0.4004
Car -1 -1 -2.4564 1030.9327 187.7929 1103.9769 214.2083 1.4916 1.7676 3.5040 28.3538 2.4615 44.8805 -1.8965 0.3183
Car -1 -1 1.3324 473.7971 180.4968 518.7130 200.5370 1.5945 3.3584 1.8067 -9.4902 2.2462 60.0136 1.1758 0.3124
Car -1 -1 -2.7687 961.2457 181.7407 1242.0000 375.0000 1.5361 1.7083 3.9217 3.4067 1.5944 2.5727 -1.8990 0.2711
Car -1 -1 -0.3643 628.7063 189.9418 667.8499 210.1130 1.4679 3.7207 1.9408 3.0169 2.8927 58.0778 -0.3133 0.2224
Car -1 -1 -0.0425 251.5481 190.0036 274.4760 207.5207 1.4727 3.7149 1.7562 -32.1292 3.1079 66.7276 -0.4900 0.1967
Car -1 -1 -0.7991 861.1403 181.7137 925.9135 207.3779 1.5764 3.9265 1.6957 18.7402 2.1915 47.9300 -0.4290 0.1921
