Pedestrian -1 -1 3.0948 185.3702 161.3773 246.7185 305.9697 1.7839 0.8392 0.6703 -5.2130 1.6426 9.4313 2.6012 0.4743
Pedestrian -1 -1 2.1502 994.9720 144.7467 1049.6449 227.7296 1.8468 0.8654 0.6731 9.4261 1.2216 16.5950 2.6588 0.3516
Pedestrian -1 -1 3.0545 140.9940 143.3251 182.9446 245.8119 1.8579 0.8181 0.6065 -8.4942 1.3230 13.5869 2.5044 0.3076
Pedestrian -1 -1 2.3590 764.5294 163.9222 782.8782 198.0452 1.8035 0.7443 0.6097 8.7222 1.3318 38.6096 2.5792 0.2968
Pedestrian -1 -1 1.8805 316.6264 169.7966 375.2681 266.4657 1.7391 0.8592 0.6483 -4.9127 1.6844 13.3178 1.5329 0.2818
Car -1 -1 0.1995 397.7805 188.0154 533.5618 290.6128 1.4711 3.6458 1.6214 -2.4264 1.7773 12.7192 0.0138 0.7595
Car -1 -1 0.1907 625.0260 179.5387 670.0838 209.4930 1.5129 4.0053 1.7432 2.0774 1.8997 39.5554 0.2422 0.6489
Car -1 -1 1.6033 498.7777 173.9518 582.9683 246.5925 1.6469 1.9143 3.4486 -1.7310 1.6777 18.1899 1.5089 0.6485
Car -1 -1 -1.5154 554.6277 182.6042 612.9077 232.8328 1.4921 1.7356 4.0015 -0.8461 1.8472 24.2321 -1.5507 0.5879
Car -1 -1 -2.6198 0.0000 0.0000 1242.0000 375.0000 1.5628 1.6911 4.0338 2.7540 1.6506 2.0508 -1.7565 0.5212
Car -1 -1 1.5596 581.8074 179.2796 624.1826 217.7564 1.5286 1.7213 3.6925 -0.3694 1.8230 31.1508 1.5472 0.4582
Car -1 -1 -3.0900 694.5612 181.6969 722.3259 204.8594 1.5218 3.4184 1.7634 6.9116 2.1656 50.6532 -2.9557 0.3950
