Pedestrian -1 -1 -1.6063 355.3775 176.6215 370.5206 201.1336 1.8335 1.0626 0.6419 -18.7264 2.1216 54.6087 -1.9354 0.2455
Pedestrian -1 -1 1.8877 653.1411 166.6730 670.6982 198.2685 1.8488 0.8787 0.6476 3.0395 1.4875 42.6840 1.9579 0.2195
Pedestrian -1 -1 -0.5677 533.3663 173.0678 554.5709 213.1363 1.7438 0.6757 0.6754 -2.9589 1.7538 31.8784 -0.6601 0.2057
Pedestrian -1 -1 -1.8657 969.1518 167.8845 1006.1431 227.2231 1.7266 0.8169 0.6405 11.1350 1.5824 21.3802 -1.3917 0.1960
Pedestrian -1 -1 -2.0392 329.4372 174.8655 342.3804 197.3176 1.7824 0.7737 0.6208 -22.0050 1.9455 57.8620 -2.4013 0.1921
Pedestrian -1 -1 -0.1021 882.9169 167.5658 907.4866 224.2704 1.7382 0.7078 0.6402 8.8577 1.5765 22.5414 0.2673 0.1773
Cyclist -1 -1 3.2113 357.3727 178.5278 367.1287 201.6174 1.7049 1.6581 0.5837 -18.7629 2.1414 54.5817 2.8814 0.5531
Cyclist -1 -1 1.4543 581.5789 178.0963 741.2155 333.4037 1.6732 1.7333 0.6804 0.4969 1.7360 8.1889 1.5108 0.2666
Cyclist -1 -1 2.9506 532.9787 175.0243 553.5382 214.7654 1.7066 1.7499 0.5834 -3.0117 1.8060 32.0038 2.8570 0.2479
Cyclist -1 -1 -0.2843 657.4322 172.2648 679.1263 204.4074 1.6223 1.6624 0.6744 2.9645 1.5929 37.2971 -0.2061 0.1998
Cyclist -1 -1 3.4360 328.6838 177.5580 342.8513 199.7082 1.7395 1.6933 0.5964 -22.0200 2.1229 57.8924 3.0738 0.1848
Car -1 -1 -1.6313 565.3629 183.1551 719.2646 327.3536 1.5060 1.6838 4.1643 0.2155 1.6787 9.9503 -1.6120 0.4530
Car -1 -1 -0.0975 588.0247 172.3411 630.0951 206.3004 1.5968 3.7923 1.7191 -0.1371 1.5730 35.8976 -0.1018 0.3810
Car -1 -1 0.1400 309.4764 182.4730 337.3325 202.1664 1.5100 3.7385 1.6186 -23.5349 2.3275 59.2872 -0.2366 0.2985
Car -1 -1 -0.6720 126.7227 185.6546 189.1211 209.6178 1.6373 3.9645 1.7561 -32.8396 2.5933 52.3776 -1.2299 0.2599
Car -1 -1 3.4650 327.7524 184.6823 374.8232 209.6573 1.5202 4.0110 1.7505 -17.1238 2.3382 47.8532 3.1228 0.2137
Car -1 -1 -0.8162 172.4776 184.1707 235.7920 207.6327 1.5486 3.6818 1.6823 -28.1961 2.3546 50.1006 -1.3268 0.1866
Car -1 -1 -0.2224 567.7781 179.6428 659.7322 244.2522 1.5133 3.7954 1.6390 -0.0534 1.7149 19.3572 -0.2260 0.1854
