Pedestrian -1 -1 3.1995 404.0971 173.4254 428.0715 226.6890 1.7270 0.9570 0.7205 -6.1650 1.4663 23.8280 2.9437 0.7351
Pedestrian -1 -1 2.7313 728.2493 153.9798 791.2089 261.6667 1.7906 0.8784 0.7717 2.6873 1.3343 12.4507 2.9341 0.6332
Pedestrian -1 -1 2.7905 488.9756 173.9949 505.7397 205.2898 1.7976 0.8089 0.7288 -6.0559 1.3673 41.7879 2.6424 0.5678
Pedestrian -1 -1 3.4286 33.6594 176.2642 122.5508 336.0872 1.6833 0.7138 0.6211 -5.8526 1.6295 8.0020 2.8067 0.4077
Pedestrian -1 -1 2.8872 548.8405 174.2694 573.9412 222.0809 1.6906 0.7611 0.7309 -1.4688 1.4360 25.8723 2.8259 0.3636
Pedestrian -1 -1 2.9171 634.5678 155.2873 694.9164 281.1167 1.7887 0.8314 0.7168 0.8816 1.4174 10.6732 2.9919 0.3540
Pedestrian -1 -1 -1.5606 718.4197 176.1597 753.7310 248.0082 1.6692 0.8097 0.7550 3.1743 1.5464 17.1318 -1.3856 0.3185
Pedestrian -1 -1 2.8665 563.1877 170.3393 596.4677 231.4161 1.6969 0.8076 0.7517 -0.6516 1.3880 20.4551 2.8297 0.3069
Pedestrian -1 -1 3.0050 581.6461 170.5739 615.7924 242.8297 1.7217 0.7577 0.7317 -0.1082 1.4625 17.5423 2.9935 0.2885
Pedestrian -1 -1 -2.0646 0.0000 194.6548 22.3705 245.2825 1.7351 0.7222 0.7033 -21.0645 2.2085 25.3246 -2.7586 0.2628
Pedestrian -1 -1 2.5528 454.1824 181.2092 472.7140 209.6473 1.7609 0.8081 0.8321 -8.6498 1.7437 45.0578 2.3590 0.2578
Pedestrian -1 -1 -0.5511 755.3192 157.7670 807.7908 252.6550 1.7752 0.8694 0.6183 3.4465 1.3324 13.9456 -0.3186 0.2507
Pedestrian -1 -1 2.9937 354.6936 172.4315 368.3493 202.6522 1.7812 0.6978 0.6740 -14.2945 1.2475 42.8002 2.6682 0.2486
Pedestrian -1 -1 -0.6381 611.2189 171.1226 628.5350 204.2344 1.7900 0.6768 0.6761 1.0056 1.2298 39.3012 -0.6178 0.2427
Pedestrian -1 -1 -0.9296 801.2274 147.7511 862.5735 250.7100 1.7990 0.8506 0.6386 4.1502 1.2106 13.0806 -0.6335 0.2338
Pedestrian -1 -1 3.2247 366.3104 172.0507 391.1938 225.1040 1.7386 0.8632 0.7299 -7.4689 1.4300 24.0388 2.9213 0.2270
Pedestrian -1 -1 -1.6897 657.2211 184.3064 752.1149 345.0244 1.5967 0.8830 0.8101 1.0105 1.6292 7.5547 -1.5674 0.2249
Pedestrian -1 -1 1.7260 382.9435 183.8337 410.8972 232.5913 1.7479 0.8784 0.7558 -7.4790 1.8356 26.2201 1.4454 0.2228
Pedestrian -1 -1 2.5564 593.7375 175.2970 639.8728 250.6143 1.6447 0.7302 0.7618 0.3072 1.5104 16.1965 2.5696 0.2132
Cyclist -1 -1 3.1393 422.9012 165.3096 436.5990 199.7143 1.8251 1.9315 0.7086 -9.3613 0.9671 39.1267 2.9010 0.3432
Cyclist -1 -1 3.4451 341.1314 166.8312 377.4970 228.4983 1.8287 1.8520 0.5436 -7.4980 1.3949 22.2316 3.1181 0.3336
Cyclist -1 -1 1.4251 608.0004 198.9114 792.8602 362.7950 1.6198 1.8347 0.7057 0.9517 1.8137 7.5596 1.5396 0.3120
Cyclist -1 -1 1.5819 581.9648 169.3556 669.9398 248.6852 1.7495 1.9433 0.7306 0.5166 1.4829 16.2403 1.6077 0.3087
Cyclist -1 -1 -2.9186 532.5591 170.6107 561.3591 221.6078 1.7686 1.7771 0.6663 -1.9650 1.3920 25.8360 -2.9990 0.3036
Cyclist -1 -1 0.3268 451.2587 183.5272 468.7764 211.0971 1.6906 1.5903 0.6052 -8.8436 1.8206 44.9946 0.1287 0.2842
Cyclist -1 -1 2.8063 487.1685 175.8058 505.8362 205.7730 1.7088 1.6147 0.5678 -6.1136 1.3849 41.8050 2.6569 0.2673
Cyclist -1 -1 3.1083 382.3631 182.4629 400.9626 230.5924 1.6951 1.7732 0.5857 -7.7029 1.7326 26.2680 2.8205 0.2540
Cyclist -1 -1 -0.2393 754.4669 158.2423 807.1170 256.4377 1.8032 1.8419 0.5565 3.4512 1.3773 14.1116 -0.0091 0.2536
Cyclist -1 -1 2.0292 0.0000 175.5739 110.6959 258.9047 1.7490 2.0164 0.8022 -12.0520 1.6259 15.6632 1.3761 0.2300
Cyclist -1 -1 0.2223 353.2151 174.3704 370.6000 203.9066 1.7275 1.7636 0.6190 -14.2983 1.3113 42.9188 -0.1025 0.2297
Cyclist -1 -1 -2.9711 597.2419 162.5376 621.0150 211.1344 1.7446 1.7758 0.6028 0.2788 1.0649 26.7123 -2.9658 0.2258
Cyclist -1 -1 -2.9539 682.7261 153.0485 716.1085 212.0215 1.7796 1.6554 0.7566 3.0687 0.9221 22.5781 -2.8254 0.2197
Car -1 -1 1.9470 0.0000 191.3984 342.7340 374.0000 1.5688 1.9310 3.7948 -4.0482 1.6961 7.1315 1.4399 0.7213
Car -1 -1 2.9756 626.8874 191.9039 816.4874 340.8635 1.4489 3.8117 1.6404 1.2461 1.6115 9.1930 3.1006 0.2442
Car -1 -1 2.6456 441.5681 178.0416 479.6011 196.5029 1.5611 3.7627 1.6543 -12.2907 1.2691 62.7167 2.4478 0.2156
