Cyclist -1 -1 3.3337 232.1840 203.2604 286.4732 330.3342 1.6635 1.5981 0.4145 -5.2061 2.1481 10.6634 2.8885 0.2892
Cyclist -1 -1 3.3641 0.0000 175.3725 101.5301 375.0000 1.6605 1.8434 0.5142 -5.2598 1.6873 6.6481 2.7139 0.2882
Car -1 -1 -1.6947 655.1172 181.6858 715.8336 231.0502 1.5294 1.6119 3.7104 2.4830 1.8575 24.8987 -1.5973 0.8094
Car -1 -1 1.6939 496.7918 188.1928 557.1689 237.5376 1.4683 1.5866 3.7462 -2.7882 2.0299 24.5180 1.5811 0.7426
Car -1 -1 -2.0474 773.8573 188.8672 1242.0000 375.0000 1.4601 1.6331 3.8531 2.5111 1.6227 5.3338 -1.6298 0.7126
Car -1 -1 1.7880 262.0573 189.6243 493.1140 353.8057 1.5663 1.9128 4.1243 -2.7534 1.8350 9.4292 1.5102 0.6988
Car -1 -1 1.2813 727.8369 181.7915 921.6971 312.8925 1.5046 1.5583 3.8258 2.8141 1.6588 10.4816 1.5353 0.6458
Car -1 -1 -1.6543 642.4227 181.0983 686.0058 215.6994 1.5162 1.7386 3.9752 2.4990 1.9344 34.5660 -1.5834 0.5194
Car -1 -1 -1.8144 629.7133 178.3958 668.4713 202.9999 1.5649 1.7525 3.7634 2.5694 1.9556 48.8094 -1.7626 0.4769
Car -1 -1 -1.6829 648.7432 182.6320 699.6654 223.7725 1.4990 1.5992 3.9776 2.4921 1.9231 29.2547 -1.5995 0.4119
Car -1 -1 2.9224 542.4739 188.1232 579.4876 212.1380 1.4809 3.4986 1.7770 -3.3872 2.5564 48.8752 2.8530 0.3497
