Pedestrian -1 -1 2.2587 1154.8177 129.2716 1240.6294 272.5922 1.7644 0.6219 0.5885 7.4665 1.2283 9.2478 2.9222 0.4656
Pedestrian -1 -1 3.4625 27.4740 166.7367 141.7136 348.7397 1.7162 0.8561 0.6929 -5.3405 1.6588 7.3107 2.8485 0.4103
Pedestrian -1 -1 -0.5111 723.5009 168.3904 749.8362 214.9129 1.7951 0.7730 0.7323 4.9262 1.6233 28.3255 -0.3413 0.3620
Pedestrian -1 -1 1.9131 1135.2002 123.0992 1185.5557 226.2433 1.8871 0.5936 0.5986 10.3304 0.9772 13.6116 2.5519 0.3363
Cyclist -1 -1 1.4778 836.1296 169.3438 950.1714 261.2587 1.7038 1.9908 0.7349 5.3907 1.6391 13.9891 1.8377 0.3136
Car -1 -1 1.3636 657.9855 177.9332 758.7112 249.6295 1.5327 1.6517 3.8006 2.2316 1.6713 17.6637 1.4862 0.7021
Car -1 -1 -2.4114 1004.9628 167.7041 1242.0000 274.0855 1.5382 2.7598 2.0538 8.3335 1.4641 11.7514 -1.8068 0.5740
Car -1 -1 2.8815 551.7859 176.1556 591.5215 201.9800 1.5069 3.4070 1.6162 -2.4327 1.7192 44.4477 2.8267 0.5411
Car -1 -1 1.7416 423.3776 176.7682 517.4397 212.5556 1.5416 3.8810 1.7266 -6.2070 1.7214 32.1758 1.5520 0.5287
Car -1 -1 1.6072 531.9454 168.4571 571.3432 204.7775 1.7301 1.8379 3.9290 -2.9247 1.5210 36.3705 1.5271 0.4749
Car -1 -1 0.8492 1097.3696 182.1218 1242.0000 375.0000 1.5202 1.6578 3.9406 5.0239 1.6046 4.5091 1.6558 0.3886
Car -1 -1 -1.5434 655.4929 168.6201 690.3730 201.5892 1.5426 1.6239 3.6951 3.1168 1.3449 35.6851 -1.4574 0.3759
Car -1 -1 1.6815 599.0980 176.6838 642.0543 195.7563 1.4510 3.1700 1.9583 0.8263 1.7576 56.5278 1.6956 0.3106
