Pedestrian -1 -1 -0.1820 792.1811 170.6497 816.4045 220.9706 1.7682 0.7739 0.7030 6.8871 1.6911 25.7630 0.0757 0.3769
Pedestrian -1 -1 3.1433 388.4995 156.0421 405.3341 203.6914 1.8993 0.8707 0.6457 -8.6834 1.2295 29.2654 2.8570 0.2614
Pedestrian -1 -1 -0.9951 1106.5725 137.4250 1185.9988 247.7052 1.8160 0.8773 0.6643 9.1562 1.2329 12.4080 -0.3710 0.2509
Pedestrian -1 -1 -0.6892 1038.6021 141.2608 1091.4657 223.5490 1.8292 0.7968 0.6636 10.3303 1.1273 16.4769 -0.1374 0.2168
Pedestrian -1 -1 -1.6026 84.7174 171.9927 115.4152 218.4944 1.8205 0.9833 0.5997 -20.3831 1.7872 28.7805 -2.2146 0.2132
Pedestrian -1 -1 -2.3187 489.8200 174.4480 503.2262 196.6462 1.7409 0.8843 0.5906 -9.0184 1.8688 57.1914 -2.4747 0.2112
Pedestrian -1 -1 2.1408 1011.7104 149.8498 1042.1309 205.5740 1.8817 0.6768 0.6242 14.2873 1.1052 24.8064 2.6579 0.2102
Pedestrian -1 -1 2.4093 0.0000 140.8576 70.0392 264.3644 1.8540 0.9144 0.5572 -9.0670 1.3741 11.1799 1.7395 0.1833
Pedestrian -1 -1 3.1042 234.1888 160.0739 247.2647 196.4956 1.8584 0.6980 0.5765 -19.1088 1.2067 37.2593 2.6330 0.1826
Pedestrian -1 -1 -0.1853 122.1869 170.1620 140.3746 209.1702 1.8041 0.8498 0.5664 -22.5141 1.6799 33.8701 -0.7685 0.1768
Cyclist -1 -1 2.2022 1162.5189 169.4111 1210.6748 204.9527 1.6635 1.7968 0.6028 27.6788 1.5027 34.7150 2.8709 0.3103
Cyclist -1 -1 1.3956 759.4604 191.7750 832.4571 262.0321 1.7414 1.7194 0.6514 4.6933 2.2362 18.4716 1.6394 0.3014
Cyclist -1 -1 0.3877 59.5740 184.5826 128.1150 265.7207 1.7443 1.9078 0.6122 -12.0192 2.0340 16.7960 -0.2262 0.2701
Cyclist -1 -1 -2.5120 82.6832 176.0373 127.9365 221.8072 1.7785 1.7884 0.5411 -20.3429 1.9111 29.0604 -3.1187 0.2459
Cyclist -1 -1 0.0374 494.0351 175.8565 502.9163 198.5690 1.7658 1.7636 0.6320 -8.8679 2.0081 57.2458 -0.1160 0.2402
Cyclist -1 -1 -2.9765 499.6448 174.6819 509.8847 194.4113 1.7914 1.8885 0.6352 -9.7322 1.9630 66.6394 -3.1213 0.2248
Cyclist -1 -1 -0.1302 668.0049 181.7132 681.5497 209.1310 1.8043 1.7826 0.6857 4.3585 2.4171 48.9705 -0.0426 0.2222
Cyclist -1 -1 0.1090 0.0000 210.8305 38.5972 315.6609 1.7261 1.7940 0.4092 -11.0145 2.4758 13.3700 -0.5705 0.2112
Cyclist -1 -1 -3.2852 751.2328 199.6080 776.0472 263.9366 1.7311 1.5947 0.4684 4.3894 2.5365 20.8978 -3.0822 0.2104
Cyclist -1 -1 -2.7509 410.1198 175.4211 430.6062 204.7423 1.7702 1.8054 0.5827 -11.7573 1.9327 44.6543 -3.0073 0.1974
Cyclist -1 -1 3.5665 215.4719 203.1929 284.3252 316.7980 1.5565 1.5214 0.3388 -5.5364 2.0541 11.0575 3.1112 0.1960
Cyclist -1 -1 1.0457 866.2950 163.0221 948.6639 227.2456 1.6844 1.9213 0.7826 7.9559 1.4269 19.4455 1.4283 0.1946
Cyclist -1 -1 -0.4364 786.2816 170.7236 823.3831 220.5132 1.7165 1.7438 0.5896 6.8978 1.6434 25.7824 -0.1784 0.1945
Cyclist -1 -1 2.7624 766.2278 160.2392 795.8348 202.5291 1.8296 1.8815 0.6260 7.5727 1.2842 32.1907 2.9910 0.1941
Cyclist -1 -1 0.3342 240.7236 178.9577 284.0262 240.1876 1.7389 1.8383 0.5946 -10.4374 1.9302 21.6236 -0.1111 0.1937
Cyclist -1 -1 1.2293 840.5203 191.3426 948.1035 287.3964 1.7335 1.7611 0.6288 5.2359 2.0878 13.4789 1.5912 0.1885
Cyclist -1 -1 -3.6720 1187.1788 152.3290 1242.0000 224.5992 1.7680 1.7643 0.7914 15.8130 1.2663 18.5846 -2.9751 0.1832
Cyclist -1 -1 0.3825 189.8811 172.5031 216.2104 206.6510 1.7431 1.7112 0.6013 -21.2937 1.7255 37.7147 -0.1287 0.1829
Cyclist -1 -1 -0.1650 843.8016 176.6075 862.4719 211.9715 1.6575 1.7382 0.5703 11.7146 1.8442 34.9108 0.1557 0.1765
Cyclist -1 -1 0.2248 276.0284 171.5625 307.4753 224.9021 1.7666 1.7403 0.6135 -10.9675 1.7242 24.8067 -0.1878 0.1746
Cyclist -1 -1 -0.2658 775.9540 163.4739 798.9903 202.0417 1.8028 1.7196 0.6365 8.4571 1.3647 34.5936 -0.0284 0.1743
Cyclist -1 -1 -0.6185 965.5218 171.4868 1001.6744 206.5442 1.7173 1.8702 0.6443 18.7448 1.6507 36.3147 -0.1457 0.1736
Car -1 -1 -0.2034 555.3152 180.8753 580.5797 197.9151 1.4986 3.3967 1.6887 -3.9525 2.2652 67.0635 -0.2625 0.2889
Car -1 -1 -0.7345 655.1383 179.9380 700.5950 198.9272 1.4753 3.7608 1.6298 5.5445 2.0798 59.5350 -0.6425 0.2744
Car -1 -1 1.5506 895.3810 166.6971 1058.8977 229.0340 1.5494 3.7854 1.6175 9.7363 1.3967 19.4654 2.0079 0.2112
Car -1 -1 0.0878 461.9900 172.5405 487.6198 193.7976 1.6239 3.7726 1.6684 -10.6853 1.6003 57.0773 -0.0967 0.2053
Car -1 -1 -0.2384 1063.8254 175.6736 1117.0969 204.1487 1.4811 3.5923 1.6295 26.4510 1.6450 39.8826 0.3435 0.1996
Car -1 -1 3.0180 162.9437 183.1399 198.1782 206.4768 1.5295 3.8531 1.6869 -30.4831 2.2878 51.1252 2.4824 0.1960
Car -1 -1 -3.1270 668.4654 179.9643 693.2072 203.2498 1.5304 4.0915 1.6658 4.9876 2.0527 50.8416 -3.0303 0.1930
Car -1 -1 1.7533 586.2411 187.3801 659.1385 217.5879 1.4956 3.5995 1.6722 0.6556 2.2852 38.0266 1.7697 0.1778
Car -1 -1 2.9018 705.0092 177.4692 745.2159 203.2922 1.5493 3.8661 1.6471 7.2550 1.8566 45.9956 3.0568 0.1722
