Pedestrian -1 -1 -0.4886 547.7617 166.1878 567.3044 203.4730 1.8544 0.8883 0.6415 -2.6896 1.5232 36.4297 -0.5622 0.4168
Pedestrian -1 -1 2.1014 835.0330 170.6688 852.8953 204.4480 1.7288 0.6468 0.6387 12.0838 1.6173 37.3786 2.4113 0.1799
Cyclist -1 -1 -0.3716 688.5582 172.8970 721.4860 219.2110 1.7515 1.8983 0.6258 3.6632 1.7536 28.2826 -0.2448 0.2475
Cyclist -1 -1 -0.6940 815.2520 159.7215 864.2554 212.8071 1.7381 1.8077 0.5542 7.7527 1.3085 24.5632 -0.3922 0.2295
Cyclist -1 -1 3.3110 469.3814 188.7677 487.3325 238.3225 1.5112 1.4416 0.3304 -4.2676 2.0389 23.1872 3.1303 0.1816
Car -1 -1 -2.0627 881.1382 174.8840 1242.0000 375.0000 1.6130 1.7007 4.0864 3.1620 1.6323 4.6229 -1.4931 0.7899
Car -1 -1 -1.7798 739.4008 172.0835 860.4084 255.6205 1.5647 1.6409 4.1118 3.8796 1.5506 15.5914 -1.5411 0.6871
Car -1 -1 1.6039 568.0322 179.7278 614.6433 217.8890 1.4819 1.8509 3.4971 -0.7715 1.7887 30.4048 1.5781 0.6063
Car -1 -1 -2.0111 580.3728 179.2086 638.1106 208.9523 1.5154 2.1297 2.8360 -0.1101 1.8766 39.2382 -2.0144 0.4852
Car -1 -1 3.3329 0.0000 175.6725 214.3324 375.0000 1.5255 3.6181 1.6834 -4.6384 1.5583 6.3143 2.7189 0.2807
Car -1 -1 2.7494 609.5750 180.5317 648.7853 201.7024 1.5523 3.9137 1.6996 1.4375 2.1774 56.5806 2.7741 0.2796
Car -1 -1 -0.5196 691.8808 175.3323 786.8087 221.9235 1.5712 3.9909 1.6783 4.6428 1.6708 26.7218 -0.3500 0.1793
