Pedestrian -1 -1 1.2513 815.0540 145.3958 922.5852 315.8544 1.7722 0.9496 0.5831 2.7815 1.4089 7.6461 1.5890 0.5418
Pedestrian -1 -1 1.1416 52.2724 193.5100 101.6517 256.8508 1.7516 0.9083 0.7620 -15.2421 2.1388 20.3687 0.5081 0.4719
Pedestrian -1 -1 -1.6473 1127.0789 187.7619 1224.0000 370.0000 1.6739 0.6872 0.6979 4.3517 1.7356 5.3493 -0.9914 0.3251
Pedestrian -1 -1 2.9914 252.5989 166.5289 304.9181 260.9595 1.7445 0.8908 0.7984 -6.3480 1.4880 13.6475 2.5666 0.3188
Pedestrian -1 -1 3.0095 14.3925 173.1322 71.5432 262.9135 1.7468 0.8687 0.8085 -11.4485 1.6050 14.3440 2.3484 0.3157
Pedestrian -1 -1 2.8435 516.1862 163.9039 566.4695 262.7311 1.7397 0.8759 0.6921 -1.2225 1.4492 12.9776 2.7536 0.2789
Pedestrian -1 -1 2.6805 642.1016 162.6361 697.4751 261.9741 1.7540 0.8372 0.7137 1.1379 1.4402 12.9995 2.7675 0.2555
Pedestrian -1 -1 1.1456 971.4841 187.0566 1130.0356 370.0000 1.6472 0.7818 0.6988 3.2672 1.7019 5.3311 1.6711 0.2433
Pedestrian -1 -1 1.0606 810.4595 169.2903 863.2823 256.0318 1.6719 0.8130 0.5785 4.5390 1.4575 13.9880 1.3694 0.1906
Pedestrian -1 -1 1.3331 993.3519 164.5785 1064.8712 270.4257 1.7398 0.9138 0.6430 7.1669 1.4797 12.0548 1.8595 0.1802
Pedestrian -1 -1 -1.3544 739.0062 162.5421 791.4226 254.0899 1.7848 0.9056 0.7090 3.2026 1.4364 14.2918 -1.1370 0.1627
Pedestrian -1 -1 0.7026 1042.9956 191.5583 1116.7537 284.2901 1.6983 0.8906 0.7883 9.0609 1.9201 13.5692 1.2819 0.1484
Cyclist -1 -1 -0.4130 861.2599 179.7673 946.4332 303.1634 1.6277 1.6515 0.4801 4.1973 1.6197 10.1540 -0.0304 0.2837
Cyclist -1 -1 -0.4993 642.8304 164.3660 720.7142 265.0811 1.7498 1.9042 0.6046 1.3568 1.4712 13.2741 -0.3981 0.2660
Cyclist -1 -1 0.3632 0.0000 173.9069 64.7667 266.1804 1.7388 1.8373 0.5996 -11.7023 1.6162 14.2851 -0.3105 0.2451
Cyclist -1 -1 1.4531 684.0407 160.7258 760.6155 231.4973 1.7689 1.8625 0.6284 2.9350 1.2762 18.0210 1.6135 0.2263
Cyclist -1 -1 -2.0828 1019.7827 189.4629 1135.8286 283.7749 1.7523 1.7458 0.6900 9.0278 1.9316 13.6086 -1.5065 0.2139
Cyclist -1 -1 -1.0388 1119.6837 143.2177 1224.0000 253.3348 1.7711 1.8223 0.5544 10.0578 1.1731 12.3169 -0.3650 0.1974
Cyclist -1 -1 0.0191 255.8114 166.6335 298.8602 262.6538 1.7333 1.7578 0.7095 -6.3678 1.4846 13.7059 -0.4053 0.1841
Cyclist -1 -1 -1.5642 555.3048 148.6195 630.5252 221.5592 1.8033 1.8605 0.6288 -0.3394 1.0167 17.7990 -1.5810 0.1794
Cyclist -1 -1 0.0599 506.0627 162.2235 548.8546 267.0915 1.7945 1.7958 0.6734 -1.4429 1.4834 13.0069 -0.0462 0.1768
Cyclist -1 -1 1.8698 309.5447 175.3004 447.4196 285.2136 1.6708 1.9379 0.7157 -3.5695 1.5934 11.1027 1.5686 0.1588
Car -1 -1 0.0521 46.6285 188.0725 110.5669 233.8315 1.5186 3.6523 1.6786 -19.3759 1.8211 26.1053 -0.5790 0.2832
Car -1 -1 -0.8593 1142.0616 188.1729 1224.0000 370.0000 1.5006 1.5691 3.8824 7.4324 1.5825 6.5380 -0.0324 0.2119
