Pedestrian -1 -1 -1.3663 727.0765 172.3542 736.9466 194.1751 1.7513 0.6639 0.6796 9.8436 1.7116 58.3441 -1.2004 0.3041
Pedestrian -1 -1 2.3276 1198.4882 159.3547 1242.0000 250.4242 1.7678 0.7802 0.6352 12.3650 1.5061 14.4273 3.0256 0.2167
Pedestrian -1 -1 -0.4858 811.0671 169.1980 826.5349 199.4285 1.7719 0.6525 0.6480 12.3136 1.5580 42.6745 -0.2072 0.1582
Pedestrian -1 -1 1.5243 236.4747 170.3225 256.1218 197.5867 1.8039 1.1478 0.6096 -24.3692 1.6367 48.2829 1.0589 0.1558
Cyclist -1 -1 2.8084 793.7886 169.5145 812.9840 198.1064 1.8323 2.0246 0.5783 12.6250 1.6186 47.2668 3.0674 0.3357
Cyclist -1 -1 -0.4138 724.3354 174.1295 739.3537 195.6840 1.7140 1.7029 0.5572 9.8257 1.8191 58.3729 -0.2482 0.2949
Cyclist -1 -1 2.6641 806.2762 171.9574 829.5859 202.5381 1.7741 1.8441 0.5361 12.2915 1.7225 42.8143 2.9414 0.2376
Cyclist -1 -1 -3.0670 694.2267 175.8982 702.0702 194.7056 1.7562 1.8578 0.6071 8.3746 2.0503 68.6560 -2.9465 0.2244
Cyclist -1 -1 0.1304 241.4017 171.2647 255.5289 199.4749 1.8633 1.9875 0.5972 -24.4191 1.7587 48.6921 -0.3325 0.2130
Cyclist -1 -1 -0.4682 618.1033 178.8695 635.4812 202.2576 1.6605 1.6553 0.5780 1.1877 2.1062 52.5442 -0.4463 0.2000
Cyclist -1 -1 0.2466 246.6598 175.5972 260.6388 197.4571 1.7397 1.7935 0.5971 -28.9552 1.9664 58.5953 -0.2108 0.1911
Cyclist -1 -1 2.3575 1166.1954 157.0737 1242.0000 251.0821 1.8038 1.8434 0.4997 12.3744 1.5014 14.7836 3.0442 0.1631
Cyclist -1 -1 -0.2902 768.4339 177.8130 788.4689 208.0897 1.7139 1.8183 0.6383 9.7769 2.0099 42.0744 -0.0639 0.1596
Car -1 -1 -1.6096 574.6689 172.8313 626.0059 221.9506 1.5867 1.6299 3.7945 -0.4483 1.5863 25.2458 -1.6279 0.6780
Car -1 -1 3.5287 126.7264 177.3535 194.9804 211.9347 1.5603 3.4940 1.5918 -21.6713 1.7898 34.8903 2.9761 0.4122
Car -1 -1 2.5843 699.4414 180.6507 771.9188 214.5941 1.4979 3.8460 1.6559 5.9663 1.8980 34.8933 2.7517 0.3712
Car -1 -1 -0.0854 708.1134 177.6043 730.2809 195.2194 1.5196 4.0053 1.6414 9.8463 1.9640 65.3980 0.0630 0.1985
Car -1 -1 -0.4600 632.8087 180.2218 680.2015 203.8977 1.5107 3.8774 1.6884 3.1109 2.0378 49.4666 -0.3980 0.1602
